[[0,0,0,0,0,0,0,0,0,0,0,0,0,0,0,0,0,0,0,0,0,0,0,0,0,0,0,0,0,0,0,0,0,0,0,0,0,0,0,0,0,0,0,0,0,0,0,0,0,0,0,0,0,0,0,0,0,0,0,0,0,0,0,0,0,0,0,0,0,0,0,0,0,0,0,0,0,0,0,0,0,0,0,0,0,0,0,0,0,0,0,0,0,0,0,0,0,0,0,0,0,0,0,0,0,0,0,0,0,0,0,0,0,0,0,0,0,0,0,0,0,0,0,0,0,0,0,0,0,0,0,0,0,0,0,0,0,0,0,0,0,0,0,0,0,0,0,0,0,0,0,0,0,0,0,0,0,0,0,0,0,0,0,0,0,0,0,0,0,0,0,0,0,0,0,0,0,0,0,0,0,0,0,0,0],
[0,0,0,0,0,0,0,0,0,0,0,0,0,0,0,0,0,0,0,0,0,0,0,0,0,0,0,0,0,0,0,0,0,0,0,0,0,0,0,0,0,0,0,0,0,0,0,0,0,0,0,0,0,0,0,0,0,0,0,0,0,0,0,0,0,0,0,0,0,0,0,0,0,0,0,0,0,0,0,0,0,0,0,0,0,0,0,0,0,0,0,0,0,0,0,0,0,0,0,0,0,0,0,0,0,0,0,0,0,0,0,0,0,0,0,0,0,0,0,0,0,0,0,0,0,0,0,0,0,0,0,0,0,0,0,0,0,0,0,0,0,0,0,0,0,0,0,0,0,0,0,0,0,0,0,0,0,0,0,0,0,0,0,0,0,0,0,0,0,0,0,0,0,0,0,0,0,0,0,0,0,0,0,0,0],
[0,0,0,0,0,0,0,0,0,0,0,0,0,0,0,0,0,0,0,0,0,0,0,0,0,0,0,0,0,0,0,0,0,0,0,0,0,0,0,0,0,0,0,0,0,0,0,0,0,0,0,0,0,0,0,0,0,0,0,0,0,0,0,0,0,0,0,0,0,0,0,0,0,0,0,0,0,0,0,0,0,0,0,0,0,0,0,0,0,0,0,0,0,0,0,0,0,0,0,0,0,0,0,0,0,0,0,0,0,0,0,0,0,0,0,0,0,0,0,0,0,0,0,0,0,0,0,0,0,0,0,0,0,0,0,0,0,0,0,0,0,0,0,0,0,0,0,0,0,0,0,0,0,0,0,0,0,0,0,0,0,0,0,0,0,0,0,0,0,0,0,0,0,0,0,0,0,0,0,0,0,0,0,0,0],
[0,0,0,0,0,0,0,0,0,0,0,0,0,0,0,0,0,0,0,0,0,0,0,0,0,0,0,0,0,0,0,0,0,0,0,0,0,0,0,0,0,0,0,0,0,0,0,0,0,0,0,0,0,0,0,0,0,0,0,0,0,0,0,0,0,0,0,0,0,0,0,0,0,0,0,0,0,0,0,0,0,0,0,0,0,0,0,0,0,0,0,0,0,0,0,0,0,0,0,0,0,0,0,0,0,0,0,0,0,0,0,0,0,0,0,0,0,0,0,0,0,0,0,0,0,0,0,0,0,0,0,0,0,0,0,0,0,0,0,0,0,0,0,0,0,0,0,0,0,0,0,0,0,0,0,0,0,0,0,0,0,0,0,0,0,0,0,0,0,0,0,0,0,0,0,0,0,0,0,0,0,0,0,0,0],
[0,0,0,0,0,0,0,0,0,0,0,0,0,0,0,0,0,0,0,0,0,0,0,0,0,0,0,0,0,0,0,0,0,0,0,0,0,0,0,0,0,0,0,0,0,0,0,0,0,0,0,0,0,0,0,0,0,0,0,0,0,0,0,0,0,0,0,0,0,0,0,0,0,0,0,0,0,0,0,0,0,0,0,0,0,0,0,0,0,0,0,0,0,0,0,0,0,0,0,0,0,0,0,0,0,0,0,0,0,0,0,0,0,0,0,0,0,0,0,0,0,0,0,0,0,0,0,0,0,0,0,0,0,0,0,0,0,0,0,0,0,0,0,0,0,0,0,0,0,0,0,0,0,0,0,0,0,0,0,0,0,0,0,0,0,0,0,0,0,0,0,0,0,0,0,0,0,0,0,0,0,0,0,0,0],
[0,0,0,0,0,0,0,0,0,0,0,0,0,0,0,0,0,0,0,0,0,0,0,0,0,0,0,0,0,0,0,0,0,0,0,0,0,0,0,0,0,0,0,0,0,0,0,0,0,0,0,0,0,0,0,0,0,0,0,0,0,0,0,0,0,0,0,0,0,0,0,0,0,0,0,0,0,0,0,0,0,0,0,0,0,0,0,0,0,0,0,0,0,0,0,0,0,0,0,0,0,0,0,0,0,0,0,0,0,0,0,0,0,0,0,0,0,0,0,0,0,0,0,0,0,0,0,0,0,0,0,0,0,0,0,0,0,0,0,0,0,0,0,0,0,0,0,0,0,0,0,0,0,0,0,0,0,0,0,0,0,0,0,0,0,0,0,0,0,0,0,0,0,0,0,0,0,0,0,0,0,0,0,0,0],
[0,0,0,0,0,0,0,0,0,0,0,0,0,0,0,0,0,0,0,0,0,0,0,0,0,0,0,0,0,0,0,0,0,0,0,0,0,0,0,0,0,0,0,0,0,0,0,0,0,0,0,0,0,0,0,0,0,0,0,0,0,0,0,0,0,0,0,0,0,0,0,0,0,0,0,0,0,0,0,0,0,0,0,0,0,0,0,0,0,0,0,0,0,0,0,0,0,0,0,0,0,0,0,0,0,0,0,0,0,0,0,0,0,0,0,0,0,0,0,0,0,0,0,0,0,0,0,0,0,0,0,0,0,0,0,0,0,0,0,0,0,0,0,0,0,0,0,0,0,0,0,0,0,0,0,0,0,0,0,0,0,0,0,0,0,0,0,0,0,0,0,0,0,0,0,0,0,0,0,0,0,0,0,0,0],
[0,0,0,0,0,0,0,0,0,0,0,0,0,0,0,0,0,0,0,0,0,0,0,0,0,0,0,0,0,0,0,0,0,0,0,0,0,0,0,0,0,0,0,0,0,0,0,0,0,0,0,0,0,0,0,0,0,0,0,0,0,0,0,0,0,0,0,0,0,0,0,0,0,0,0,0,0,0,0,0,0,0,0,0,0,0,0,0,0,0,0,0,0,0,0,0,0,0,0,0,0,0,0,0,0,0,0,0,0,0,0,0,0,0,0,0,0,0,0,0,0,0,0,0,0,0,0,0,0,0,0,0,0,0,0,0,0,0,0,0,0,0,0,0,0,0,0,0,0,0,0,0,0,0,0,0,0,0,0,0,0,0,0,0,0,0,0,0,0,0,0,0,0,0,0,0,0,0,0,0,0,0,0,0,0],
[0,0,0,0,0,0,0,0,0,0,0,0,0,0,0,0,0,0,0,0,0,0,0,0,0,0,0,0,0,0,0,0,0,0,0,0,0,0,0,0,0,0,0,0,0,0,0,0,0,0,0,0,0,0,0,0,0,0,0,0,0,0,0,0,0,0,0,0,0,0,0,0,0,0,0,0,0,0,0,0,0,0,0,0,0,0,0,0,0,0,0,0,0,0,0,0,0,0,0,0,0,0,0,0,0,0,0,0,0,0,0,0,0,0,0,0,0,0,0,0,0,0,0,0,0,0,0,0,0,0,0,0,0,0,0,0,0,0,0,0,0,0,0,0,0,0,0,0,0,0,0,0,0,0,0,0,0,0,0,0,0,0,0,0,0,0,0,0,0,0,0,0,0,0,0,0,0,0,0,0,0,0,0,0,0],
[0,0,0,0,0,0,0,0,0,0,0,0,0,0,0,0,0,0,0,0,0,0,0,0,0,0,0,0,0,0,0,0,0,0,0,0,0,0,0,0,0,0,0,0,0,0,0,0,0,0,0,0,0,0,0,0,0,0,0,0,0,0,0,0,0,0,0,0,0,0,0,0,0,0,0,0,0,0,0,0,0,0,0,0,0,0,0,0,0,0,0,0,0,0,0,0,0,0,0,0,0,0,0,0,0,0,0,0,0,0,0,0,0,0,0,0,0,0,0,0,0,0,0,0,0,0,0,0,0,0,0,0,0,0,0,0,0,0,0,0,0,0,0,0,0,0,0,0,0,0,0,0,0,0,0,0,0,0,0,0,0,0,0,0,0,0,0,0,0,0,0,0,0,0,0,0,0,0,0,0,0,0,0,0,0],
[0,0,0,0,0,0,0,0,0,0,0,0,0,0,0,0,0,0,0,0,0,0,0,0,0,0,0,0,0,0,0,0,0,0,0,0,0,0,0,0,0,0,0,0,0,0,0,0,0,0,0,0,0,0,0,0,0,0,0,0,0,0,0,0,0,0,0,0,0,0,0,0,0,0,0,0,0,0,0,0,0,0,0,0,0,0,0,0,0,0,0,0,0,0,0,0,0,0,0,0,0,0,0,0,0,0,0,0,0,0,0,0,0,0,0,0,0,0,0,0,0,0,0,0,0,0,0,0,0,0,0,0,0,0,0,0,0,0,0,0,0,0,0,0,0,0,0,0,0,0,0,0,0,0,0,0,0,0,0,0,0,0,0,0,0,0,0,0,0,0,0,0,0,0,0,0,0,0,0,0,0,0,0,0,0],
[0,0,0,0,0,0,0,0,0,0,0,0,0,0,0,0,0,0,0,0,0,0,0,0,0,0,0,0,0,0,0,0,0,0,0,0,0,0,0,0,0,0,0,0,0,0,0,0,0,0,0,0,0,0,0,0,0,0,0,0,0,0,0,0,0,0,0,0,0,0,0,0,0,0,0,0,0,0,0,0,0,0,0,0,0,0,0,0,0,0,0,0,0,0,0,0,0,0,0,0,0,0,0,0,0,0,0,0,0,0,0,0,0,0,0,0,0,0,0,0,0,0,0,0,0,0,0,0,0,0,0,0,0,0,0,0,0,0,0,0,0,0,0,0,0,0,0,0,0,0,0,0,0,0,0,0,0,0,0,0,0,0,0,0,0,0,0,0,0,0,0,0,0,0,0,0,0,0,0,0,0,0,0,0,0],
[0,0,0,0,0,0,0,0,0,0,0,0,0,0,0,0,0,0,0,0,0,0,0,0,0,0,0,0,0,0,0,0,0,0,0,0,0,0,0,0,0,0,0,0,0,0,0,0,0,0,0,0,0,0,0,0,0,0,0,0,0,0,0,0,0,0,0,0,0,0,0,0,0,0,0,0,0,0,0,0,0,0,0,0,0,0,0,0,0,0,0,0,0,0,0,0,0,0,0,0,0,0,0,0,0,0,0,0,0,0,0,0,0,0,0,0,0,0,0,0,0,0,0,0,0,0,0,0,0,0,0,0,0,0,0,0,0,0,0,0,0,0,0,0,0,0,0,0,0,0,0,0,0,0,0,0,0,0,0,0,0,0,0,0,0,0,0,0,0,0,0,0,0,0,0,0,0,0,0,0,0,0,0,0,0],
[0,0,0,0,0,0,0,0,0,0,0,0,0,0,0,0,0,0,0,0,0,0,0,0,0,0,0,0,0,0,0,0,0,0,0,0,0,0,0,0,0,0,0,0,0,0,0,0,0,0,0,0,0,0,0,0,0,0,0,0,0,0,0,0,0,0,0,0,0,0,0,0,0,0,0,0,0,0,0,0,0,0,0,0,0,0,0,0,0,0,0,0,0,0,0,0,0,0,0,0,0,0,0,0,0,0,0,0,0,0,0,0,0,0,0,0,0,0,0,0,0,0,0,0,0,0,0,0,0,0,0,0,0,0,0,0,0,0,0,0,0,0,0,0,0,0,0,0,0,0,0,0,0,0,0,0,0,0,0,0,0,0,0,0,0,0,0,0,0,0,0,0,0,0,0,0,0,0,0,0,0,0,0,0,0],
[0,0,0,0,0,0,0,0,0,0,0,0,0,0,0,0,0,0,0,0,0,0,0,0,0,0,0,0,0,0,0,0,0,0,0,0,0,0,0,0,0,0,0,0,0,0,0,0,0,0,0,0,0,0,0,0,0,0,0,0,0,0,0,0,0,0,0,0,0,0,0,0,0,0,0,0,0,0,0,0,0,0,0,0,0,0,0,0,0,0,0,0,0,0,0,0,0,0,0,0,0,0,0,0,0,0,0,0,0,0,0,0,0,0,0,0,0,0,0,0,0,0,0,0,0,0,0,0,0,0,0,0,0,0,0,0,0,0,0,0,0,0,0,0,0,0,0,0,0,0,0,0,0,0,0,0,0,0,0,0,0,0,0,0,0,0,0,0,0,0,0,0,0,0,0,0,0,0,0,0,0,0,0,0,0],
[0,0,0,0,0,0,0,0,0,0,0,0,0,0,0,0,0,0,0,0,0,0,0,0,0,0,0,0,0,0,0,0,0,0,0,0,0,0,0,0,0,0,0,0,0,0,0,0,0,0,0,0,0,0,0,0,0,0,0,0,0,0,0,0,0,0,0,0,0,0,0,0,0,0,0,0,0,0,0,0,0,0,0,0,0,0,0,0,0,0,0,0,0,0,0,0,0,0,0,0,0,0,0,0,0,0,0,0,0,0,0,0,0,0,0,0,0,0,0,0,0,0,0,0,0,0,0,0,0,0,0,0,0,0,0,0,0,0,0,0,0,0,0,0,0,0,0,0,0,0,0,0,0,0,0,0,0,0,0,0,0,0,0,0,0,0,0,0,0,0,0,0,0,0,0,0,0,0,0,0,0,0,0,0,0],
[0,0,0,0,0,0,0,0,0,0,0,0,0,0,0,0,0,0,0,0,0,0,0,0,0,0,0,0,0,0,0,0,0,0,0,0,0,0,0,0,0,0,0,0,0,0,0,0,0,0,0,0,0,0,0,0,0,0,0,0,0,0,0,0,0,0,0,0,0,0,0,0,0,0,0,0,0,0,0,0,0,0,0,0,0,0,0,0,0,0,0,0,0,0,0,0,0,0,0,0,0,0,0,0,0,0,0,0,0,0,0,0,0,0,0,0,0,0,0,0,0,0,0,0,0,0,0,0,0,0,0,0,0,0,0,0,0,0,0,0,0,0,0,0,0,0,0,0,0,0,0,0,0,0,0,0,0,0,0,0,0,0,0,0,0,0,0,0,0,0,0,0,0,0,0,0,0,0,0,0,0,0,0,0,0],
[0,0,0,0,0,0,0,0,0,0,0,0,0,0,0,0,0,0,0,0,0,0,0,0,0,0,0,0,0,0,0,0,0,0,0,0,0,0,0,0,0,0,0,0,0,0,0,0,0,0,0,0,0,0,0,0,0,0,0,0,0,0,0,0,0,0,0,0,0,0,0,0,0,0,0,0,0,0,0,0,0,0,0,0,0,0,0,0,0,0,0,0,0,0,0,0,0,0,0,0,0,0,0,0,0,0,0,0,0,0,0,0,0,0,0,0,0,0,0,0,0,0,0,0,0,0,0,0,0,0,0,0,0,0,0,0,0,0,0,0,0,0,0,0,0,0,0,0,0,0,15.27,15.27,15.27,15.27,0,0,0,0,0,0,0,0,0,0,0,0,0,0,0,0,0,0,0,0,0,0,0,0,0,0,0,0,0,0,0],
[0,0,0,0,0,0,0,0,0,0,0,0,0,0,0,0,0,0,0,0,0,0,0,0,0,0,0,0,0,0,0,0,0,0,0,0,0,0,0,0,0,0,0,0,0,0,0,0,0,0,0,0,0,0,0,0,0,0,0,0,0,0,0,0,0,0,0,0,0,0,0,0,0,0,0,0,0,0,0,0,0,0,0,0,0,0,0,0,0,0,0,0,0,0,0,0,0,0,0,0,0,0,0,0,0,0,0,0,0,0,0,0,0,0,0,0,0,0,0,0,0,0,0,0,0,0,0,0,0,0,0,0,0,0,0,0,0,0,0,0,0,0,0,0,0,0,0,0,15.27,15.27,15.27,15.27,15.27,15.27,15.27,15.27,0,0,0,0,0,0,0,0,0,0,0,0,0,0,0,0,0,0,0,0,0,0,0,0,0,0,0,0,0],
[0,0,0,0,0,0,0,0,0,0,0,0,0,0,0,0,0,0,0,0,0,0,0,0,0,0,0,0,0,0,0,0,0,0,0,0,0,0,0,0,0,0,0,0,0,0,0,0,0,0,0,0,0,0,0,0,0,0,0,0,0,0,0,0,0,0,0,0,0,0,0,0,0,0,0,0,0,0,0,0,0,0,0,0,0,0,0,0,0,0,0,0,0,0,0,0,0,0,0,0,0,0,0,0,0,0,0,0,0,0,0,0,0,0,0,0,0,0,0,0,0,0,0,0,0,0,0,0,0,0,0,0,0,0,0,0,0,0,0,0,0,0,0,0,0,0,0,15.27,15.27,15.27,15.27,15.27,15.27,15.27,15.27,15.27,15.27,15.27,15.27,0,0,0,0,0,0,0,0,0,0,0,0,0,0,0,0,0,0,0,0,0,0,0,0,0,0],
[0,0,0,0,0,0,0,0,0,0,0,0,0,0,0,0,0,0,0,0,0,0,0,0,0,0,0,0,0,0,0,0,0,0,0,0,0,0,0,0,0,0,0,0,0,0,0,0,0,0,0,0,0,0,0,0,0,0,0,0,0,0,0,0,0,0,0,0,0,0,0,0,0,0,0,0,0,0,0,0,0,0,0,0,0,0,0,0,0,0,0,0,0,0,0,0,0,0,0,0,0,0,0,0,0,0,0,0,0,0,0,0,0,0,0,0,0,0,0,0,0,0,0,0,0,0,0,0,0,0,0,0,0,0,0,0,0,0,0,0,0,0,0,0,0,0,15.27,15.27,15.27,15.27,15.27,15.27,15.27,15.27,15.27,15.27,15.27,15.27,15.27,0,0,0,0,0,0,0,0,0,0,0,0,0,0,0,0,0,0,0,0,0,0,0,0,0,0],
[0,0,0,0,0,0,0,0,0,0,0,0,0,0,0,0,0,0,0,0,0,0,0,0,0,0,0,0,0,0,0,0,0,0,0,0,0,0,0,0,0,0,0,0,0,0,0,0,0,0,0,0,0,0,0,0,0,0,0,0,0,0,0,0,0,0,0,0,0,0,0,0,0,0,0,0,0,0,0,0,0,0,0,0,0,0,0,0,0,0,0,0,0,0,0,0,0,0,0,0,0,0,0,0,0,0,0,0,0,0,0,0,0,0,0,0,0,0,0,0,0,0,0,0,0,0,0,0,0,0,0,0,0,0,0,0,0,0,0,0,0,0,0,0,0,15.27,15.27,15.27,15.27,15.27,15.27,15.27,15.27,15.27,15.27,15.27,15.27,15.27,15.27,15.27,0,0,0,0,0,0,0,0,0,0,0,0,0,0,0,0,0,0,0,0,0,0,0,0,0],
[0,0,0,0,0,0,0,0,0,0,0,0,0,0,0,0,0,0,0,0,0,0,0,0,0,0,0,0,0,0,0,0,0,0,0,0,0,0,0,0,0,0,0,0,0,0,0,0,0,0,0,0,0,0,0,0,0,0,0,0,0,0,0,0,0,0,0,0,0,0,0,0,0,0,0,0,0,0,0,0,0,0,0,0,0,0,0,0,0,0,0,0,0,0,0,0,0,0,0,0,0,0,0,0,0,0,0,0,0,0,0,0,0,0,0,0,0,0,0,0,0,0,0,0,0,0,0,0,0,0,0,0,0,0,0,0,0,0,0,0,0,0,0,0,0,15.27,15.27,15.27,15.27,15.27,15.27,15.27,15.27,15.27,15.27,15.27,15.27,15.27,15.27,15.27,0,0,0,0,0,0,0,0,0,0,0,0,0,0,0,0,0,0,0,0,0,0,0,0,0],
[0,0,0,0,0,0,0,0,0,0,0,0,0,0,0,0,0,0,0,0,0,0,0,0,0,0,0,0,0,0,0,0,0,0,0,0,0,0,0,0,0,0,0,0,0,0,0,0,0,0,0,0,0,0,0,0,0,0,0,0,0,0,0,0,0,0,0,0,0,0,0,0,0,0,0,0,0,0,0,0,0,0,0,0,0,0,0,0,0,0,0,0,0,0,0,0,0,0,0,0,0,0,0,0,0,0,0,0,0,0,0,0,0,0,0,0,0,0,0,0,0,0,0,0,0,0,0,0,0,0,0,0,0,0,0,0,0,0,0,0,0,0,0,0,0,15.27,15.27,15.27,15.27,15.27,15.27,15.27,15.27,15.27,15.27,15.27,15.27,15.27,15.27,15.27,0,0,0,0,0,0,0,0,0,0,0,0,0,0,0,0,0,0,0,0,0,0,0,0,0],
[0,0,0,0,0,0,0,0,0,0,0,0,0,0,0,0,0,0,0,0,0,0,0,0,0,0,0,0,0,0,0,0,0,0,0,0,0,0,0,0,0,0,0,0,0,0,0,0,0,0,0,0,0,0,0,0,0,0,0,0,0,0,0,0,0,0,0,0,0,0,0,0,0,0,0,0,0,0,0,0,0,0,0,0,0,0,0,0,0,0,0,0,0,0,0,0,0,0,0,0,0,0,0,0,0,0,0,0,0,0,0,0,0,0,0,0,0,0,0,0,0,0,0,0,0,0,0,0,0,0,0,0,0,0,0,0,0,0,0,0,0,0,0,0,0,15.27,15.27,15.27,15.27,15.27,15.27,15.27,15.27,15.27,15.27,15.27,15.27,15.27,15.27,15.27,0,0,0,0,0,0,0,0,0,0,0,0,0,0,0,0,0,0,0,0,0,0,0,0,0],
[0,0,0,0,0,0,0,0,0,0,0,0,0,0,0,0,0,0,0,0,0,0,0,0,0,0,0,0,0,0,0,0,0,0,0,0,0,0,0,0,0,0,0,10.27,10.27,10.29,10.31,0,0,0,0,0,0,0,0,0,0,0,0,0,0,0,0,0,0,0,0,0,0,0,0,0,0,0,0,0,0,0,0,0,0,0,0,0,0,0,0,0,0,0,0,0,0,0,0,0,0,0,0,0,0,0,0,0,0,0,0,0,0,0,0,0,0,0,0,0,0,0,0,0,0,0,0,0,0,0,0,0,0,0,0,0,0,0,0,0,0,0,0,0,0,0,0,0,0,15.27,15.27,15.27,15.27,15.27,15.27,15.27,15.27,15.27,15.27,15.27,15.27,15.27,15.27,15.27,0,0,0,0,0,0,0,0,0,0,0,0,0,0,0,0,0,0,0,0,0,0,0,0,0],
[0,0,0,0,0,0,0,0,0,0,0,0,0,0,0,0,0,0,0,0,0,0,0,0,0,0,0,0,0,0,0,0,0,0,0,0,0,0,0,0,10.27,10.27,10.27,10.27,10.27,10.29,10.31,10.34,10.36,10.38,0,0,0,0,0,0,0,0,0,0,0,0,0,0,0,0,0,0,0,0,0,0,0,0,0,0,0,0,0,0,0,0,0,0,0,0,0,0,0,0,0,0,0,0,0,0,0,0,0,0,0,0,0,0,0,0,0,0,0,0,0,0,0,0,0,0,0,0,0,0,0,0,0,0,0,0,0,0,0,0,0,0,0,0,0,0,0,0,0,0,0,0,0,0,0,0,15.27,15.27,15.27,15.27,15.27,15.27,15.27,15.27,15.27,15.27,15.27,15.27,15.27,15.27,0,0,0,0,0,0,0,0,0,0,0,0,0,0,0,0,0,0,0,0,0,0,0,0,0],
[0,0,0,0,0,0,0,0,0,0,0,0,0,0,0,0,0,0,0,0,0,0,0,0,0,0,0,0,0,0,0,0,0,0,0,0,0,0,10.27,10.27,10.27,10.27,10.27,10.28,10.28,10.28,10.29,10.32,10.35,10.38,10.41,10.43,10.43,0,0,0,0,0,0,0,0,0,0,0,0,0,0,0,0,0,0,0,0,0,0,0,0,0,0,0,0,0,0,0,0,0,0,0,0,0,0,0,0,0,0,0,0,0,0,0,0,0,0,0,0,0,0,0,0,0,0,0,0,0,0,0,0,0,0,0,0,0,0,0,0,0,0,0,0,0,0,0,0,0,0,0,0,0,0,0,0,0,0,0,0,0,15.27,15.27,15.27,15.27,15.27,15.27,15.27,15.27,15.27,15.27,15.27,15.27,15.27,0,0,0,0,0,0,0,0,0,0,0,0,0,0,0,0,0,0,0,0,0,0,0,0,0,0],
[0,0,0,0,0,0,0,0,0,0,0,0,0,0,0,0,0,0,0,0,0,0,0,0,0,0,0,0,0,0,0,0,0,0,0,0,10.27,10.27,10.27,10.27,10.28,10.28,10.28,10.29,10.29,10.29,10.29,10.30,10.32,10.35,10.38,10.41,10.42,0,0,0,0,0,0,0,0,0,0,0,0,0,0,0,0,0,0,0,0,0,0,0,0,0,0,0,0,0,0,0,0,0,0,0,0,0,0,0,0,0,0,0,0,0,0,0,0,0,0,0,0,0,0,0,0,0,0,0,0,0,0,0,0,0,0,0,0,0,0,0,0,0,0,0,0,0,0,0,0,0,0,0,0,0,0,0,0,0,0,0,0,0,0,15.27,15.27,15.27,15.27,15.27,15.27,15.27,15.27,15.27,15.27,15.27,15.27,0,0,0,0,0,0,0,0,0,0,0,0,0,0,0,0,0,0,0,0,0,0,0,0,0,0],
[0,0,0,0,0,0,0,0,0,0,0,0,0,0,0,0,0,0,0,0,0,0,0,0,0,0,0,0,0,0,0,0,0,0,10.27,10.27,10.27,10.27,10.28,10.28,10.28,10.29,10.29,10.29,10.30,10.30,10.30,10.30,10.31,10.33,10.36,10.39,10.41,0,0,0,0,0,0,0,0,0,0,0,0,0,0,0,0,0,0,0,0,0,0,0,0,0,0,0,0,0,0,0,0,0,0,0,0,0,0,0,0,0,0,0,0,0,0,0,0,0,0,0,0,0,0,0,0,0,0,0,0,0,0,0,0,0,0,0,0,0,0,0,0,0,0,0,0,0,0,0,0,0,0,0,0,0,0,0,0,0,0,0,0,0,0,0,15.27,15.27,15.27,15.27,15.27,15.27,15.27,15.27,15.27,15.27,0,0,0,0,0,0,0,0,0,0,0,0,0,0,0,0,0,0,0,0,0,0,0,0,0,0,0],
[0,0,0,0,0,0,0,0,0,0,0,0,0,0,0,0,0,0,0,0,0,0,0,0,0,0,0,0,0,0,0,0,10.27,10.27,10.27,10.27,10.28,10.28,10.28,10.29,10.29,10.30,10.30,10.30,10.31,10.31,10.31,10.31,10.31,10.32,10.33,10.36,10.39,10.39,0,0,0,0,0,0,0,0,0,0,0,0,0,0,0,0,0,0,0,0,0,0,0,0,0,0,0,0,0,0,0,0,0,0,0,0,0,0,0,0,0,0,0,0,0,0,0,0,0,0,0,0,0,0,0,0,0,0,0,0,0,0,0,0,0,0,0,0,0,0,0,0,0,0,0,0,0,0,0,0,0,0,0,0,0,0,0,0,0,0,0,0,0,0,0,15.19,15.30,15.28,15.27,15.27,15.27,15.27,0,0,0,0,0,0,0,0,0,0,0,0,0,0,0,0,0,0,0,0,0,0,0,0,0,0,0,0,0],
[0,0,0,0,0,0,0,0,0,0,0,0,0,0,0,0,0,0,0,0,0,0,0,0,0,0,0,0,0,0,0,10.27,10.27,10.27,10.27,10.27,10.28,10.29,10.29,10.30,10.30,10.30,10.31,10.31,10.31,10.32,10.32,10.32,10.32,10.33,10.33,10.34,10.37,10.38,0,0,0,0,0,0,0,0,0,0,0,0,0,0,0,0,0,0,0,0,0,0,0,0,0,0,0,0,0,0,0,0,0,0,0,0,0,0,0,0,0,0,0,0,0,0,0,0,0,0,0,0,0,0,0,0,0,0,0,0,0,0,0,0,0,0,0,0,0,0,0,0,0,0,0,0,0,0,0,0,0,0,0,0,0,0,0,0,0,0,0,0,0,0,0,15.08,15.18,15.30,15.28,15.23,15.19,0,0,0,0,0,0,0,0,0,0,0,0,0,0,0,0,0,0,0,0,0,0,0,0,0,0,0,0,0,0],
[0,0,0,0,0,0,0,0,0,0,0,0,0,0,0,0,0,0,0,0,0,0,0,0,0,0,0,0,0,0,0,10.27,10.27,10.27,10.27,10.27,10.28,10.30,10.30,10.30,10.31,10.31,10.32,10.32,10.32,10.33,10.33,10.33,10.33,10.33,10.34,10.34,10.34,10.37,0,0,0,0,0,0,0,0,0,0,0,0,0,0,0,0,0,0,0,0,0,0,0,0,0,0,0,0,0,0,0,0,0,0,0,0,0,0,0,0,0,0,0,0,0,0,0,0,0,0,0,0,0,0,0,0,0,0,0,0,0,0,0,0,0,0,0,0,0,0,0,0,0,0,0,0,0,0,0,0,0,0,0,0,0,0,0,0,0,0,0,0,0,0,0,14.96,15.04,15.10,15.14,15.08,15.04,0,0,0,0,0,0,0,0,0,0,0,0,0,0,0,0,0,0,0,0,0,0,0,0,0,0,0,0,0,0],
[0,0,0,0,0,0,0,0,0,0,0,0,0,0,0,0,0,0,0,0,0,0,0,0,0,0,0,0,0,0,10.27,10.27,10.27,10.27,10.27,10.27,10.28,10.30,10.31,10.31,10.32,10.32,10.32,10.33,10.33,10.34,10.34,10.34,10.34,10.34,10.34,10.35,10.35,10.35,10.34,0,0,0,0,0,0,0,0,0,0,0,0,0,0,0,0,0,0,0,0,0,0,0,0,0,0,0,0,0,0,0,0,0,0,0,0,0,0,0,0,0,0,0,0,0,0,0,0,0,0,0,0,0,0,0,0,0,0,0,0,0,0,0,0,0,0,0,0,0,0,0,0,0,0,0,0,0,0,0,0,0,0,0,0,0,0,0,0,0,0,0,0,0,0,14.62,14.73,14.83,14.93,14.93,14.88,0,0,0,0,0,0,0,0,0,0,0,0,0,0,0,0,0,0,0,0,0,0,0,0,0,0,0,0,0,0],
[0,0,0,0,0,0,0,0,0,0,0,0,0,0,0,0,0,0,0,0,0,0,0,0,0,0,0,0,0,0,10.27,10.27,10.27,10.27,10.27,10.27,10.28,10.30,10.31,10.32,10.33,10.33,10.33,10.34,10.34,10.34,10.35,10.35,10.35,10.35,10.35,10.35,10.36,10.35,10.33,10.31,0,0,0,0,0,0,0,0,0,0,0,0,0,0,0,0,0,0,0,0,0,0,0,0,0,0,0,0,0,0,0,0,0,0,0,0,0,0,0,0,0,0,0,0,0,0,0,0,0,0,0,0,0,0,0,0,0,0,0,0,0,0,0,0,0,0,0,0,0,0,0,0,0,0,0,0,0,0,0,0,0,0,0,0,0,0,0,0,0,0,0,0,0,14.21,14.34,14.45,14.52,14.51,14.51,0,0,0,0,0,0,0,0,0,0,0,0,0,0,0,0,0,0,0,0,0,0,0,0,0,0,0,0,0,0],
[0,0,0,0,0,0,0,0,0,0,0,0,0,0,0,0,0,0,0,0,0,0,0,0,0,0,0,0,0,10.27,10.27,10.27,10.27,10.27,10.27,10.27,10.28,10.30,10.31,10.32,10.33,10.34,10.34,10.34,10.35,10.35,10.35,10.36,10.36,10.36,10.36,10.36,10.36,10.35,10.32,10.30,10.28,0,0,0,0,0,0,0,0,0,0,0,0,0,0,0,0,0,0,0,0,0,0,0,0,0,0,0,0,0,0,0,0,0,0,0,0,0,0,0,0,0,0,0,0,0,0,0,0,0,0,0,0,0,0,0,0,0,0,0,0,0,0,0,0,0,0,0,0,0,0,0,0,0,0,0,0,0,0,0,0,0,0,0,0,0,0,0,0,0,0,0,0,13.80,13.93,14.07,14.10,14.09,14.08,0,0,0,0,0,0,0,0,0,0,0,0,0,0,0,0,0,0,0,0,0,0,0,0,0,0,0,0,0,0],
[0,0,0,0,0,0,0,0,0,0,0,0,0,0,0,0,0,0,0,0,0,0,0,0,0,0,0,0,0,10.27,10.27,10.27,10.27,10.27,10.27,10.27,10.28,10.30,10.31,10.32,10.34,10.35,10.35,10.35,10.36,10.36,10.36,10.36,10.37,10.37,10.37,10.37,10.37,10.34,10.32,10.29,10.27,10.25,0,0,0,0,0,0,0,0,0,0,0,0,0,0,0,0,0,0,0,0,0,0,0,0,0,0,0,0,0,0,0,0,0,0,0,0,0,0,0,0,0,0,0,0,0,0,0,0,0,0,0,0,0,0,0,0,0,0,0,0,0,0,0,0,0,0,0,0,0,0,0,0,0,0,0,0,0,0,0,12.20,12.18,12.15,12.12,12.11,12.14,0,0,0,0,0,0,13.39,13.52,13.68,13.69,13.67,13.66,0,0,0,0,0,0,0,0,0,0,0,0,0,0,0,0,0,0,0,0,0,0,0,0,0,0,0,0,0,0],
[0,0,0,0,0,0,0,0,0,0,0,0,0,0,0,0,0,0,0,0,0,0,0,0,0,0,0,0,0,10.27,10.27,10.27,10.27,10.27,10.27,10.27,10.28,10.30,10.31,10.32,10.34,10.35,10.36,10.36,10.36,10.37,10.37,10.37,10.38,10.38,10.38,10.38,10.36,10.34,10.31,10.29,10.27,10.24,10.22,0,0,0,0,0,0,0,0,0,0,0,0,0,0,0,0,0,0,0,0,0,0,0,0,0,0,0,0,0,0,0,0,0,0,0,0,0,0,0,0,0,0,0,0,0,0,0,0,0,0,0,0,0,0,0,0,0,0,0,0,0,0,0,0,0,0,0,0,0,0,0,0,0,0,0,0,0,0,12.24,12.21,12.19,12.17,12.17,12.17,12.19,12.22,0,0,0,0,13.01,13.15,13.22,13.24,13.20,13.27,0,0,0,0,0,0,0,0,0,0,0,0,0,0,0,0,0,0,0,0,0,0,0,0,0,0,0,0,0,0],
[0,0,0,0,0,0,0,0,0,0,0,0,0,0,0,0,0,0,0,0,0,0,0,0,0,0,0,0,10.27,10.27,10.27,10.27,10.27,10.27,10.27,10.27,10.28,10.30,10.31,10.32,10.34,10.35,10.36,10.37,10.37,10.38,10.38,10.38,10.38,10.39,10.39,10.38,10.36,10.33,10.31,10.28,10.26,10.24,10.21,10.19,0,0,0,0,0,0,0,0,0,0,0,0,0,0,0,0,0,0,0,0,0,0,0,0,0,0,0,0,0,0,0,0,0,0,0,0,0,0,0,0,0,0,0,0,0,0,0,0,0,0,0,0,0,0,0,0,0,0,0,0,0,0,0,0,0,0,0,0,0,0,0,0,0,0,0,0,12.31,12.28,12.26,12.23,12.24,12.24,12.24,12.25,12.25,12.26,12.25,0,0,12.64,12.74,12.72,12.92,12.93,12.89,0,0,0,0,0,0,0,0,0,0,0,0,0,0,0,0,0,0,0,0,0,0,0,0,0,0,0,0,0,0],
[0,0,0,0,0,0,0,0,0,0,0,0,0,0,0,0,0,0,0,0,0,0,0,0,0,0,0,10.28,10.28,10.27,10.27,10.27,10.27,10.27,10.27,10.27,10.28,10.30,10.31,10.32,10.34,10.35,10.36,10.38,10.38,10.38,10.39,10.39,10.39,10.39,10.40,10.37,10.35,10.33,10.30,10.28,10.25,10.23,10.21,10.19,10.18,10.18,0,0,0,0,0,0,0,0,0,0,0,0,0,0,0,0,0,0,0,0,0,0,0,0,0,0,0,0,0,0,0,0,0,0,0,0,0,0,0,0,0,0,0,0,0,0,0,0,0,0,0,0,0,0,0,0,0,0,0,0,0,0,0,0,0,0,0,0,0,0,0,0,0,0,12.35,12.33,12.30,12.30,12.30,12.31,12.31,12.32,12.30,12.27,12.24,12.21,12.17,12.24,12.41,12.59,12.59,12.55,12.51,0,0,0,0,0,0,0,0,0,0,0,0,0,0,0,0,0,0,0,0,0,0,0,0,0,0,0,0,0,0],
[0,0,0,0,0,0,0,0,0,0,0,0,0,0,0,0,0,0,0,0,0,0,0,0,0,0,0,10.29,10.28,10.27,10.27,10.27,10.27,10.27,10.27,10.27,10.28,10.30,10.31,10.32,10.34,10.35,10.36,10.38,10.39,10.39,10.40,10.40,10.40,10.40,10.39,10.37,10.34,10.32,10.30,10.27,10.25,10.23,10.22,10.20,10.19,10.18,10.18,0,0,0,0,0,0,0,0,0,0,0,0,0,0,0,0,0,0,0,0,0,0,0,0,0,0,0,0,0,0,0,0,0,0,0,0,0,0,0,0,0,0,0,0,0,0,0,0,0,0,0,0,0,0,0,0,0,0,0,0,0,0,0,0,0,0,0,0,0,0,0,0,12.42,12.39,12.37,12.36,12.37,12.37,12.38,12.36,12.33,12.30,12.27,12.24,12.22,12.20,12.19,12.21,12.24,12.25,12.23,12.17,12.10,12.10,0,0,0,0,0,0,0,0,0,0,0,0,0,0,0,0,0,0,0,0,0,0,0,0,0,0,0,0],
[0,0,0,0,0,0,0,0,0,0,0,0,0,0,0,0,0,0,0,0,0,0,0,0,0,0,10.30,10.30,10.29,10.28,10.27,10.27,10.27,10.27,10.27,10.27,10.28,10.30,10.31,10.32,10.34,10.35,10.36,10.38,10.39,10.40,10.40,10.41,10.41,10.41,10.39,10.36,10.34,10.31,10.29,10.28,10.26,10.25,10.23,10.21,10.20,10.20,10.19,10.18,10.18,0,0,0,0,0,0,0,0,0,0,0,0,0,0,0,0,0,0,0,0,0,0,0,0,0,0,0,0,0,0,0,0,0,0,0,0,0,0,0,0,0,0,0,0,0,0,0,0,0,0,0,0,0,0,0,0,0,0,0,0,0,0,0,0,0,0,0,0,0,0,12.46,12.44,12.43,12.43,12.44,12.42,12.39,12.36,12.33,12.31,12.30,12.28,12.27,12.25,12.23,12.21,12.19,12.17,12.15,12.14,12.11,12.10,12.10,12.10,12.10,12.10,0,0,0,0,0,0,0,0,0,0,0,0,0,0,0,0,0,0,0,0,0,0,0,0],
[0,0,0,0,0,0,0,0,0,0,0,0,0,0,0,0,0,0,0,0,0,0,0,0,0,10.32,10.31,10.30,10.29,10.28,10.27,10.27,10.27,10.27,10.27,10.27,10.28,10.30,10.31,10.32,10.34,10.35,10.36,10.38,10.39,10.40,10.41,10.42,10.42,10.41,10.38,10.36,10.34,10.32,10.31,10.29,10.27,10.26,10.24,10.23,10.21,10.21,10.20,10.19,10.18,10.18,0,0,0,0,0,0,0,0,0,0,0,0,0,0,0,0,0,0,0,0,0,0,0,0,0,0,0,0,0,0,0,0,0,0,0,0,0,0,0,0,0,0,0,0,0,0,0,0,0,0,0,0,0,0,0,0,0,0,0,0,0,0,0,0,0,0,0,0,12.53,12.50,12.49,12.50,12.48,12.45,12.43,12.41,12.39,12.37,12.36,12.34,12.33,12.31,12.29,12.28,12.25,12.22,12.21,12.19,12.17,12.14,12.12,12.11,12.11,12.10,12.10,12.10,12.10,12.10,0,0,0,0,0,0,0,0,0,0,0,0,0,0,0,0,0,0,0,0,0],
[0,0,0,0,0,0,0,0,0,0,0,0,0,0,0,0,0,0,0,0,0,0,0,0,0,10.32,10.32,10.31,10.30,10.29,10.28,10.27,10.27,10.27,10.27,10.27,10.28,10.30,10.31,10.32,10.34,10.35,10.36,10.38,10.39,10.40,10.42,10.43,10.42,10.40,10.38,10.36,10.35,10.33,10.32,10.30,10.28,10.27,10.25,10.24,10.22,10.22,10.21,10.20,10.19,10.18,10.18,0,0,0,0,0,0,0,0,0,0,0,0,0,0,0,0,0,0,0,0,0,0,0,0,0,0,0,0,0,0,0,0,0,0,0,0,0,0,0,0,0,0,0,0,0,0,0,0,0,0,0,0,0,0,0,0,0,0,0,0,0,0,0,0,0,0,0,12.57,12.56,12.54,12.52,12.50,12.49,12.47,12.45,12.43,12.42,12.40,12.39,12.37,12.36,12.34,12.32,12.28,12.26,12.24,12.22,12.20,12.17,12.15,12.12,12.12,12.12,12.11,12.11,12.11,12.10,12.10,12.10,12.10,12.10,0,0,0,0,0,0,0,0,0,0,0,0,0,0,0,0,0],
[0,0,0,0,0,0,0,0,0,0,0,0,0,0,0,0,0,0,0,0,0,0,0,0,10.34,10.33,10.32,10.31,10.30,10.29,10.28,10.27,10.27,10.27,10.27,10.27,10.28,10.30,10.31,10.32,10.34,10.35,10.36,10.38,10.39,10.40,10.42,10.43,10.42,10.41,10.39,10.38,10.36,10.34,10.33,10.31,10.30,10.28,10.26,10.25,10.24,10.23,10.22,10.21,10.20,10.20,10.19,10.18,0,0,0,0,0,0,0,0,0,0,0,0,0,0,0,0,0,0,0,0,0,0,0,0,0,0,0,0,0,0,0,0,0,0,0,0,0,0,0,0,0,0,0,0,0,0,0,0,0,0,0,0,0,0,0,0,0,0,0,0,0,0,0,0,0,12.53,12.57,12.60,12.58,12.56,12.54,12.53,12.51,12.49,12.48,12.46,12.45,12.43,12.42,12.40,12.38,12.34,12.31,12.29,12.27,12.25,12.22,12.20,12.18,12.15,12.13,12.13,12.13,12.12,12.12,12.11,12.11,12.11,12.10,12.10,0,0,0,0,0,0,0,0,0,0,0,0,0,0,0,0,0],
[0,0,0,0,0,0,0,0,0,0,0,0,0,0,0,0,0,0,0,0,0,0,0,10.35,10.34,10.33,10.33,10.32,10.31,10.30,10.29,10.28,10.27,10.27,10.27,10.27,10.28,10.30,10.31,10.32,10.34,10.35,10.36,10.38,10.39,10.40,10.42,10.43,10.42,10.41,10.39,10.38,10.37,10.36,10.34,10.32,10.31,10.29,10.28,10.26,10.25,10.24,10.23,10.22,10.22,10.22,10.22,10.19,10.18,0,0,0,0,0,0,0,0,0,0,0,0,0,0,0,0,0,0,0,0,0,0,0,0,0,0,0,0,0,0,0,0,0,0,0,0,0,0,0,0,0,0,0,0,0,0,0,0,0,0,0,0,0,0,0,0,0,0,0,0,0,0,0,0,12.43,12.48,12.51,12.55,12.59,12.59,12.57,12.55,12.54,12.52,12.51,12.50,12.48,12.47,12.44,12.41,12.37,12.34,12.32,12.30,12.28,12.25,12.23,12.21,12.18,12.16,12.14,12.14,12.13,12.13,12.13,12.12,12.12,12.11,12.10,12.10,0,0,0,0,0,0,0,0,0,0,0,0,0,0,0,0],
[0,0,0,0,0,0,0,0,0,0,0,0,0,0,0,0,0,0,0,0,0,0,0,10.35,10.35,10.34,10.33,10.32,10.31,10.30,10.29,10.28,10.28,10.27,10.27,10.27,10.28,10.30,10.31,10.32,10.34,10.35,10.36,10.38,10.40,10.42,10.43,10.42,10.41,10.40,10.38,10.37,10.36,10.35,10.34,10.33,10.32,10.30,10.29,10.27,10.26,10.25,10.25,10.25,10.25,10.25,10.26,10.21,10.19,10.18,10.18,0,0,0,0,0,0,0,0,0,0,0,0,0,0,0,0,0,0,0,0,0,0,0,0,0,0,0,0,0,0,0,0,0,0,0,0,0,0,0,0,0,0,0,0,0,0,0,0,0,0,0,0,0,0,0,0,0,0,0,0,0,0,12.33,12.39,12.41,12.45,12.49,12.53,12.58,12.58,12.57,12.55,12.54,12.53,12.51,12.50,12.47,12.43,12.40,12.37,12.35,12.33,12.31,12.28,12.26,12.24,12.21,12.19,12.16,12.15,12.15,12.14,12.14,12.13,12.13,12.12,12.11,12.10,12.10,0,0,0,0,0,0,0,0,0,0,0,0,0,0,0],
[0,0,0,0,0,0,0,0,0,0,0,0,0,0,0,0,0,0,0,0,0,0,0,10.35,10.35,10.34,10.33,10.33,10.32,10.31,10.30,10.29,10.28,10.27,10.27,10.27,10.28,10.30,10.31,10.32,10.34,10.35,10.37,10.40,10.42,10.43,10.42,10.41,10.40,10.39,10.37,10.36,10.35,10.34,10.33,10.32,10.31,10.30,10.29,10.28,10.28,10.28,10.28,10.28,10.28,10.29,10.29,10.24,10.22,10.20,10.18,10.18,0,0,0,0,0,0,0,0,0,0,0,0,0,0,0,0,0,0,0,0,0,0,0,0,0,0,0,0,0,0,0,0,0,0,0,0,0,0,0,0,0,0,0,0,0,0,0,0,0,0,0,0,0,0,0,0,0,0,0,0,12.19,12.28,12.30,12.32,12.35,12.39,12.43,12.47,12.48,12.49,12.50,12.49,12.48,12.48,12.51,12.50,12.46,12.43,12.41,12.39,12.36,12.34,12.31,12.29,12.27,12.24,12.22,12.19,12.17,12.16,12.15,12.15,12.15,12.14,12.13,12.12,12.11,12.10,0,0,0,0,0,0,0,0,0,0,0,0,0,0,0],
[0,0,0,0,0,0,0,0,0,0,0,0,0,0,0,0,0,0,0,0,0,0,0,10.35,10.35,10.34,10.33,10.33,10.32,10.31,10.30,10.29,10.28,10.28,10.27,10.27,10.28,10.30,10.31,10.33,10.35,10.37,10.40,10.42,10.43,10.42,10.41,10.40,10.39,10.38,10.36,10.35,10.34,10.33,10.33,10.33,10.33,10.33,10.33,10.32,10.32,10.32,10.32,10.32,10.32,10.32,10.32,10.27,10.24,10.22,10.20,10.18,10.18,0,0,0,0,0,0,0,0,0,0,0,0,0,0,0,0,0,0,0,0,0,0,0,0,0,0,0,0,0,0,0,0,0,0,0,0,0,0,0,0,0,0,0,0,0,0,0,0,0,0,0,0,0,0,0,0,0,0,0,12.10,12.20,12.22,12.24,12.27,12.29,12.34,12.36,12.37,12.38,12.39,12.40,12.43,12.45,12.48,12.51,12.49,12.46,12.44,12.42,12.39,12.37,12.34,12.32,12.29,12.27,12.25,12.22,12.20,12.17,12.17,12.16,12.16,12.15,12.14,12.12,12.11,12.10,12.10,0,0,0,0,0,0,0,0,0,0,0,0,0,0],
[0,0,0,0,0,0,0,0,0,0,0,0,0,0,0,0,0,0,0,0,0,0,0,10.35,10.35,10.34,10.33,10.33,10.32,10.31,10.30,10.30,10.29,10.28,10.27,10.27,10.28,10.30,10.32,10.35,10.37,10.39,10.42,10.43,10.42,10.41,10.40,10.39,10.39,10.39,10.38,10.38,10.38,10.38,10.38,10.38,10.37,10.37,10.37,10.37,10.37,10.37,10.36,10.36,10.35,10.34,10.34,10.30,10.26,10.24,10.22,10.20,10.19,0,0,0,0,0,0,0,0,0,0,0,0,0,0,0,0,0,0,0,0,0,0,0,0,0,0,0,0,0,0,0,0,0,0,0,0,0,0,0,0,0,0,0,0,0,0,0,0,0,0,0,0,0,0,0,0,0,0,0,12.10,12.18,12.24,12.29,12.31,12.30,12.28,12.30,12.31,12.33,12.36,12.38,12.41,12.43,12.46,12.48,12.51,12.49,12.47,12.44,12.42,12.40,12.37,12.35,12.32,12.30,12.28,12.25,12.23,12.20,12.18,12.17,12.17,12.15,12.14,12.13,12.12,12.11,12.10,0,0,0,0,0,0,0,0,0,0,0,0,0,0],
[0,0,0,0,0,0,0,0,0,0,0,0,0,0,0,0,0,0,0,0,0,0,0,10.35,10.34,10.34,10.33,10.32,10.32,10.31,10.30,10.29,10.29,10.28,10.27,10.27,10.29,10.31,10.33,10.36,10.38,10.40,10.42,10.43,10.42,10.41,10.41,10.40,10.39,10.39,10.38,10.38,10.37,10.36,10.36,10.35,10.34,10.34,10.33,10.32,10.32,10.31,10.31,10.30,10.29,10.29,10.28,10.27,10.27,10.27,10.27,10.27,10.27,10.27,0,0,0,0,0,0,0,0,0,0,0,0,0,0,0,0,0,0,0,0,0,0,0,0,0,0,0,0,0,0,0,0,0,0,0,0,0,0,0,0,0,0,0,0,0,0,0,0,0,0,0,0,0,0,0,0,0,0,12.10,12.16,12.22,12.28,12.35,12.36,12.38,12.39,12.40,12.42,12.43,12.44,12.45,12.47,12.48,12.49,12.51,12.52,12.50,12.47,12.45,12.42,12.40,12.38,12.35,12.33,12.30,12.28,12.26,12.23,12.21,12.19,12.17,12.16,12.15,12.14,12.13,12.12,12.11,12.10,0,0,0,0,0,0,0,0,0,0,0,0,0],
[0,0,0,0,0,0,0,0,0,0,0,0,0,0,0,0,0,0,0,0,0,0,0,10.33,10.33,10.32,10.31,10.31,10.30,10.29,10.29,10.28,10.27,10.27,10.27,10.27,10.27,10.27,10.28,10.30,10.33,10.35,10.37,10.40,10.41,10.40,10.39,10.39,10.38,10.38,10.37,10.36,10.36,10.35,10.34,10.34,10.33,10.33,10.32,10.31,10.31,10.30,10.29,10.29,10.28,10.27,10.27,10.27,10.27,10.27,10.27,10.31,10.30,10.27,0,0,0,0,0,0,0,0,0,0,0,0,0,0,0,0,0,0,0,0,0,0,0,0,0,0,0,0,0,0,0,0,0,0,0,0,0,0,0,0,0,0,0,0,0,0,0,0,0,0,0,0,0,0,0,0,0,12.12,12.12,12.18,12.24,12.31,12.35,12.37,12.38,12.40,12.41,12.42,12.43,12.45,12.46,12.47,12.49,12.50,12.53,12.55,12.53,12.50,12.47,12.45,12.42,12.40,12.37,12.35,12.33,12.30,12.28,12.25,12.23,12.21,12.20,12.19,12.17,12.16,12.15,12.13,12.11,12.10,0,0,0,0,0,0,0,0,0,0,0,0,0],
[0,0,0,0,0,0,0,0,0,0,0,0,0,0,0,0,0,0,0,0,0,0,0,10.31,10.31,10.30,10.29,10.29,10.29,10.28,10.27,10.27,10.27,10.27,10.27,10.27,10.27,10.27,10.27,10.27,10.27,10.30,10.32,10.34,10.37,10.39,10.38,10.37,10.37,10.36,10.36,10.35,10.34,10.34,10.33,10.33,10.32,10.31,10.31,10.30,10.29,10.29,10.28,10.28,10.27,10.27,10.27,10.27,10.27,10.28,10.33,10.39,10.32,10.27,0,0,0,0,0,0,0,0,0,0,0,0,0,0,0,0,0,0,0,0,0,0,0,0,0,0,0,0,0,0,0,0,0,0,0,0,0,0,0,0,0,0,0,0,0,0,0,0,0,0,0,0,0,0,0,0,0,12.13,12.14,12.20,12.27,12.31,12.34,12.37,12.39,12.40,12.42,12.43,12.44,12.45,12.47,12.48,12.50,12.53,12.56,12.58,12.56,12.54,12.51,12.48,12.45,12.43,12.40,12.37,12.35,12.32,12.30,12.27,12.25,12.23,12.22,12.21,12.20,12.18,12.16,12.13,12.11,12.10,0,0,0,0,0,0,0,0,0,0,0,0,0],
[0,0,0,0,0,0,0,0,0,0,0,0,0,0,0,0,0,0,0,0,0,0,0,10.30,10.29,10.29,10.28,10.27,10.27,10.27,10.27,10.27,10.27,10.27,10.27,10.27,10.27,10.27,10.27,10.27,10.27,10.27,10.27,10.29,10.31,10.34,10.36,10.36,10.35,10.35,10.34,10.34,10.33,10.33,10.32,10.31,10.31,10.30,10.29,10.29,10.28,10.28,10.27,10.27,10.27,10.27,10.27,10.27,10.30,10.35,10.41,10.47,10.35,10.27,0,0,0,0,0,0,0,0,0,0,0,0,0,0,0,0,0,0,0,0,0,0,0,0,0,0,0,0,0,0,0,0,0,0,0,0,0,0,0,0,0,0,0,0,0,0,0,0,0,0,0,0,0,0,0,0,0,12.14,12.16,12.22,12.28,12.31,12.34,12.37,12.40,12.41,12.42,12.43,12.45,12.46,12.47,12.50,12.53,12.57,12.60,12.61,12.59,12.57,12.54,12.52,12.49,12.46,12.43,12.40,12.38,12.35,12.32,12.30,12.27,12.25,12.24,12.22,12.20,12.18,12.16,12.14,12.12,12.10,0,0,0,0,0,0,0,0,0,0,0,0,0],
[0,0,0,0,0,0,0,0,0,0,0,0,0,0,0,0,0,0,0,0,0,0,0,10.28,10.28,10.27,10.27,10.27,0,0,10.27,10.27,10.27,10.27,10.27,10.27,10.27,10.27,10.27,10.27,10.27,10.27,10.27,10.27,10.27,10.28,10.31,10.33,10.34,10.33,10.33,10.32,10.32,10.31,10.31,10.30,10.29,10.29,10.28,10.28,10.27,10.27,10.27,10.27,10.27,10.27,10.29,10.32,10.38,10.44,10.49,10.51,10.37,10.27,0,0,0,0,0,0,0,0,0,0,0,0,0,0,0,0,0,0,0,0,0,0,0,0,0,0,0,0,0,0,0,0,0,0,0,0,0,0,0,0,0,0,0,0,0,0,0,0,0,0,0,0,0,0,0,0,0,12.15,12.18,12.25,12.28,12.31,12.34,12.37,12.40,12.42,12.43,12.44,12.45,12.47,12.50,12.54,12.57,12.60,12.64,12.64,12.62,12.60,12.58,12.55,12.52,12.50,12.47,12.44,12.41,12.38,12.36,12.33,12.30,12.27,12.24,12.22,12.20,12.18,12.16,12.14,12.12,12.10,0,0,0,0,0,0,0,0,0,0,0,0,0],
[0,0,0,0,0,0,0,0,0,0,0,0,0,0,0,0,0,0,0,0,0,0,0,10.27,10.27,10.27,10.27,10.27,0,10.27,10.27,10.27,10.27,10.27,10.27,10.27,10.27,10.27,10.27,10.27,10.27,10.27,10.27,10.27,10.27,10.27,10.27,10.28,10.30,10.32,10.31,10.31,10.30,10.30,10.29,10.29,10.28,10.27,10.27,10.27,10.27,10.27,10.27,10.27,10.27,10.31,10.35,10.40,10.46,10.52,10.57,10.54,10.39,10.27,0,0,0,0,0,0,0,0,0,0,0,0,0,0,0,0,0,0,0,0,0,0,0,0,0,0,0,0,0,0,0,0,0,0,0,0,0,0,0,0,0,0,0,0,0,0,0,0,0,0,0,0,0,0,0,0,0,12.16,12.21,12.25,12.28,12.31,12.34,12.37,12.40,12.42,12.44,12.45,12.47,12.51,12.54,12.57,12.61,12.64,12.67,12.67,12.65,12.63,12.61,12.59,12.56,12.53,12.50,12.47,12.45,12.42,12.39,12.36,12.34,12.32,12.28,12.25,12.21,12.18,12.16,12.14,12.12,12.10,0,0,0,0,0,0,0,0,0,0,0,0,0],
[0,0,0,0,0,0,0,0,0,0,0,0,0,0,0,0,0,0,0,0,0,0,0,0,10.27,10.27,10.27,10.27,10.27,10.27,10.27,10.27,10.27,10.27,10.27,10.27,10.27,10.27,10.27,10.27,10.27,10.27,10.27,10.27,10.27,10.27,10.27,10.27,10.27,10.27,10.30,10.29,10.29,10.28,10.28,10.27,10.27,10.27,10.27,0,0,0,0,0,10.32,10.37,10.43,10.48,10.54,10.60,10.66,10.56,10.42,10.27,10.27,0,0,0,0,0,0,0,0,0,0,0,0,0,0,0,0,0,0,0,0,0,0,0,0,0,0,0,0,0,0,0,0,0,0,0,0,0,0,0,0,0,0,0,0,0,0,0,0,0,0,0,0,0,0,0,0,12.17,12.22,12.25,12.28,12.31,12.34,12.37,12.40,12.43,12.44,12.48,12.51,12.54,12.58,12.61,12.64,12.67,12.71,12.71,12.68,12.66,12.64,12.62,12.59,12.57,12.54,12.51,12.48,12.45,12.43,12.40,12.38,12.36,12.32,12.29,12.26,12.22,12.18,12.14,12.12,12.10,12.10,0,0,0,0,0,0,0,0,0,0,0,0],
[0,0,0,0,0,0,0,0,0,0,0,0,0,0,0,0,0,0,0,0,0,0,0,0,0,10.27,10.27,10.27,10.27,10.27,10.27,10.27,10.27,10.27,10.27,10.27,10.27,10.27,10.27,10.27,10.27,10.27,10.27,10.27,10.27,10.27,10.27,10.27,10.27,10.27,10.27,10.27,10.27,10.27,10.27,10.27,0,0,0,0,0,0,0,0,0,10.43,10.49,10.56,10.62,10.68,10.73,10.59,10.44,10.30,10.27,0,0,0,0,0,0,0,0,0,0,0,0,0,0,0,0,0,0,0,0,0,0,0,0,0,0,0,0,0,0,0,0,0,0,0,0,0,0,0,0,0,0,0,0,0,0,0,0,0,0,0,0,0,0,0,12.22,12.20,12.24,12.28,12.31,12.35,12.38,12.42,12.45,12.48,12.50,12.52,12.55,12.58,12.61,12.64,12.68,12.71,12.74,12.74,12.71,12.69,12.67,12.65,12.63,12.60,12.57,12.54,12.52,12.49,12.47,12.45,12.43,12.40,12.37,12.33,12.30,12.26,12.23,12.19,12.15,12.12,12.10,0,0,0,0,0,0,0,0,0,0,0,0],
[0,0,0,0,0,0,0,0,0,0,0,0,0,0,0,0,0,0,0,0,0,0,0,0,0,10.27,10.27,10.27,10.27,10.27,10.27,10.27,10.27,10.27,10.27,10.27,10.27,10.27,10.27,10.27,10.27,10.27,10.27,10.27,10.27,10.27,10.27,10.27,10.27,10.27,10.27,10.27,10.27,0,0,0,0,0,0,0,0,0,0,0,0,10.51,10.55,10.62,10.68,10.74,10.75,10.61,10.47,10.32,10.27,0,0,0,0,0,0,0,0,0,0,0,0,0,0,0,0,0,0,0,0,0,0,0,0,0,0,0,0,0,0,0,0,0,0,0,0,0,0,0,0,0,0,0,0,0,0,0,0,0,0,0,0,0,0,0,12.31,12.32,12.36,12.40,12.43,12.47,12.51,12.54,12.57,12.58,12.60,12.61,12.63,12.64,12.65,12.69,12.72,12.75,12.75,12.74,12.75,12.72,12.70,12.68,12.66,12.64,12.61,12.58,12.56,12.53,12.51,12.49,12.47,12.44,12.41,12.38,12.34,12.31,12.27,12.24,12.20,12.17,12.16,0,0,0,0,0,0,0,0,0,0,0,0],
[0,0,0,0,0,0,0,0,0,0,0,0,0,0,0,0,0,0,0,0,0,0,0,0,0,0,10.27,10.27,10.27,10.27,10.27,10.27,10.27,10.27,10.27,0,0,10.27,10.27,10.27,10.27,10.27,10.27,10.27,10.27,10.27,10.27,10.27,10.27,10.27,10.27,10.27,0,0,0,0,0,0,0,0,0,0,0,0,0,10.58,10.61,10.68,10.74,10.80,10.75,10.63,10.49,10.35,10.27,0,0,0,0,0,0,0,0,0,0,0,0,0,0,0,0,0,0,0,0,0,0,0,0,0,0,0,0,0,0,0,0,0,0,0,0,0,0,0,0,0,0,0,0,0,0,0,0,0,0,0,0,0,0,0,12.40,12.43,12.49,12.52,12.56,12.59,12.63,12.65,12.67,12.68,12.70,12.71,12.73,12.73,12.73,12.74,12.76,12.73,12.69,12.69,12.69,12.70,12.70,12.70,12.69,12.67,12.64,12.62,12.60,12.58,12.55,12.53,12.51,12.49,12.45,12.42,12.38,12.35,12.32,12.28,12.25,12.21,0,0,0,0,0,0,0,0,0,0,0,0,0],
[0,0,0,0,0,0,0,0,0,0,0,0,0,0,0,0,0,0,0,0,0,0,0,0,0,0,10.27,10.27,10.27,10.27,10.27,10.27,10.27,10.27,10.27,10.27,10.27,10.27,10.27,10.27,10.27,10.27,10.27,10.27,10.27,10.27,10.27,10.27,10.27,10.27,10.27,0,0,0,0,0,0,0,0,0,0,0,0,0,0,0,10.69,10.74,10.80,10.86,10.76,10.63,10.51,10.37,10.27,0,0,0,0,0,0,0,0,0,0,0,0,0,0,0,0,0,0,0,0,0,0,0,0,0,0,0,0,0,0,0,0,0,0,0,0,0,0,0,0,0,0,0,0,0,0,0,0,0,0,0,0,0,0,0,12.48,12.55,12.61,12.64,12.68,12.72,12.73,12.75,12.77,12.78,12.80,12.81,12.81,12.80,12.78,12.76,12.72,12.67,12.63,12.63,12.64,12.64,12.65,12.66,12.67,12.68,12.68,12.66,12.64,12.62,12.60,12.58,12.55,12.53,12.49,12.46,12.43,12.39,12.36,12.32,12.27,12.25,0,0,0,0,0,0,0,0,0,0,0,0,0],
[0,0,0,0,0,0,0,0,0,0,0,0,0,0,0,0,0,0,0,0,0,0,0,0,0,0,0,10.27,10.27,10.27,10.27,10.27,10.27,10.27,10.27,10.27,10.27,10.27,10.27,10.27,10.27,10.27,10.27,10.27,10.27,10.27,10.27,10.27,10.27,10.27,0,0,0,0,0,0,0,0,0,0,0,0,0,0,0,0,10.76,10.80,10.86,10.88,10.76,10.64,10.51,10.39,10.27,0,0,0,0,0,0,0,0,0,0,0,0,0,0,0,0,0,0,0,0,0,0,0,0,0,0,0,0,0,0,0,0,0,0,0,0,0,0,0,0,0,0,0,0,0,0,0,0,0,0,0,0,0,0,12.59,12.58,12.66,12.73,12.77,12.80,12.82,12.83,12.85,12.87,12.86,12.84,12.82,12.79,12.77,12.75,12.73,12.70,12.65,12.60,12.61,12.62,12.63,12.65,12.66,12.67,12.68,12.68,12.68,12.68,12.66,12.64,12.62,12.60,12.57,12.54,12.50,12.47,12.43,12.39,12.34,12.30,0,0,0,0,0,0,0,0,0,0,0,0,0,0],
[0,0,0,0,0,0,0,0,0,0,0,0,0,0,0,0,0,0,0,0,0,0,0,0,0,0,0,10.27,10.27,10.27,10.27,10.27,10.27,10.27,10.27,10.27,10.27,10.27,0,0,10.27,10.27,10.27,10.27,10.27,10.27,10.27,10.27,10.27,0,0,0,0,0,0,0,0,0,0,0,0,0,0,0,0,0,0,10.86,10.92,10.89,10.76,10.64,10.52,10.39,10.27,0,0,0,0,0,0,0,0,0,0,0,0,0,0,0,0,0,0,0,0,0,0,0,0,0,0,0,0,0,0,0,0,0,0,0,0,0,0,0,0,0,0,0,0,0,0,0,0,0,0,0,0,0,0,12.68,12.69,12.77,12.86,12.89,12.90,12.90,12.88,12.86,12.85,12.83,12.81,12.79,12.76,12.74,12.72,12.70,12.67,12.63,12.58,12.59,12.61,12.63,12.65,12.66,12.67,12.68,12.68,12.68,12.68,12.68,12.68,12.66,12.64,12.61,12.58,12.55,12.50,12.46,12.41,12.37,12.34,0,0,0,0,0,0,0,0,0,0,0,0,0,0],
[0,0,0,0,0,0,0,0,0,0,0,0,0,0,0,0,0,0,0,0,0,0,0,0,0,0,0,0,10.27,10.27,10.27,10.27,10.27,10.27,10.27,10.27,0,0,0,0,0,0,0,10.27,10.27,10.27,10.27,10.27,10.27,0,0,0,0,0,0,0,0,0,0,0,0,0,0,0,0,0,0,10.94,10.98,10.89,10.77,10.65,10.52,10.39,10.27,0,0,0,0,0,0,0,0,0,0,0,0,0,0,0,0,0,0,0,0,0,0,0,0,0,0,0,0,0,0,0,0,0,0,0,0,0,0,0,0,0,0,0,0,0,0,0,0,0,0,0,0,0,0,12.77,12.81,12.89,12.93,12.91,12.89,12.87,12.85,12.83,12.82,12.80,12.78,12.75,12.73,12.71,12.69,12.67,12.64,12.62,12.57,12.58,12.59,12.61,12.63,12.65,12.67,12.68,12.68,12.68,12.68,12.68,12.68,12.68,12.68,12.66,12.62,12.57,12.53,12.49,12.44,12.40,0,0,0,0,0,0,0,0,0,0,0,0,0,0,0],
[0,0,0,0,0,0,0,0,0,0,0,0,0,0,0,0,0,0,0,0,0,0,0,0,0,0,0,0,0,0,0,0,10.27,10.27,10.27,0,0,0,0,0,0,0,0,10.27,10.27,10.27,10.27,10.27,10.27,0,0,0,0,0,0,0,0,0,0,0,0,0,0,0,0,0,0,0,11.02,10.91,10.78,10.65,10.52,10.39,10.27,0,0,0,0,0,0,0,0,0,0,0,0,0,0,0,0,0,0,0,0,0,0,0,0,0,0,0,0,0,0,0,0,0,0,0,0,0,0,0,0,0,0,0,0,0,0,0,0,0,0,0,0,0,0,12.85,12.86,12.88,12.89,12.89,12.87,12.86,12.83,12.80,12.79,12.76,12.74,12.72,12.70,12.68,12.66,12.63,12.61,12.59,12.55,12.56,12.58,12.60,12.62,12.63,12.65,12.66,12.68,12.68,12.68,12.68,12.68,12.68,12.68,12.68,12.65,12.60,12.56,12.51,12.47,12.44,0,0,0,0,0,0,0,0,0,0,0,0,0,0,0],
[0,0,0,0,0,0,0,0,0,0,0,0,0,0,0,0,0,0,0,0,0,0,0,0,0,0,0,0,0,0,0,0,0,0,0,0,0,0,0,0,0,0,0,10.27,10.27,10.27,10.27,10.27,10.27,0,0,0,0,0,0,0,0,0,0,0,0,0,0,0,0,0,0,0,11.02,10.91,10.78,10.65,10.52,10.39,10.27,0,0,0,0,0,0,0,0,0,0,0,0,0,0,0,0,0,0,0,0,0,0,0,0,0,0,0,0,0,0,0,0,0,0,0,0,0,0,0,0,0,0,0,0,0,0,0,0,0,0,0,0,0,0,12.80,12.77,12.79,12.80,12.80,12.79,12.77,12.76,12.74,12.73,12.71,12.69,12.68,12.66,12.65,12.62,12.60,12.58,12.56,12.53,12.54,12.56,12.57,12.58,12.59,12.59,12.61,12.63,12.66,12.68,12.68,12.68,12.68,12.68,12.68,12.66,12.63,12.58,12.54,12.49,0,0,0,0,0,0,0,0,0,0,0,0,0,0,0,0],
[0,0,0,0,0,0,0,0,0,0,0,0,0,0,0,0,0,0,0,0,0,0,0,0,0,0,0,0,0,0,0,0,0,0,0,0,0,0,0,0,0,0,0,0,10.27,10.27,10.27,10.27,10.27,0,0,0,0,0,0,0,0,0,0,0,0,0,0,0,0,0,0,11.02,11.00,10.90,10.78,10.65,10.52,10.39,10.27,0,0,0,0,0,0,0,0,0,0,0,0,0,0,0,0,0,0,0,0,0,0,0,0,0,0,0,0,0,0,0,0,0,0,0,0,0,0,0,0,0,0,0,0,0,0,0,0,0,0,0,0,0,0,0,12.71,12.70,12.71,12.72,12.71,12.69,12.68,12.66,12.64,12.63,12.61,12.59,12.58,12.56,12.54,12.53,12.51,12.50,12.50,12.54,12.53,12.52,12.52,12.53,12.54,12.56,12.59,12.61,12.63,12.66,12.68,12.68,12.68,12.68,12.66,12.64,12.61,12.57,12.53,0,0,0,0,0,0,0,0,0,0,0,0,0,0,0,0],
[0,0,0,0,0,0,0,0,0,0,0,0,0,0,0,0,0,0,0,0,0,0,0,0,0,0,0,0,0,0,0,0,0,0,0,0,0,0,0,0,0,0,0,0,10.27,10.27,10.27,10.27,10.27,0,0,0,0,0,0,0,0,0,0,0,0,0,0,0,0,0,0,11.02,10.97,10.87,10.77,10.64,10.51,10.39,10.27,0,0,0,0,0,0,0,0,0,0,0,0,0,0,0,0,0,0,0,0,0,0,0,0,0,0,0,0,0,0,0,0,0,0,0,0,0,0,0,0,0,0,0,0,0,0,0,0,0,0,0,0,0,0,0,12.65,12.62,12.62,12.64,12.62,12.61,12.59,12.58,12.56,12.54,12.53,12.51,12.49,12.48,12.47,12.47,12.46,12.46,12.46,12.49,12.58,12.57,12.56,12.55,12.55,12.57,12.58,12.59,12.60,12.61,12.64,12.66,12.68,12.68,12.66,12.64,12.62,12.59,12.57,0,0,0,0,0,0,0,0,0,0,0,0,0,0,0,0],
[0,0,0,0,0,0,0,0,0,0,0,0,0,0,0,0,0,0,0,0,0,0,0,0,0,0,0,0,0,0,0,0,0,0,0,0,0,0,0,0,0,0,0,0,10.27,10.27,10.27,10.27,10.27,0,0,0,0,0,0,0,0,0,0,0,0,0,0,0,0,0,0,11.02,10.94,10.84,10.74,10.64,10.51,10.38,10.27,0,0,0,0,0,0,0,0,0,0,0,0,0,0,0,0,0,0,0,0,0,0,0,0,0,0,0,0,0,0,0,0,0,0,0,0,0,0,0,0,0,0,0,0,0,0,0,0,0,0,0,0,0,0,0,0,12.56,12.53,12.55,12.54,12.52,12.51,12.49,12.48,12.46,12.45,12.44,12.44,12.44,12.43,12.43,12.42,12.42,12.42,12.41,12.50,12.60,12.62,12.61,12.61,12.64,12.65,12.67,12.68,12.69,12.70,12.71,12.71,12.71,12.69,12.67,12.65,12.62,0,0,0,0,0,0,0,0,0,0,0,0,0,0,0,0,0],
[0,0,0,0,0,0,0,0,0,0,0,0,0,0,0,0,0,0,0,0,0,0,0,0,0,0,0,0,0,0,0,0,0,0,0,0,0,0,0,0,0,0,0,0,10.27,10.27,10.27,10.27,10.27,0,0,0,0,0,0,0,0,0,0,0,0,0,0,0,0,0,11.02,11.01,10.91,10.81,10.71,10.61,10.51,10.38,10.27,0,0,0,0,0,0,0,0,0,0,0,0,0,0,0,0,0,0,0,0,0,0,0,0,0,0,0,0,0,0,0,0,0,0,0,0,0,0,0,0,0,0,0,0,0,0,0,0,0,0,0,0,0,0,0,0,12.50,12.47,12.46,12.45,12.44,12.42,12.41,12.42,12.41,12.41,12.40,12.40,12.40,12.39,12.39,12.38,12.38,12.38,12.37,12.43,12.52,12.61,12.66,12.68,12.71,12.73,12.74,12.75,12.77,12.77,12.77,12.76,12.75,12.73,12.71,12.68,0,0,0,0,0,0,0,0,0,0,0,0,0,0,0,0,0,0],
[0,0,0,0,0,0,0,0,0,0,0,0,0,0,0,0,0,0,0,0,0,0,0,0,0,0,0,0,0,0,0,0,0,0,0,0,0,0,0,0,0,0,0,0,10.28,10.28,10.28,10.27,10.27,0,0,0,0,0,0,0,0,0,0,0,0,0,0,0,0,0,11.02,10.98,10.88,10.78,10.68,10.58,10.48,10.38,10.27,0,0,0,0,0,0,0,0,0,0,0,0,0,0,0,0,0,0,0,0,0,0,0,0,0,0,0,0,0,0,0,0,0,0,0,0,0,0,0,0,0,0,0,0,0,0,0,0,0,0,0,0,0,0,0,0,0,12.41,12.39,12.37,12.37,12.38,12.38,12.39,12.38,12.36,12.35,12.35,12.35,12.35,12.35,12.34,12.34,12.34,12.33,12.36,12.45,12.54,12.63,12.71,12.78,12.81,12.82,12.82,12.82,12.82,12.82,12.80,12.79,12.77,12.74,0,0,0,0,0,0,0,0,0,0,0,0,0,0,0,0,0,0,0],
[0,0,0,0,0,0,0,0,0,0,0,0,0,0,0,0,0,0,0,0,0,0,0,0,0,0,0,0,0,0,0,0,0,0,0,0,0,0,0,0,0,0,0,10.30,10.30,10.30,10.30,10.29,10.27,10.27,0,0,0,0,0,0,0,0,0,0,0,0,0,0,0,0,11.02,10.95,10.85,10.75,10.65,10.55,10.45,10.35,10.27,0,0,0,0,0,0,0,0,0,0,0,0,0,0,0,0,0,0,0,0,0,0,0,0,0,0,0,0,0,0,0,0,0,0,0,0,0,0,0,0,0,0,0,0,0,0,0,0,0,0,0,0,0,0,0,0,0,12.36,12.33,12.32,12.34,12.35,12.35,12.36,12.35,12.34,12.32,12.31,12.30,12.30,12.30,12.30,12.30,12.29,12.29,12.29,12.38,12.46,12.54,12.63,12.71,12.79,12.87,12.87,12.87,12.87,12.86,12.85,12.83,12.80,0,0,0,0,0,0,0,0,0,0,0,0,0,0,0,0,0,0,0,0],
[0,0,0,0,0,0,0,0,0,0,0,0,0,0,0,0,0,0,0,0,0,0,0,0,0,0,0,0,0,0,0,0,0,0,0,0,0,0,0,0,0,0,0,10.31,10.31,10.31,10.31,10.31,10.28,10.27,0,0,0,0,0,0,0,0,0,0,0,0,0,0,0,11.02,11.02,10.92,10.82,10.72,10.61,10.51,10.41,10.34,10.27,10.27,0,0,0,0,0,0,0,0,0,0,0,0,0,0,0,0,0,0,0,0,0,0,0,0,0,0,0,0,0,0,0,0,0,0,0,0,0,0,0,0,0,0,0,0,0,0,0,0,0,0,0,0,0,0,0,0,0,12.27,12.25,12.29,12.32,12.33,12.33,12.32,12.31,12.29,12.28,12.26,12.25,12.24,12.24,12.24,12.24,12.24,12.24,12.29,12.37,12.46,12.54,12.62,12.70,12.78,12.87,12.92,12.91,12.90,12.89,12.87,0,0,0,0,0,0,0,0,0,0,0,0,0,0,0,0,0,0,0,0,0],
[0,0,0,0,0,0,0,0,0,0,0,0,0,0,0,0,0,0,0,0,0,0,0,0,0,0,0,0,0,0,0,0,0,0,0,0,0,0,0,0,0,0,0,10.32,10.32,10.33,10.33,10.32,10.29,10.27,0,0,0,0,0,0,0,0,0,0,0,0,0,0,11.02,11.02,10.95,10.86,10.76,10.67,10.57,10.49,10.43,10.36,10.29,10.27,0,0,0,0,0,0,0,0,0,0,0,0,0,0,0,0,0,0,0,0,0,0,0,0,0,0,0,0,0,0,0,0,0,0,0,0,0,0,0,0,0,0,0,0,0,0,0,0,0,0,0,0,0,0,0,0,0,12.21,12.18,12.22,12.26,12.30,12.30,12.29,12.28,12.26,12.25,12.23,12.22,12.20,12.19,12.19,12.19,12.19,12.21,12.24,12.29,12.37,12.45,12.53,12.61,12.68,12.74,12.81,12.88,12.93,12.93,0,0,0,0,0,0,0,0,0,0,0,0,0,0,0,0,0,0,0,0,0,0],
[0,0,0,0,0,0,0,0,0,0,0,0,0,0,0,0,0,0,0,0,0,0,0,0,0,0,0,0,0,0,0,0,0,0,0,0,0,0,0,0,0,0,0,10.34,10.34,10.34,10.34,10.34,10.30,10.27,0,0,0,0,0,0,0,0,0,0,0,0,0,11.02,11.02,10.97,10.87,10.79,10.70,10.64,10.58,10.51,10.44,10.37,10.30,10.27,0,0,0,0,0,0,0,0,0,0,0,0,0,0,0,0,0,0,0,0,0,0,0,0,0,0,0,0,0,0,0,0,0,0,0,0,0,0,0,0,0,0,0,0,0,0,0,0,0,0,0,0,0,0,0,0,0,0,12.12,12.14,12.19,12.23,12.27,12.26,12.25,12.24,12.22,12.21,12.19,12.18,12.16,12.15,12.14,12.14,12.17,12.20,12.23,12.26,12.32,12.39,12.45,12.54,12.64,12.73,12.83,0,0,0,0,0,0,0,0,0,0,0,0,0,0,0,0,0,0,0,0,0,0,0,0],
[0,0,0,0,0,0,0,0,0,0,0,0,0,0,0,0,0,0,0,9.77,9.75,9.73,9.71,9.69,0,0,0,0,0,0,0,0,0,0,0,0,0,0,0,0,0,0,0,10.35,10.35,10.36,10.38,10.37,10.33,10.28,10.27,0,0,0,0,0,0,0,0,0,0,0,11.02,11.02,10.98,10.93,10.87,10.80,10.71,10.65,10.59,10.52,10.45,10.39,10.32,10.27,10.27,0,0,0,0,0,0,0,0,0,0,0,0,0,0,0,0,0,0,0,0,0,0,0,0,0,0,0,0,0,0,0,0,0,0,0,0,0,0,0,0,0,0,0,0,0,0,0,0,0,0,0,0,0,0,0,0,0,12.10,12.12,12.14,12.16,12.18,12.20,12.23,12.25,12.26,12.21,12.15,12.10,12.10,12.10,12.10,12.10,12.12,12.14,12.16,12.18,12.23,12.32,12.42,0,0,0,0,0,0,0,0,0,0,0,0,0,0,0,0,0,0,0,0,0,0,0,0,0,0,0,0],
[0,0,0,0,0,0,0,0,0,0,0,0,0,0,0,0,0,9.81,9.79,9.77,9.75,9.73,9.71,9.69,9.69,9.68,9.68,9.68,0,0,0,0,0,0,0,0,0,0,0,0,0,10.48,10.43,10.49,10.47,10.45,10.47,10.44,10.38,10.32,10.30,0,0,0,0,0,0,0,0,0,0,0,11.02,10.99,10.93,10.99,10.92,10.88,10.80,10.71,10.65,10.59,10.52,10.46,10.40,10.34,10.27,10.27,0,0,0,0,0,0,0,0,0,0,0,0,0,0,0,0,0,0,0,0,0,0,0,0,0,0,0,0,0,0,0,0,0,0,0,0,0,0,0,0,0,0,0,0,0,0,0,0,0,0,0,0,0,0,0,0,0,0,0,0,0,0,0,0,0,0,0,12.12,12.12,12.12,12.12,12.12,0,0,0,0,0,0,0,0,0,0,0,0,0,0,0,0,0,0,0,0,0,0,0,0,0,0,0,0,0,0,0,0,0,0,0],
[0,0,0,0,0,0,0,0,0,0,0,0,0,0,0,0,9.84,9.82,9.80,9.78,9.76,9.75,9.74,9.72,9.73,9.74,9.73,9.75,9.85,0,0,0,0,0,0,0,0,0,0,0,10.55,10.54,10.62,10.60,10.58,10.55,10.52,10.47,10.41,10.35,10.32,0,0,0,0,0,0,0,0,0,0,11.00,11.00,10.94,10.87,10.99,10.96,10.93,10.88,10.81,10.75,10.69,10.63,10.57,10.51,10.45,10.39,10.29,10.26,0,0,0,0,0,0,0,0,0,0,0,0,0,0,0,0,0,0,0,0,0,0,0,0,0,0,0,0,0,0,0,0,0,0,0,0,0,0,0,0,0,0,0,0,0,0,0,0,0,0,0,0,0,0,0,0,0,0,0,0,0,0,0,0,0,0,12.14,12.14,12.14,12.14,12.14,0,0,0,0,0,0,0,0,0,0,0,0,0,0,0,0,0,0,0,0,0,0,0,0,0,0,0,0,0,0,0,0,0,0,0],
[0,0,0,0,0,0,0,0,0,0,0,0,0,0,9.85,9.85,9.85,9.84,9.82,9.81,9.80,9.78,9.77,9.76,9.76,9.78,9.86,9.92,10.00,10.10,0,0,0,0,0,10.99,10.89,10.79,10.67,10.63,10.65,10.64,10.63,10.61,10.60,10.57,10.53,10.48,10.43,10.38,10.35,0,0,0,0,0,0,0,0,0,0,10.95,10.94,10.88,10.89,10.98,10.95,10.92,10.89,10.86,10.83,10.80,10.74,10.68,10.61,10.55,10.49,10.43,10.32,10.24,10.23,0,0,0,0,0,0,0,0,0,0,0,0,0,0,0,0,0,0,0,0,0,0,0,0,0,0,0,0,0,0,0,0,0,0,0,0,0,0,0,0,0,0,0,0,0,0,0,0,0,0,0,0,0,0,0,0,0,0,0,0,0,0,0,0,12.16,12.16,12.16,12.17,12.17,0,0,0,0,0,0,0,0,0,0,0,0,0,0,0,0,0,0,0,0,0,0,0,0,0,0,0,0,0,0,0,0,0,0,0],
[0,0,0,0,0,0,0,0,0,0,0,0,9.85,9.85,9.85,9.84,9.87,9.86,9.85,9.84,9.83,9.82,9.80,9.79,9.78,9.82,9.91,10.01,10.12,10.15,10.33,10.59,10.85,10.91,10.97,11.00,10.90,10.81,10.70,10.67,10.66,10.65,10.63,10.62,10.61,10.59,10.54,10.49,10.43,10.38,10.34,0,0,0,0,0,0,0,0,0,0,10.90,10.89,10.83,10.93,10.90,10.87,10.85,10.82,10.79,10.76,10.73,10.70,10.67,10.64,10.60,10.57,10.54,10.45,10.34,10.24,10.21,0,0,0,0,0,0,0,0,0,0,0,0,0,0,0,0,0,0,0,0,0,0,0,0,0,0,0,0,0,0,0,0,0,0,0,0,0,0,0,0,0,0,0,0,0,0,0,0,0,0,0,0,0,0,0,0,0,0,0,0,0,0,0,12.18,12.18,12.17,12.16,12.16,0,0,0,0,0,0,0,0,0,0,0,0,0,0,0,0,0,0,0,0,0,0,0,0,0,0,0,0,0,0,0,0,0,0,0],
[0,0,0,0,0,0,0,0,0,0,9.85,9.85,9.85,9.84,9.83,9.85,9.89,9.88,9.87,9.86,9.86,9.85,9.83,9.82,9.81,9.87,9.89,10.01,10.11,10.07,10.29,10.55,10.81,10.92,10.98,11.10,10.93,10.83,10.75,10.70,10.66,10.65,10.63,10.62,10.61,10.59,10.53,10.48,10.43,10.35,10.34,0,0,0,0,0,0,0,0,0,0,10.84,10.84,10.78,10.86,10.83,10.81,10.79,10.76,10.73,10.70,10.67,10.64,10.60,10.57,10.54,10.51,10.47,10.45,10.40,10.35,10.26,10.20,10.18,0,0,0,0,0,0,0,0,0,0,0,0,0,0,0,0,0,0,0,0,0,0,0,0,0,0,0,0,0,0,0,0,0,0,0,0,0,0,0,0,0,0,0,0,0,0,0,0,0,0,0,0,0,0,0,0,0,0,0,0,0,12.01,12.01,12.06,12.07,12.06,0,0,0,0,0,0,0,0,0,0,0,0,0,0,0,0,0,0,0,0,0,0,0,0,0,0,0,0,0,0,0,0,0,0,0],
[0,0,0,0,0,0,0,0,0,0,9.85,9.84,9.83,9.82,9.82,9.86,9.90,9.90,9.89,9.88,9.88,9.87,9.86,9.85,9.84,9.82,9.88,10.00,10.02,10.05,10.19,10.60,10.76,10.93,11.03,11.16,11.05,10.85,10.79,10.74,10.69,10.64,10.63,10.62,10.61,10.58,10.53,10.47,10.40,10.32,0,0,0,0,0,0,0,0,0,0,0,10.79,10.78,10.81,10.78,10.76,10.75,10.72,10.69,10.66,10.63,10.60,10.57,10.54,10.51,10.47,10.44,10.41,10.39,10.36,10.30,10.25,10.20,10.18,0,0,0,0,0,0,0,0,0,0,0,0,0,0,0,0,0,0,0,0,0,0,0,0,0,0,0,0,0,0,0,0,0,0,0,0,0,0,0,0,0,0,0,0,0,0,0,0,0,0,0,0,0,0,0,0,0,0,0,0,0,11.83,11.83,11.84,11.89,11.91,0,0,0,0,0,0,0,0,0,0,0,0,0,0,0,0,0,0,0,0,0,0,0,0,0,0,0,0,0,0,0,0,0,0,0],
[0,0,0,0,0,0,0,0,0,0,9.85,9.82,9.81,9.81,9.84,9.88,9.92,9.92,9.91,9.90,9.89,9.88,9.87,9.85,9.84,9.81,9.81,9.93,9.89,10.03,10.18,10.48,10.90,10.93,11.08,11.20,11.16,10.85,10.83,10.78,10.73,10.68,10.63,10.62,10.60,10.57,10.52,10.46,10.37,10.31,0,0,0,0,0,0,0,0,0,0,0,10.74,10.72,10.73,10.72,10.70,10.68,10.65,10.62,10.59,10.56,10.53,10.50,10.47,10.44,10.41,10.38,10.34,10.32,10.31,10.26,10.23,10.20,10.18,0,0,0,0,0,0,0,0,0,0,0,0,0,0,0,0,0,0,0,0,0,0,0,0,0,0,0,0,0,0,0,0,0,0,0,0,0,0,0,0,0,0,0,0,0,0,0,0,0,0,0,0,0,0,0,0,0,0,0,0,0,11.65,11.65,11.65,11.67,11.69,0,0,0,0,0,0,0,0,0,0,0,0,0,0,0,0,0,0,0,0,0,0,0,0,0,0,0,0,0,0,0,0,0,0,0],
[0,0,0,0,0,0,0,0,0,0,9.82,9.80,9.80,9.81,9.85,9.89,9.92,9.91,9.90,9.88,9.87,9.85,9.84,9.83,9.81,9.84,9.80,9.79,9.87,10.01,10.10,10.24,10.76,0,0,0,0,10.81,10.79,10.76,10.73,10.71,10.67,10.62,10.60,10.56,10.51,10.42,10.33,10.31,0,0,0,0,0,0,0,0,0,0,0,10.69,10.69,10.67,10.66,10.64,10.61,10.58,10.55,10.52,10.49,10.46,10.43,10.40,10.37,10.34,10.31,10.28,10.27,10.26,10.26,10.23,10.21,10.18,0,0,0,0,0,0,0,0,0,0,0,0,0,0,0,0,0,0,0,0,0,0,0,0,0,0,0,0,0,0,0,0,0,0,0,0,0,0,0,0,0,0,0,0,0,0,0,0,0,0,0,0,0,0,0,0,0,0,0,0,0,11.47,11.47,11.47,11.46,11.36,0,0,0,0,0,0,0,0,0,0,0,0,0,0,0,0,0,0,0,0,0,0,0,0,0,0,0,0,0,0,0,0,0,0,0],
[0,0,0,0,0,0,0,0,0,0,9.80,9.79,9.79,9.83,9.85,9.87,9.88,9.87,9.86,9.85,9.84,9.83,9.81,9.80,9.78,9.79,9.84,9.75,9.73,9.81,9.93,0,0,0,0,0,0,0,10.73,10.70,10.66,10.64,10.61,10.59,10.55,10.51,10.48,10.39,10.29,0,0,0,0,0,0,0,0,0,0,0,0,10.62,10.63,10.61,10.59,10.57,10.54,10.51,10.48,10.45,10.42,10.39,10.36,10.33,10.30,10.29,10.27,10.27,10.26,10.25,10.25,10.24,10.21,10.18,10.18,0,0,0,0,0,0,0,0,0,0,0,0,0,0,0,0,0,0,0,0,0,0,0,0,0,0,0,0,0,0,0,0,0,0,0,0,0,0,0,0,0,0,0,0,0,0,0,0,0,0,0,0,0,0,0,0,0,0,0,11.16,11.26,11.26,11.25,11.23,11.17,11.02,0,0,0,0,0,0,0,0,0,0,0,0,0,0,0,0,0,0,0,0,0,0,0,0,0,0,0,0,0,0,0,0,0,0],
[0,0,0,0,0,0,0,0,0,0,9.78,9.77,9.79,9.81,9.83,9.84,9.84,9.83,9.82,9.81,9.81,9.80,9.79,9.77,9.76,9.74,9.82,9.71,9.68,9.68,0,0,0,0,0,0,0,0,10.67,10.64,10.60,10.57,10.54,10.52,10.48,10.43,10.39,10.35,10.28,0,0,0,0,0,0,0,0,0,0,0,0,10.56,10.56,10.55,10.53,10.50,10.47,10.44,10.41,10.38,10.35,10.33,10.32,10.30,10.28,10.27,10.27,10.27,10.26,10.25,10.23,10.23,10.21,10.19,10.18,0,0,0,0,0,0,0,0,0,0,0,0,0,0,0,0,0,0,0,0,0,0,0,0,0,0,0,0,0,0,0,0,0,0,0,0,0,0,0,0,0,0,0,0,0,0,0,0,0,0,0,0,0,0,0,0,0,0,0,10.98,11.03,11.02,11.00,10.99,10.97,10.83,10.68,0,0,0,0,0,0,0,0,0,0,0,0,0,0,0,0,0,0,0,0,0,0,0,0,0,0,0,0,0,0,0,0,0],
[0,0,0,0,0,0,0,0,0,0,0,9.73,9.76,9.78,9.80,9.81,9.80,9.79,9.78,9.78,9.77,9.76,9.75,9.74,9.73,9.72,9.72,9.68,9.68,0,0,0,0,0,0,0,0,0,10.61,10.58,10.54,10.51,10.48,10.45,10.40,10.35,10.33,10.31,10.28,0,0,0,0,0,0,0,0,0,0,0,0,10.50,10.50,10.49,10.46,10.43,10.40,10.38,10.36,10.34,10.33,10.31,10.29,10.27,10.27,10.27,10.27,10.27,10.26,10.25,10.23,10.22,10.22,10.19,10.18,0,0,0,0,0,0,0,0,0,0,0,0,0,0,0,0,0,0,0,0,0,0,0,0,0,0,0,0,0,0,0,0,0,0,0,0,0,0,0,0,0,0,0,0,0,0,0,0,0,0,10.27,10.26,10.24,10.23,10.22,10.20,10.19,10.18,10.71,10.81,10.79,10.78,10.76,10.74,10.70,10.64,10.49,0,0,10.18,10.18,10.18,10.18,0,0,0,0,0,0,0,0,0,0,0,0,0,0,0,0,0,0,0,0,0,0,0,0,0,0,0],
[0,0,0,0,0,0,0,0,0,0,0,9.68,9.73,9.75,9.77,9.77,9.76,9.75,9.74,9.74,9.73,9.72,9.71,9.70,9.70,9.69,9.68,0,0,0,0,0,0,0,0,0,0,0,0,10.53,10.49,10.45,10.41,10.38,10.34,10.31,10.29,10.27,10.27,0,0,0,0,0,0,0,0,0,0,0,10.43,10.44,10.43,10.43,10.41,10.39,10.37,10.36,10.34,10.32,10.30,10.28,10.27,10.27,10.27,10.27,10.27,10.27,10.26,10.25,10.23,10.22,10.21,10.20,10.18,0,0,0,0,0,0,0,0,0,0,0,0,0,0,0,0,0,0,0,0,0,0,0,0,0,0,0,0,0,0,0,0,0,0,0,0,0,0,0,0,0,0,0,0,0,0,0,0,10.27,10.27,10.27,10.26,10.24,10.23,10.22,10.20,10.19,10.18,10.54,10.57,10.55,10.52,10.48,10.44,10.40,10.35,10.31,10.18,10.18,10.19,10.19,10.19,10.19,10.18,10.18,0,0,0,0,0,0,0,0,0,0,0,0,0,0,0,0,0,0,0,0,0,0,0,0,0],
[0,0,0,0,0,0,0,0,0,0,0,9.63,9.70,9.72,9.74,9.73,9.72,9.71,9.71,9.70,9.69,9.68,9.67,9.67,9.66,9.68,9.68,0,0,0,0,0,0,0,0,0,0,0,0,10.47,10.43,10.39,10.35,10.33,10.30,10.29,10.27,10.27,0,0,0,0,0,0,0,0,0,0,0,0,10.37,10.37,10.37,10.40,10.39,10.37,10.35,10.33,10.31,10.30,10.28,10.27,10.27,10.27,10.27,10.27,10.27,10.27,10.26,10.25,10.23,10.22,10.21,10.19,10.18,0,0,0,0,0,0,0,0,0,0,0,0,0,0,0,0,0,0,0,0,0,0,0,0,0,0,0,0,0,0,0,0,0,0,0,0,0,0,0,0,0,0,0,0,0,0,0,10.27,10.27,10.31,10.28,10.26,10.25,10.23,10.22,10.20,10.19,10.18,10.34,10.30,10.27,10.24,10.18,10.19,10.20,10.21,10.21,10.22,10.20,10.20,10.20,10.20,10.20,10.20,10.19,10.18,10.18,0,0,0,0,0,0,0,0,0,0,0,0,0,0,0,0,0,0,0,0,0,0,0],
[0,0,0,0,0,0,0,0,0,0,0,9.58,9.66,9.70,9.70,9.69,9.68,9.67,9.67,9.66,9.65,9.64,9.63,9.63,9.62,9.68,0,0,0,0,0,0,0,0,0,0,0,0,0,10.40,10.38,10.34,10.32,10.30,10.29,10.27,10.27,0,0,0,0,0,0,0,0,0,0,0,0,0,10.31,10.31,10.34,10.36,10.36,10.34,10.33,10.31,10.29,10.27,10.27,10.27,10.27,10.27,10.27,10.27,10.27,10.27,10.26,10.25,10.23,10.22,10.21,10.19,10.18,0,0,0,0,0,0,0,0,0,0,0,0,0,0,0,0,0,0,0,0,0,0,0,0,0,0,0,0,0,0,0,0,0,0,0,0,0,0,0,0,0,0,0,0,0,0,10.28,10.30,10.36,10.29,10.28,10.27,10.25,10.24,10.22,10.21,10.20,10.19,10.20,10.21,10.22,10.23,10.23,10.24,10.25,10.26,10.27,10.28,10.28,10.25,10.22,10.21,10.21,10.22,10.22,10.21,10.19,10.18,10.18,0,0,0,0,0,0,0,0,0,0,0,0,0,0,0,0,0,0,0,0,0],
[0,0,0,0,0,0,0,0,0,0,0,9.53,9.62,9.63,9.64,9.65,9.64,9.64,9.63,9.62,9.61,9.60,9.60,9.59,9.65,9.68,0,0,0,0,0,0,0,0,0,0,0,0,0,10.35,10.34,10.33,10.31,10.29,10.28,10.27,0,0,0,0,0,0,0,0,0,0,0,0,0,0,10.27,10.28,10.30,10.32,10.34,10.32,10.30,10.28,10.27,10.27,10.27,10.27,10.27,10.27,10.27,10.27,10.27,10.27,10.26,10.25,10.23,10.22,10.20,10.19,10.18,0,0,0,0,0,0,0,0,0,0,0,0,0,0,0,0,0,0,0,0,0,0,0,0,0,0,0,0,0,0,0,0,0,0,0,0,0,0,0,0,0,0,0,0,0,10.39,10.36,10.41,10.31,10.30,10.28,10.27,10.26,10.25,10.24,10.24,10.25,10.26,10.26,10.27,10.28,10.28,10.29,10.30,10.31,10.32,10.32,10.33,10.34,10.32,10.30,10.27,10.24,10.23,10.23,10.23,10.22,10.21,10.20,10.18,10.18,0,0,0,0,0,0,0,0,0,0,0,0,0,0,0,0,0,0,0],
[0,0,0,0,0,0,0,0,0,0,0,9.42,9.45,9.51,9.51,9.53,9.54,9.56,9.58,9.58,9.57,9.57,9.56,9.57,9.63,0,0,0,0,0,0,0,0,0,0,0,0,0,0,0,0,0,0,0,0,0,0,0,0,0,0,0,0,0,0,0,0,0,0,0,0,10.27,10.27,10.29,10.31,10.30,10.28,10.27,10.27,10.27,10.27,10.27,10.27,10.27,10.27,10.27,10.27,10.27,10.26,10.25,10.23,10.22,10.20,10.18,10.18,0,0,0,0,0,0,0,0,0,0,0,0,0,0,0,0,0,0,0,0,0,0,0,0,0,0,0,0,0,0,0,0,0,0,0,0,0,0,0,0,0,0,0,0,0,10.46,10.46,10.33,10.32,10.30,10.29,10.28,10.29,10.30,10.30,10.31,10.32,10.32,10.33,10.34,10.34,10.35,10.36,10.36,10.37,10.38,10.38,10.39,10.40,10.40,10.37,10.34,10.32,10.29,10.26,10.24,10.25,10.24,10.22,10.21,10.19,10.18,10.18,0,0,0,0,0,0,0,0,0,0,0,0,0,0,0,0,0],
[0,0,0,0,0,0,0,0,0,0,0,0,9.15,9.23,9.27,9.30,9.33,9.36,9.30,9.35,9.41,9.46,9.51,9.55,0,0,0,0,0,0,0,0,0,0,0,0,0,0,0,0,0,0,0,0,0,0,0,0,0,0,0,0,0,0,0,0,0,0,0,0,0,0,10.27,10.27,10.27,10.27,10.27,10.27,10.27,10.27,10.27,10.27,10.27,10.27,10.27,10.27,10.27,10.27,10.26,10.25,10.23,10.21,10.20,10.18,0,0,0,0,0,0,0,0,0,0,0,0,0,0,0,0,0,0,0,0,0,0,0,0,0,0,0,0,0,0,0,0,0,0,0,0,0,0,0,0,0,0,0,0,0,10.58,10.52,10.35,10.34,10.33,10.34,10.34,10.35,10.36,10.36,10.37,10.38,10.38,10.39,10.39,10.39,10.39,10.38,10.38,10.38,10.37,10.37,10.37,10.37,10.36,10.36,10.36,10.36,10.35,10.35,10.34,10.31,10.28,10.26,10.25,10.24,10.22,10.21,10.19,10.18,10.18,0,0,0,0,0,0,0,0,0,0,0,0,0,0,0],
[0,0,0,0,0,0,0,0,0,0,0,0,8.97,8.92,8.94,8.87,8.95,9.07,9.10,9.16,9.20,9.25,9.28,9.30,0,0,0,0,0,0,0,0,0,0,0,0,0,0,0,0,0,0,0,0,0,0,0,0,0,0,0,0,0,0,0,0,0,0,0,0,0,0,0,0,10.27,10.27,10.27,10.27,10.27,10.27,10.27,10.27,10.27,10.27,10.27,10.27,10.27,10.27,10.26,10.24,10.23,10.21,10.19,10.18,0,0,0,0,0,0,0,0,0,0,0,0,0,0,0,0,0,0,0,0,0,0,0,0,0,0,0,0,0,0,0,0,0,0,0,0,0,0,0,0,0,0,0,0,10.68,10.63,10.49,10.38,10.35,10.37,10.38,10.39,10.40,10.39,10.39,10.39,10.39,10.38,10.38,10.38,10.38,10.37,10.37,10.37,10.36,10.36,10.36,10.36,10.35,10.35,10.35,10.35,10.34,10.34,10.34,10.34,10.33,10.33,10.30,10.28,10.26,10.25,10.23,10.22,10.20,10.18,10.18,10.18,10.18,0,0,0,0,0,0,0,0,0,0,0,0],
[0,0,0,0,0,0,0,0,0,0,0,0,0,8.75,8.78,8.80,8.81,8.83,8.85,8.89,8.93,8.95,8.98,9.00,0,0,0,0,0,0,0,0,0,0,0,0,0,0,0,0,0,0,0,0,0,0,0,0,0,0,0,0,0,0,0,0,0,0,0,0,0,0,0,0,0,10.27,10.27,10.27,10.27,10.27,10.27,10.27,10.27,10.27,10.27,10.27,10.27,10.27,10.25,10.24,10.22,10.21,10.19,10.18,0,0,0,0,0,0,0,0,0,0,0,0,0,0,0,0,0,0,0,0,0,0,0,0,0,0,0,0,0,0,0,0,0,0,0,0,0,0,0,0,0,0,0,0,10.64,10.59,10.48,10.35,10.35,10.35,10.36,10.38,10.39,10.40,10.42,10.43,10.44,10.46,10.47,10.48,10.49,10.49,10.49,10.48,10.48,10.48,10.48,10.47,10.47,10.47,10.46,10.46,10.46,10.46,10.44,10.41,10.38,10.35,10.32,10.33,10.30,10.28,10.26,10.24,10.22,10.21,10.19,10.18,10.18,10.18,0,0,0,0,0,0,0,0,0,0,0],
[0,0,0,0,0,0,0,0,0,0,0,0,0,8.68,8.71,8.72,8.71,8.71,8.73,8.75,8.74,8.74,8.75,0,0,0,0,0,0,0,0,0,0,0,0,0,0,0,0,0,0,0,0,0,0,0,0,0,0,0,0,0,0,0,0,0,0,0,0,0,0,0,0,0,0,0,0,10.27,10.27,10.27,10.27,10.27,10.27,10.27,10.27,10.27,10.27,10.27,10.24,10.23,10.22,10.20,10.19,10.18,0,0,0,0,0,0,0,0,0,0,0,0,0,0,0,0,0,0,0,0,0,0,0,0,0,0,0,0,0,0,0,0,0,0,0,0,0,0,0,0,0,0,0,0,0,10.48,10.39,10.33,10.33,10.33,10.42,10.43,10.44,10.45,10.46,10.46,10.47,10.48,10.49,10.50,10.51,10.52,10.53,10.53,10.54,10.55,10.56,10.57,10.59,10.58,10.57,10.55,10.52,10.49,10.46,10.43,10.40,10.38,10.36,10.37,10.35,10.32,10.30,10.28,10.26,10.23,10.21,10.20,10.18,10.18,10.18,0,0,0,0,0,0,0,0,0,0],
[0,0,0,0,0,0,0,0,0,0,0,0,0,8.61,8.64,8.64,8.63,8.62,8.62,8.62,8.63,8.64,8.65,0,0,0,0,0,0,0,0,0,0,0,0,0,0,0,0,0,0,0,0,0,0,0,0,0,0,0,0,0,0,0,0,0,0,0,0,0,0,0,0,0,0,0,0,0,10.27,10.27,10.27,10.27,10.27,10.27,10.27,10.27,10.27,10.27,10.24,10.22,10.21,10.20,10.18,0,0,0,0,0,0,0,0,0,0,0,0,0,0,0,0,0,0,0,0,0,0,0,0,0,0,0,0,0,0,0,0,0,0,0,0,0,0,0,0,0,0,0,0,0,0,10.36,10.30,10.29,10.29,10.32,10.41,10.50,10.51,10.52,10.53,10.54,10.54,10.55,10.56,10.56,10.57,10.57,10.58,10.59,10.59,10.60,10.61,10.61,10.62,10.62,10.60,10.57,10.54,10.51,10.48,10.45,10.43,10.39,10.40,10.41,10.39,10.37,10.34,10.32,10.30,10.27,10.25,10.23,10.21,10.19,10.18,10.18,0,0,0,0,0,0,0,0,0],
[0,0,0,0,0,0,0,0,0,0,0,0,0,8.55,8.57,8.56,8.55,8.55,8.56,8.57,8.58,8.59,8.60,0,0,0,0,0,0,0,0,0,0,0,0,0,0,0,0,0,0,0,0,0,0,0,0,0,0,0,0,0,0,0,0,0,0,0,0,0,0,0,0,0,0,0,0,0,0,10.27,10.27,10.27,10.27,10.27,10.27,10.27,10.27,10.27,10.23,10.22,10.20,10.19,10.18,0,0,0,0,0,0,0,0,0,0,0,0,0,0,0,0,0,0,0,0,0,0,0,0,0,0,0,0,0,0,0,0,0,0,0,0,0,0,0,0,0,0,0,0,0,0,0,10.27,10.27,10.27,10.28,10.35,10.41,10.47,10.53,10.56,10.57,10.57,10.58,10.59,10.59,10.60,10.60,10.61,10.62,10.62,10.63,10.64,10.64,10.65,10.65,10.62,10.59,10.56,10.53,10.50,10.48,10.45,10.42,10.44,10.45,10.43,10.41,10.38,10.36,10.34,10.32,10.29,10.27,10.25,10.23,10.20,10.18,10.18,0,0,0,0,0,0,0,0],
[0,0,0,0,0,0,0,0,0,0,0,0,0,8.48,8.49,8.48,8.49,8.50,8.51,8.52,8.53,8.54,8.55,0,0,0,0,0,0,0,0,0,0,0,0,0,0,0,0,0,0,0,0,0,0,0,0,0,0,0,0,0,0,0,0,0,0,0,0,0,0,0,0,0,0,0,0,0,0,10.27,10.27,10.27,10.27,10.27,10.27,10.27,10.27,10.27,10.23,10.21,10.20,10.18,10.18,0,0,0,0,0,0,0,0,0,0,0,0,0,0,0,0,0,0,0,0,0,0,0,0,0,0,0,0,0,0,0,0,0,0,0,0,0,0,0,0,0,0,0,0,0,0,0,0,0,10.27,10.28,10.31,10.34,10.36,10.41,10.47,10.53,10.60,10.61,10.62,10.62,10.63,10.63,10.64,10.65,10.65,10.66,10.67,10.67,10.67,10.67,10.64,10.61,10.58,10.56,10.53,10.50,10.46,10.47,10.48,10.49,10.47,10.45,10.43,10.40,10.38,10.36,10.34,10.31,10.28,10.25,10.22,10.19,10.18,10.18,0,0,0,0,0,0,0],
[0,0,0,0,0,0,0,0,0,0,0,0,0,8.45,8.44,8.44,8.44,8.45,8.46,8.47,8.48,8.49,8.50,0,0,0,0,0,0,0,0,0,0,0,0,0,0,0,0,0,0,0,0,0,0,0,0,0,0,0,0,0,0,0,0,0,0,0,0,0,0,0,0,0,0,0,0,0,0,0,10.27,10.27,10.27,10.27,10.27,10.27,10.27,10.27,10.23,10.20,10.19,10.18,0,0,0,0,0,0,0,0,0,0,0,0,0,0,0,0,0,0,0,0,0,0,0,0,0,0,0,0,0,0,0,0,0,0,0,0,0,0,0,0,0,0,0,0,0,0,0,0,0,0,10.27,10.29,10.32,10.35,10.38,10.41,10.44,10.46,10.48,10.54,10.60,10.65,10.66,10.66,10.67,10.68,10.68,10.69,10.70,10.70,10.70,10.69,10.66,10.63,10.61,10.58,10.56,10.52,10.49,10.51,10.53,10.54,10.51,10.49,10.47,10.45,10.42,10.39,10.35,10.32,10.29,10.26,10.23,10.21,10.17,10.18,10.18,0,0,0,0,0,0],
[0,0,0,0,0,0,0,0,0,0,0,0,8.47,8.46,8.46,8.45,8.45,8.45,8.44,8.44,8.44,8.43,8.44,0,0,0,0,0,0,0,0,0,0,0,0,0,0,0,0,0,0,0,0,0,0,0,0,0,0,0,0,0,0,0,0,0,0,0,0,0,0,0,0,0,0,0,0,0,0,0,10.27,10.27,10.27,10.27,10.27,10.27,10.27,10.27,10.23,10.20,10.18,10.18,0,0,0,0,0,0,0,0,0,0,0,0,0,0,0,0,0,0,0,0,0,0,0,0,0,0,0,0,0,0,0,0,0,0,0,0,0,0,0,0,0,0,0,0,0,0,0,0,0,10.34,10.29,10.35,10.36,10.37,10.39,10.43,10.46,10.49,10.51,10.54,10.56,10.58,10.60,10.66,10.70,10.71,10.71,10.72,10.73,10.73,10.72,10.71,10.68,10.66,10.63,10.61,10.58,10.52,10.53,10.55,10.57,10.58,10.56,10.53,10.49,10.46,10.43,10.40,10.37,10.34,10.30,10.28,10.25,10.23,10.19,10.15,10.16,10.14,0,0,0,0,0],
[0,0,0,0,0,0,0,0,0,0,0,0,8.49,8.48,8.47,8.47,8.47,8.46,8.46,8.46,8.45,8.44,8.43,0,0,0,0,0,0,0,0,0,0,0,0,0,0,0,0,0,0,0,0,0,0,0,0,0,0,0,0,0,0,0,0,0,0,0,0,0,0,0,0,0,0,0,0,0,0,0,10.27,10.27,10.27,10.27,10.27,10.27,10.27,10.27,10.23,10.19,10.18,0,0,0,0,0,0,0,0,0,0,0,0,0,0,0,0,0,0,0,0,0,0,0,0,0,0,0,0,0,0,0,0,0,0,0,0,0,0,0,0,0,0,0,0,0,0,0,0,10.31,10.33,10.28,10.34,10.39,10.44,10.44,10.45,10.46,10.47,10.50,10.53,10.56,10.59,10.61,10.64,10.66,10.68,10.70,10.72,10.75,10.75,10.75,10.75,10.73,10.71,10.68,10.66,10.63,10.59,10.55,10.57,10.59,10.61,10.60,10.57,10.54,10.51,10.48,10.44,10.41,10.38,10.35,10.32,10.29,10.27,10.24,10.21,10.17,10.13,10.12,0,0,0,0,0],
[0,0,0,0,0,0,0,0,0,0,0,8.52,8.50,8.49,8.49,8.49,8.48,8.47,8.47,8.46,8.45,8.44,8.44,8.43,0,0,0,0,0,0,0,0,0,0,0,0,0,0,0,0,0,0,0,0,0,0,0,0,0,0,0,0,0,0,0,0,0,0,0,0,0,0,0,0,0,0,0,0,0,0,0,10.27,10.27,10.27,10.27,10.27,10.27,10.27,10.23,10.18,10.18,0,0,0,0,0,0,0,0,0,0,0,0,0,0,0,0,0,0,0,0,0,0,0,0,0,0,0,0,0,0,0,0,0,0,0,0,0,0,0,0,0,0,0,0,0,0,10.27,10.28,10.30,10.28,10.33,10.38,10.43,10.49,10.52,10.52,10.53,10.54,10.55,10.56,10.58,10.61,10.64,10.66,10.68,10.71,10.73,10.76,10.77,10.77,10.77,10.77,10.76,10.73,10.71,10.68,10.66,10.59,10.60,10.61,10.63,10.62,10.60,10.58,10.55,10.52,10.49,10.46,10.42,10.39,10.36,10.34,10.31,10.29,10.26,10.23,10.19,10.15,10.11,10.10,0,0,0,0],
[0,0,0,0,0,0,0,0,0,0,0,8.52,8.51,8.51,8.50,8.49,8.48,8.48,8.47,8.46,8.45,8.45,8.44,8.43,0,0,0,0,0,0,0,0,0,0,0,0,0,0,0,0,0,0,0,0,0,0,0,0,0,0,0,0,0,0,0,0,0,0,0,0,0,0,0,0,0,0,0,0,0,0,0,10.27,10.27,10.27,10.27,10.27,10.27,10.27,10.23,10.18,0,0,0,0,0,0,0,0,0,0,0,0,0,0,0,0,0,0,0,0,0,0,0,0,0,0,0,0,0,0,0,0,0,0,0,0,0,0,0,0,0,0,0,0,0,0,0,10.27,10.28,10.27,10.32,10.37,10.43,10.48,10.53,10.58,10.60,10.60,10.61,10.62,10.63,10.64,10.65,10.65,10.68,10.71,10.73,10.76,10.77,0,0,0,0,10.77,10.76,10.73,10.71,10.66,10.62,10.64,10.66,10.64,10.62,10.60,10.60,10.56,10.53,10.50,10.47,10.44,10.41,10.38,10.35,10.33,10.30,10.28,10.24,10.21,10.17,10.12,10.11,0,0,0,0],
[0,0,0,0,0,0,0,0,0,0,0,0,8.51,8.52,8.51,8.50,8.49,8.48,8.47,8.46,8.46,8.45,8.44,8.43,0,0,0,0,0,0,0,0,0,0,0,0,0,0,0,0,0,0,0,0,0,0,0,0,0,0,0,2.60,2.60,2.60,2.60,2.60,0,0,0,0,0,0,0,0,0,0,0,0,0,0,0,0,10.27,10.27,10.27,10.27,10.27,10.27,10.23,10.19,10.18,0,0,0,0,0,0,0,0,0,0,0,0,0,0,0,0,0,0,0,0,0,0,0,0,0,0,0,0,0,0,0,0,0,0,0,0,0,0,0,0,0,0,0,0,0,0,10.27,10.27,10.31,10.36,10.42,10.47,10.52,10.56,10.60,10.61,10.63,10.64,10.66,10.67,10.69,10.70,10.72,10.73,10.75,10.76,10.77,0,0,0,0,0,0,10.77,10.76,10.72,10.66,10.66,10.68,10.66,10.64,10.62,10.60,10.60,10.58,10.54,10.51,10.48,10.45,10.42,10.40,10.37,10.35,10.32,10.30,10.26,10.23,10.19,10.14,10.12,0,0,0,0],
[0,0,0,0,0,0,0,0,0,0,0,0,8.50,8.50,8.51,8.52,8.51,8.50,8.49,8.48,8.47,8.46,8.45,8.44,8.43,0,0,0,0,0,0,0,0,0,0,0,0,0,0,0,0,0,0,0,0,0,0,0,0,0,2.59,2.59,2.58,2.58,2.58,2.58,0,0,0,0,0,0,0,0,0,0,0,0,0,0,0,0,10.27,10.27,10.27,10.27,10.27,10.27,10.23,10.20,10.18,0,0,0,0,0,0,0,0,0,0,0,0,0,0,0,0,0,0,0,0,0,0,0,0,0,0,0,0,0,0,0,0,0,0,0,0,0,0,0,0,0,0,0,0,0,10.27,10.28,10.30,10.36,10.41,10.45,10.49,10.53,10.57,10.59,10.61,10.63,10.64,10.66,10.68,10.69,10.71,10.72,10.74,10.75,10.77,10.77,0,0,0,0,0,0,0,10.77,10.72,10.69,10.70,10.69,10.66,10.64,10.62,10.60,10.60,10.59,10.56,10.52,10.49,10.47,10.44,10.41,10.39,10.36,10.34,10.31,10.28,10.24,10.20,10.15,10.13,0,0,0,0],
[0,0,0,0,0,0,0,0,0,0,0,0,8.49,8.49,8.50,8.50,8.51,8.52,8.51,8.50,8.49,8.48,8.47,8.46,0,0,0,0,0,0,0,0,0,0,0,0,0,0,0,0,0,0,0,0,0,0,0,0,0,0,2.55,2.54,2.54,2.53,2.53,2.53,0,0,0,0,0,0,0,0,0,0,0,0,0,0,0,0,10.27,10.27,10.27,10.27,10.27,10.27,10.23,10.22,10.18,10.18,0,0,0,0,0,0,0,0,0,0,0,0,0,0,0,0,0,0,0,0,0,0,0,0,0,0,0,0,0,0,0,0,0,0,0,0,0,0,0,0,0,0,0,0,10.27,10.29,10.33,10.38,10.42,10.46,10.50,10.54,10.58,10.59,10.61,10.62,10.64,10.66,10.67,10.69,10.71,10.72,10.74,10.75,10.77,10.77,0,0,0,0,0,0,0,10.77,10.72,10.73,10.71,10.69,10.66,10.64,10.62,10.60,10.60,10.60,10.57,10.54,10.51,10.48,10.46,10.43,10.41,10.38,10.36,10.33,10.30,10.26,10.21,10.16,10.14,0,0,0,0],
[0,0,0,0,0,0,0,0,0,0,0,0,0,8.48,8.48,8.49,8.50,8.50,8.51,8.52,8.51,8.50,8.49,0,0,0,0,0,0,0,0,0,0,0,0,0,0,0,0,0,0,0,0,0,0,0,0,0,0,0,2.57,2.56,2.56,2.57,2.58,2.59,2.63,0,0,0,0,0,0,0,0,0,0,0,0,0,0,10.27,10.27,10.27,10.27,10.27,10.27,10.27,10.23,10.24,10.20,10.18,0,0,0,0,0,0,0,0,0,0,0,0,0,0,0,0,0,0,0,0,0,0,0,0,0,0,0,0,0,0,0,0,0,0,0,0,0,0,0,0,0,0,0,0,10.27,10.27,10.34,10.39,10.43,10.47,10.51,10.55,10.57,10.59,10.61,10.62,10.64,10.65,10.67,10.69,10.70,10.72,10.74,10.75,10.77,0,0,0,0,0,0,0,0,10.77,10.75,10.73,10.71,10.69,10.66,10.64,10.62,10.60,10.60,10.60,10.58,10.55,10.53,10.50,10.47,10.45,10.42,10.40,10.37,10.35,10.32,10.28,10.22,10.17,10.14,0,0,0,0],
[0,0,0,0,0,0,0,0,0,0,0,0,0,8.47,8.47,8.47,8.48,8.49,8.50,8.50,8.51,8.52,0,0,0,0,0,0,0,0,0,0,0,0,0,0,0,0,0,0,0,0,0,0,0,0,0,0,0,2.66,2.65,2.68,2.69,2.68,2.68,2.67,2.69,2.72,0,0,0,0,0,0,0,0,0,0,0,0,0,10.27,10.27,10.27,10.27,10.27,10.27,10.27,10.23,10.26,10.22,10.18,10.18,0,0,0,0,0,0,0,0,0,0,0,0,0,0,0,0,0,0,0,0,0,0,0,0,0,0,0,0,0,0,0,0,0,0,0,0,0,0,0,0,0,0,0,10.27,10.27,10.34,10.40,10.44,10.48,10.52,10.55,10.57,10.59,10.60,10.62,10.64,10.65,10.67,10.68,10.70,10.72,10.73,10.74,10.75,10.77,0,0,0,0,0,0,0,10.77,10.75,10.73,10.71,10.69,10.66,10.64,10.62,10.60,10.60,10.60,10.59,10.57,10.54,10.52,10.49,10.47,10.44,10.42,10.39,10.36,10.34,10.29,10.24,10.18,10.15,0,0,0,0],
[0,0,0,0,0,0,0,0,0,0,0,0,0,0,8.45,8.46,8.47,8.48,8.48,8.49,8.48,8.48,0,0,0,0,0,0,0,0,0,0,0,0,0,0,0,0,0,0,0,0,0,0,0,0,0,0,2.75,2.74,2.77,2.80,2.83,2.82,2.81,2.80,2.79,2.77,2.77,0,0,0,0,0,0,0,0,0,0,0,0,10.27,10.27,10.27,10.27,10.27,10.27,10.27,10.23,10.28,10.24,10.20,10.18,0,0,0,0,0,0,0,0,0,0,0,0,0,0,0,0,0,0,0,0,0,0,0,0,0,0,0,0,0,0,0,0,0,0,0,0,0,0,0,0,0,0,0,10.27,10.27,10.28,10.40,10.45,10.49,10.53,10.55,10.57,10.59,10.60,10.62,10.63,10.65,10.66,10.67,10.68,10.69,10.70,10.71,10.72,10.77,0,0,0,0,0,0,10.77,10.76,10.75,10.73,10.71,10.69,10.66,10.64,10.62,10.60,10.60,10.60,10.57,10.54,10.52,10.50,10.48,10.46,10.43,10.41,10.39,10.37,10.35,10.30,10.25,10.19,10.16,0,0,0,0],
[0,0,0,0,0,0,0,0,0,0,0,0,0,0,8.45,8.45,8.45,8.46,8.45,8.44,8.42,8.42,0,0,0,0,0,0,0,0,0,0,0,0,0,0,0,0,0,0,0,0,0,0,0,0,0,0,2.77,2.79,2.81,2.83,2.84,2.84,2.82,2.80,2.79,2.77,2.77,0,0,0,0,0,0,0,0,0,0,0,0,10.27,10.27,10.27,10.27,10.27,10.27,10.27,10.23,10.29,10.26,10.21,10.18,0,0,0,0,0,0,0,0,0,0,0,0,0,0,0,0,0,0,0,0,0,0,0,0,0,0,0,0,0,0,0,0,0,0,0,0,0,0,0,0,0,0,0,10.27,10.27,10.28,10.29,10.45,10.50,10.53,10.55,10.57,10.58,10.60,10.61,10.62,10.63,10.63,10.64,10.65,10.66,10.67,10.67,10.70,10.75,10.77,10.77,0,0,0,10.77,10.75,10.75,10.77,10.73,10.71,10.69,10.66,10.64,10.62,10.60,10.60,10.60,10.55,10.51,10.49,10.46,10.44,10.42,10.40,10.38,10.35,10.33,10.32,10.30,10.26,10.20,10.17,0,0,0,0],
[0,0,0,0,0,0,0,0,0,0,0,0,0,0,8.44,8.41,8.39,8.37,8.36,8.33,8.27,8.29,0,0,0,0,0,0,0,0,0,0,0,0,0,0,0,0,0,0,0,0,0,0,0,0,0,2.77,2.77,2.79,2.81,2.83,2.83,2.83,2.82,2.81,2.79,2.78,2.77,0,0,0,0,0,0,0,0,0,0,0,0,10.27,10.27,10.27,10.27,10.27,10.27,10.27,10.23,10.31,10.27,10.23,10.18,0,0,0,0,0,0,0,0,0,0,0,0,0,0,0,0,0,0,0,0,0,0,0,0,0,0,0,0,0,0,0,0,0,0,0,0,0,0,0,0,0,0,0,10.27,10.27,10.28,10.29,10.34,10.51,10.53,10.54,10.55,10.56,10.57,10.58,10.59,10.60,10.61,10.62,10.63,10.63,10.64,10.64,10.67,10.71,10.74,10.77,10.77,10.77,10.77,10.75,10.71,10.74,10.77,10.77,10.73,10.68,10.66,10.64,10.62,10.60,10.60,10.57,10.53,10.48,10.45,10.43,10.40,10.38,10.36,10.34,10.32,10.30,10.29,10.27,10.25,10.21,10.18,0,0,0,0],
[0,0,0,0,0,0,0,0,0,0,0,0,0,0,8.19,8.12,8.09,8.03,7.96,7.90,7.89,7.91,0,0,0,0,0,0,0,0,0,0,0,0,0,0,0,0,0,0,0,0,0,0,0,0,0,2.77,2.77,2.80,2.81,2.82,2.82,2.82,2.81,2.81,2.80,2.78,2.77,0,0,0,0,0,0,0,0,0,0,0,0,10.27,10.27,10.27,10.27,10.27,10.27,10.27,10.23,10.33,10.29,10.24,10.19,10.18,0,0,0,0,0,0,0,0,0,0,0,0,0,0,0,0,0,0,0,0,0,0,0,0,0,0,0,0,0,0,0,0,0,0,0,0,0,0,0,0,0,0,10.27,10.27,10.28,10.29,10.30,10.40,10.50,10.51,10.52,10.53,10.54,10.55,10.56,10.57,10.58,10.59,10.59,10.60,10.60,10.61,10.64,10.68,10.71,10.73,10.73,10.73,10.74,10.71,10.67,10.72,10.77,10.77,10.77,10.72,10.66,10.64,10.62,10.60,10.60,10.55,10.51,10.46,10.42,10.39,10.37,10.35,10.33,10.31,10.29,10.27,10.26,10.24,10.22,10.19,10.18,0,0,0,0],
[0,0,0,0,0,0,0,0,0,0,0,0,0,0,0,7.54,7.55,7.54,7.52,7.51,7.52,0,0,0,0,0,0,0,0,0,0,0,0,0,0,0,0,0,0,0,0,0,0,0,0,0,0,2.77,2.78,2.80,2.80,2.80,2.81,2.81,2.80,2.80,2.79,2.78,2.77,0,0,0,0,0,0,0,0,0,0,0,0,10.27,10.27,10.27,10.27,10.27,10.27,10.27,10.23,10.35,10.30,10.25,10.20,10.18,0,0,0,0,0,0,0,0,0,0,0,0,0,0,0,0,0,0,0,0,0,0,0,0,0,0,0,0,0,0,0,0,0,0,0,0,0,0,0,0,0,0,10.27,10.27,10.28,10.29,10.30,10.31,10.45,10.48,10.49,10.50,10.51,10.52,10.53,10.54,10.55,10.56,10.56,10.56,10.57,10.57,10.62,10.65,10.68,10.69,10.70,10.70,10.70,10.67,10.63,10.71,10.77,10.77,10.77,10.77,10.72,10.65,10.62,10.60,10.57,10.53,10.48,10.44,10.39,10.35,10.33,10.32,10.30,10.28,10.26,10.24,10.22,10.21,10.18,10.16,10.17,0,0,0,0],
[0,0,0,0,0,0,0,0,0,0,0,0,0,0,0,7.32,7.17,7.20,7.21,7.19,7.24,0,0,0,0,0,0,0,0,0,0,0,0,0,0,0,0,0,0,0,0,0,0,0,0,0,0,2.77,2.78,2.79,2.79,2.79,2.80,2.80,2.79,2.79,2.78,2.77,2.77,2.77,0,0,0,0,0,0,0,0,0,0,0,10.27,10.27,10.27,10.27,10.27,10.27,10.27,10.23,10.34,10.31,10.27,10.22,10.18,0,0,0,0,0,0,0,0,0,0,0,0,0,0,0,0,0,0,0,0,0,0,0,0,0,0,0,0,0,0,0,0,0,0,0,0,0,0,0,0,0,0,0,10.27,10.27,10.29,10.30,10.31,10.32,10.45,10.46,10.47,10.48,10.49,10.50,10.51,10.52,10.52,10.53,10.53,10.53,10.54,10.58,10.61,10.64,10.65,10.66,10.66,10.66,10.63,10.63,10.70,10.77,10.77,10.77,10.77,10.77,10.71,10.65,10.59,10.56,10.53,10.50,10.47,10.42,10.36,10.30,10.28,10.27,10.25,10.23,10.21,10.19,10.17,10.15,10.14,0,0,0,0,0],
[0,0,0,0,0,0,0,0,0,0,0,0,0,0,0,0,7.12,7.11,7.10,7.10,0,0,0,0,0,0,0,0,0,0,0,0,0,0,0,0,0,0,0,0,0,0,0,0,0,0,0,2.77,2.77,2.77,2.78,2.78,2.79,2.79,2.78,2.78,2.77,2.77,2.77,0,0,0,0,0,0,0,0,0,0,0,0,0,10.27,10.27,10.27,10.27,10.27,10.27,10.23,10.32,10.29,10.26,10.22,10.18,0,0,0,0,0,0,0,0,0,0,0,0,0,0,0,0,0,0,0,0,0,0,0,0,0,0,0,0,0,0,0,0,0,0,0,0,0,0,0,0,0,0,0,0,10.27,10.27,10.30,10.31,10.32,10.39,10.44,10.45,10.46,10.46,10.47,10.48,10.48,10.49,10.49,10.50,10.50,10.51,10.55,10.58,10.60,10.61,10.62,10.62,10.63,10.59,10.61,10.69,10.76,10.77,10.77,10.77,10.77,10.77,10.71,10.67,10.63,10.60,10.55,10.49,10.43,10.37,10.32,10.27,10.23,10.22,10.19,10.18,10.16,10.14,10.12,10.13,0,0,0,0,0],
[0,0,0,0,0,0,0,0,0,0,0,0,0,0,0,0,7.15,7.14,7.10,7.10,0,0,0,0,0,0,0,0,0,0,0,0,0,0,0,0,0,0,0,0,0,0,0,0,0,0,0,2.77,2.77,2.77,2.77,2.77,2.77,2.78,2.78,2.77,2.77,0,0,0,0,0,0,0,0,0,0,0,0,0,0,0,10.27,10.27,10.27,10.27,10.27,10.27,10.23,10.31,10.28,10.25,10.22,10.18,0,0,0,0,0,0,0,0,0,0,0,0,0,0,0,0,0,0,0,0,0,0,0,0,0,0,0,0,0,0,0,0,0,0,0,0,0,0,0,0,0,0,0,0,0,10.27,10.27,10.30,10.32,10.33,10.41,10.42,10.43,10.44,10.44,10.45,10.45,10.45,10.46,10.46,10.47,10.47,10.52,10.54,10.56,10.57,10.59,10.59,10.59,10.55,10.60,10.67,10.73,10.76,10.77,10.77,10.77,10.77,10.77,10.74,10.69,10.63,10.57,10.51,10.45,10.39,10.34,10.29,10.24,10.18,10.17,10.15,10.13,10.11,10.10,0,0,0,0,0,0],
[0,0,0,0,0,0,0,0,0,0,0,0,0,0,0,0,7.18,7.17,7.12,7.10,0,0,0,0,0,0,0,0,0,0,0,0,0,0,0,0,0,0,0,0,0,0,0,0,0,0,0,0,2.77,2.77,2.77,2.77,2.77,2.77,2.77,2.77,0,0,0,0,0,0,0,0,0,0,0,0,0,0,0,0,10.27,10.27,10.27,10.27,10.27,10.27,10.24,10.30,10.27,10.24,10.21,10.18,0,0,0,0,0,0,0,0,0,0,0,0,0,0,0,0,0,0,0,0,0,0,0,0,0,0,0,0,0,0,0,0,0,0,0,0,0,0,0,0,0,0,0,0,0,10.27,10.27,10.27,10.29,10.33,10.34,10.39,10.40,10.40,10.41,10.41,10.42,10.42,10.43,10.43,10.43,10.44,10.48,10.50,10.52,10.53,10.55,10.55,10.55,10.51,10.59,10.66,10.68,10.71,10.75,10.77,10.77,10.77,10.76,10.76,10.72,10.65,10.59,10.53,10.47,10.41,10.35,10.30,10.28,10.22,0,0,0,0,0,0,0,0,0,0,0],
[0,0,0,0,0,0,0,0,0,0,0,0,0,0,0,0,0,7.18,7.15,7.13,7.18,0,0,0,0,0,0,0,0,0,0,0,0,0,0,0,0,0,0,0,0,0,0,0,0,0,0,0,0,2.77,2.75,2.72,2.69,2.66,2.65,0,0,0,0,0,0,0,0,0,0,0,0,0,0,0,0,0,10.27,10.27,10.27,10.27,10.27,10.27,10.25,10.28,10.26,10.22,10.19,10.18,0,0,0,0,0,0,0,0,0,0,0,0,0,0,0,0,0,0,0,0,0,0,0,0,0,0,0,0,0,0,0,0,0,0,0,10.27,0,0,0,0,0,0,0,0,0,10.27,10.27,10.27,10.27,10.27,10.32,10.36,10.37,10.37,10.37,10.38,10.38,10.39,10.39,10.40,10.40,10.41,10.45,10.46,10.48,10.49,10.51,10.51,10.51,10.50,10.58,10.62,10.64,10.66,10.70,10.73,10.77,10.75,10.73,10.73,10.74,10.71,10.63,10.56,10.48,10.42,10.39,10.37,10.29,10.25,0,0,0,0,0,0,0,0,0,0,0],
[0,0,0,0,0,0,0,0,0,0,0,0,0,0,0,0,7.27,7.23,7.19,7.19,7.18,0,0,0,0,0,0,0,0,0,0,0,0,0,0,0,0,0,0,0,0,0,0,0,0,0,0,0,0,2.62,2.60,2.58,2.55,2.52,2.51,0,0,0,0,0,0,0,0,0,0,0,0,0,0,0,0,0,10.27,10.27,10.27,10.27,10.27,10.27,10.26,10.27,10.24,10.21,10.18,0,0,0,0,0,0,0,0,0,0,0,0,0,0,0,0,0,0,0,0,0,0,0,0,0,0,0,0,0,0,0,10.27,10.27,10.27,10.27,10.27,10.27,10.27,10.27,0,0,0,0,0,0,10.27,10.27,10.27,10.27,10.27,10.27,10.31,10.35,10.34,10.34,10.34,10.35,10.35,10.35,10.36,10.36,10.37,10.38,10.41,10.42,10.44,10.45,10.47,10.48,10.47,10.49,10.55,10.57,10.59,10.61,10.65,10.69,10.73,10.72,10.70,10.71,10.72,10.73,10.69,10.62,10.54,10.48,10.46,10.40,10.30,0,0,0,0,0,0,0,0,0,0,0,0],
[0,0,0,0,0,0,0,0,0,0,0,0,0,7.18,7.27,7.24,7.24,7.26,7.23,7.19,7.18,0,0,0,0,0,0,0,0,0,0,0,0,0,0,0,0,0,0,0,0,0,0,0,0,0,0,0,0,2.43,2.43,2.44,2.45,2.46,2.44,2.43,2.43,0,0,0,0,0,0,0,0,0,0,0,0,0,0,10.27,10.27,10.27,10.27,10.27,10.27,10.27,10.27,10.26,10.23,10.20,10.18,0,0,0,0,0,0,0,0,0,0,0,0,0,0,0,0,0,0,0,0,0,0,0,0,0,0,0,0,10.27,10.27,10.27,10.27,10.27,10.27,10.27,10.27,10.27,10.27,10.27,10.27,0,0,0,0,10.27,10.27,10.27,10.27,10.27,10.27,0,0,0,0,10.33,10.32,10.32,10.32,10.32,10.32,10.33,10.33,10.35,10.37,10.38,10.40,10.41,10.43,10.44,10.44,10.48,10.51,10.53,10.55,10.57,10.60,10.65,10.70,10.69,10.67,10.68,10.70,10.71,10.71,10.68,10.60,10.55,10.51,10.39,10.34,0,0,0,0,0,0,0,0,0,0,0,0],
[0,0,0,0,0,0,0,0,0,0,0,0,0,7.06,7.11,7.14,7.18,7.16,7.14,7.12,7.01,0,0,0,0,0,0,0,0,0,0,0,0,0,0,0,0,0,0,0,0,0,0,0,0,0,0,2.43,2.43,2.46,2.50,2.50,2.51,2.52,2.51,2.47,2.44,2.43,2.43,0,0,0,0,0,0,0,0,0,0,0,0,10.27,10.27,10.27,10.27,10.27,10.27,10.27,10.29,10.25,10.22,10.18,10.18,0,0,0,0,0,0,0,0,0,0,0,0,0,0,0,0,0,0,0,0,0,0,0,0,0,0,10.27,10.27,10.27,10.27,10.27,10.27,10.27,10.27,10.27,10.27,10.27,10.27,10.27,10.27,10.27,0,0,10.27,10.27,10.27,10.27,10.27,10.27,0,0,0,0,0,0,0,0,10.30,10.30,10.29,10.29,10.30,10.31,10.33,10.34,10.36,10.37,10.39,10.40,10.40,10.44,10.46,10.48,10.50,10.52,10.56,10.61,10.67,10.65,10.65,10.65,10.68,10.69,10.69,10.70,10.66,10.61,10.51,10.43,10.40,0,0,0,0,0,0,0,0,0,0,0,0],
[0,0,0,0,0,0,0,0,0,0,0,0,6.83,6.91,6.94,6.97,6.96,6.94,6.92,6.90,6.81,0,0,0,0,0,0,0,0,0,0,0,0,0,0,0,0,0,0,0,0,0,0,0,0,0,2.43,2.43,2.47,2.52,2.56,2.57,2.56,2.57,2.58,2.54,2.51,2.49,2.46,2.43,2.43,0,0,0,0,0,0,0,0,0,0,10.27,10.27,10.27,10.27,10.27,10.27,10.27,10.30,10.24,10.20,10.18,0,0,0,0,0,0,0,0,0,0,0,0,0,0,0,0,0,0,0,0,0,0,0,0,0,0,10.27,10.27,10.27,10.27,10.27,10.27,10.27,10.27,10.27,10.27,10.27,10.27,10.27,10.27,10.27,10.27,10.27,10.27,10.27,10.27,10.27,10.27,10.27,10.27,0,0,0,0,0,0,0,0,0,0,10.29,10.28,10.27,10.27,10.29,10.30,10.32,10.33,10.35,10.36,10.38,10.40,10.42,10.44,10.46,10.47,10.52,10.58,10.63,10.63,10.62,10.62,10.66,10.67,10.67,10.68,10.68,10.67,10.59,10.49,10.47,0,0,0,0,0,0,0,0,0,0,0,0],
[0,0,0,0,0,0,0,0,0,0,0,0,6.68,6.74,6.75,6.74,6.72,6.71,6.72,6.72,6.64,6.59,0,0,0,0,0,0,0,0,0,0,0,0,0,0,0,0,0,0,0,0,0,0,0,2.43,2.45,2.49,2.54,2.58,2.62,2.65,2.62,2.63,2.64,2.61,2.58,2.55,2.53,2.47,2.43,0,0,0,0,0,0,0,0,0,0,10.27,10.27,10.27,10.27,10.27,10.27,10.27,10.28,10.22,10.19,10.18,0,0,0,0,0,0,0,0,0,0,0,0,0,0,0,0,0,0,0,0,0,0,0,0,0,10.27,10.27,10.27,10.27,10.27,10.27,10.27,10.27,10.27,10.27,10.27,10.27,10.27,10.27,10.27,10.27,10.27,10.27,10.27,10.27,10.27,10.27,10.27,10.27,0,0,0,0,0,0,0,0,0,0,0,0,0,0,0,10.29,10.30,10.31,10.32,10.33,10.34,10.33,10.35,10.37,10.39,10.41,10.43,10.46,10.53,10.60,10.60,10.59,10.60,10.64,10.65,10.65,10.66,10.66,10.65,10.64,10.54,0,0,0,0,0,0,0,0,0,0,0,0,0],
[0,0,0,0,0,0,0,0,0,0,0,6.43,6.53,6.53,6.55,6.58,6.61,6.62,6.61,6.56,6.48,6.42,0,0,0,0,0,0,0,0,0,0,0,0,0,0,0,0,0,0,0,0,0,0,0,2.43,2.49,2.56,2.60,2.64,2.69,2.71,2.73,2.69,2.70,2.67,2.65,2.62,2.57,2.51,2.45,2.43,0,0,0,0,0,0,0,0,0,10.27,10.27,10.27,10.27,10.27,10.27,10.27,10.27,10.21,10.18,0,0,0,0,0,0,0,0,0,0,0,0,0,0,0,0,0,0,0,0,0,0,0,0,0,10.27,10.27,10.27,10.27,10.27,10.27,10.27,10.27,10.27,10.27,10.27,10.27,10.27,10.27,10.27,10.27,10.27,10.27,10.27,10.27,10.27,10.27,10.27,10.27,0,0,0,0,0,0,0,0,0,0,0,0,0,0,0,0,0,0,0,0,0,0,0,10.27,10.32,10.34,10.36,10.38,10.40,10.47,10.53,10.57,10.56,10.57,10.62,10.63,10.63,10.63,10.62,10.61,10.61,10.60,0,0,0,0,0,0,0,0,0,0,0,0,0],
[0,0,0,0,0,0,0,0,0,0,0,6.39,6.40,6.43,6.46,6.49,6.53,6.50,6.45,6.39,6.33,6.31,0,0,0,0,0,0,0,0,0,0,0,0,0,0,0,0,0,0,0,0,0,0,0,2.43,2.51,2.59,2.66,2.71,2.75,2.78,2.80,2.81,2.76,2.74,2.71,2.66,2.61,2.55,2.49,2.44,2.43,0,0,0,0,0,0,0,0,10.27,10.27,10.27,10.27,10.27,10.27,10.27,10.26,10.20,10.18,0,0,0,0,0,0,0,0,0,0,0,0,0,0,0,0,0,0,0,0,0,0,0,10.27,10.27,10.27,10.27,10.27,10.27,10.27,10.27,10.27,10.27,10.27,10.27,10.27,10.27,10.27,10.27,10.27,10.27,10.27,10.27,10.27,10.27,10.27,10.27,10.27,10.27,0,0,0,0,0,0,0,0,0,0,0,0,0,0,0,0,0,0,0,0,0,0,0,0,10.27,10.27,10.31,10.33,10.35,10.41,10.46,10.49,10.52,10.54,10.61,10.60,10.60,10.60,10.60,10.60,10.60,0,0,0,0,0,0,0,0,0,0,0,0,0,0],
[0,0,0,0,0,0,0,0,0,0,0,6.31,6.32,6.33,6.35,6.38,6.42,6.38,6.32,6.26,6.24,6.24,0,0,0,0,0,0,0,0,0,4.43,4.43,4.43,4.43,0,0,0,0,0,0,0,0,0,2.43,2.45,2.54,2.62,2.70,2.76,2.81,2.84,2.85,2.85,2.85,2.81,2.76,2.70,2.64,2.59,2.53,2.47,2.43,0,0,0,0,0,0,0,0,10.27,10.27,10.27,10.27,10.27,10.27,10.27,10.25,10.19,10.18,0,0,0,0,0,0,0,0,0,0,0,0,0,0,0,0,0,0,0,0,0,0,10.27,10.27,10.27,10.27,10.27,10.27,10.27,10.27,10.27,10.27,10.27,10.27,10.27,10.27,10.27,10.27,10.27,10.27,10.27,10.27,10.27,10.27,10.27,10.27,10.27,10.27,10.27,10.27,0,0,0,0,0,0,0,0,0,0,0,0,0,0,0,0,0,0,0,0,0,0,0,0,0,10.27,10.27,10.30,10.35,10.38,10.41,10.53,10.65,10.70,10.67,10.67,0,0,0,0,0,0,0,0,0,0,0,0,0,0,0,0,0,0],
[0,0,0,0,0,0,0,0,0,0,0,6.24,6.25,6.25,6.26,6.27,6.31,6.26,6.22,6.20,6.18,6.18,0,0,0,0,0,0,0,4.43,4.43,4.45,4.45,4.44,4.44,4.43,4.43,0,0,0,0,0,0,0,2.43,2.48,2.56,2.64,2.72,2.81,2.85,2.85,0,0,2.85,2.88,2.83,2.78,2.73,2.67,2.57,2.49,2.43,0,0,0,0,0,0,0,0,10.27,10.27,10.27,10.27,10.27,10.27,10.27,10.24,10.20,10.18,0,0,0,0,0,0,0,0,0,0,0,0,0,0,0,0,0,10.27,10.27,10.27,10.27,10.27,10.27,10.27,10.27,10.27,10.27,10.27,10.27,10.27,10.27,10.27,10.27,10.27,10.27,10.27,10.27,10.27,10.27,10.27,10.27,10.27,10.27,10.27,10.27,10.27,10.27,10.27,10.27,10.27,10.27,0,0,0,0,0,0,0,0,0,0,0,0,0,0,0,0,0,0,0,0,0,0,0,0,0,10.27,10.27,10.35,10.48,10.59,10.71,10.81,10.83,10.98,10.99,0,0,0,0,0,0,0,0,0,0,0,0,0,0,0,0,0,0],
[0,0,0,0,0,0,0,0,0,0,0,6.16,6.17,6.18,6.18,6.19,6.20,6.18,6.16,6.14,6.13,6.12,0,0,0,0,0,0,4.47,4.46,4.48,4.47,4.46,4.46,4.45,4.43,4.44,4.43,0,0,0,0,0,0,2.43,2.50,2.59,2.66,2.74,2.82,2.85,0,0,0,0,2.91,2.90,2.80,2.71,2.64,2.57,2.50,2.43,0,0,0,0,0,0,0,0,10.27,10.27,10.27,10.27,10.27,10.27,10.27,10.24,10.20,10.18,0,0,0,0,0,0,0,0,0,0,0,0,0,0,0,0,10.27,10.27,10.27,10.27,10.27,10.27,10.27,10.27,10.27,10.27,10.27,10.27,10.27,10.27,10.27,10.27,10.27,10.27,10.27,10.27,10.27,10.27,10.27,10.27,10.27,10.27,10.27,10.27,10.27,10.27,10.27,10.27,10.27,10.27,10.27,10.27,10.27,0,0,0,0,0,0,0,0,0,0,0,0,0,0,0,0,0,0,0,0,0,0,0,0,0,0,10.52,10.67,10.82,10.97,11.15,11.28,11.27,0,0,0,0,0,0,0,0,0,0,0,0,0,0,0,0,0,0],
[0,0,0,0,0,0,0,0,0,0,0,6.10,6.11,6.12,6.14,6.15,6.16,6.15,6.13,6.11,6.09,6.06,0,0,0,0,0,0,4.52,4.51,4.49,4.49,4.48,4.46,4.45,4.43,4.43,4.45,4.43,4.37,3.97,3.52,3.07,2.43,2.46,2.52,2.59,2.67,2.75,2.83,2.85,0,0,0,0,0,2.87,2.78,2.71,2.64,2.57,2.50,2.43,0,0,0,0,0,0,0,0,0,10.27,10.27,10.27,10.27,10.27,10.27,10.24,10.21,10.18,10.18,0,0,0,0,0,0,0,0,0,0,0,0,0,0,0,10.27,10.27,10.27,10.27,10.27,10.27,10.27,10.27,10.27,10.27,10.27,10.27,10.27,10.27,10.27,10.27,10.27,10.27,10.27,10.27,10.27,10.27,10.27,10.27,10.27,10.27,10.27,10.27,10.27,10.27,10.27,10.27,10.27,10.27,10.27,10.27,10.27,10.27,0,0,0,0,0,0,0,0,0,0,0,0,0,0,0,0,0,0,0,0,0,0,0,0,0,0,0,0,0,0,11.35,0,0,0,0,0,0,0,0,0,0,0,0,0,0,0,0,0,0,0],
[0,0,0,0,0,0,0,0,0,0,0,6.10,6.10,6.10,6.11,6.12,6.14,6.13,6.11,6.09,6.07,6.03,6.00,0,0,0,0,4.59,4.57,4.52,4.51,4.49,4.48,4.46,4.45,4.43,4.43,4.46,4.45,4.26,4.02,3.57,3.12,2.45,2.49,2.56,2.63,2.69,2.76,2.83,2.85,0,0,0,0,2.93,2.93,2.84,2.73,2.64,2.57,2.50,2.43,0,0,0,0,0,0,0,0,0,10.27,10.27,10.27,10.27,10.27,10.27,10.24,10.21,10.19,10.18,0,0,0,0,0,0,0,0,0,0,0,0,0,0,10.27,10.27,10.27,10.27,10.27,10.27,10.27,10.27,10.27,10.27,10.27,10.27,10.27,10.27,10.27,10.27,10.27,10.27,10.27,10.27,10.27,10.27,10.27,10.27,10.27,10.27,10.27,10.27,10.27,10.27,10.27,10.27,10.27,10.27,10.27,10.27,10.27,10.27,10.27,10.27,10.27,0,0,0,0,0,0,0,0,0,0,0,0,0,0,0,0,0,0,0,0,0,0,0,0,0,0,0,0,0,0,0,0,0,0,0,0,0,0,0,0,0,0,0,0,0,0,0,0],
[0,0,0,0,0,0,0,0,0,0,0,0,6.10,6.10,6.10,6.10,6.11,6.11,6.09,6.07,6.05,6.01,5.97,5.95,0,0,4.65,4.63,4.58,4.54,4.51,4.49,4.48,4.46,4.45,4.43,4.43,4.44,4.47,4.34,4.06,3.65,3.19,2.69,2.50,2.57,2.64,2.71,2.77,2.83,2.85,0,0,0,0,2.93,2.90,2.83,2.76,2.68,2.58,2.50,2.43,0,0,0,0,0,0,0,0,0,10.27,10.27,10.27,10.27,10.27,10.27,10.24,10.22,10.19,10.18,0,0,0,0,0,0,0,0,0,0,0,0,0,0,10.27,10.27,10.27,10.27,10.27,10.27,10.27,10.27,10.27,10.27,10.27,10.27,10.27,10.27,10.27,10.27,10.27,10.27,10.27,10.27,10.27,10.27,10.27,10.27,10.27,10.27,10.27,10.27,10.27,10.27,10.27,10.27,10.27,10.27,10.27,10.27,10.27,10.27,10.27,10.27,10.27,10.27,0,0,0,0,0,0,0,0,0,0,0,0,0,0,0,0,0,0,0,0,0,0,0,0,0,0,0,0,0,0,0,0,0,0,0,0,0,0,0,0,0,0,0,0,0,0,0],
[0,0,0,0,0,0,0,0,0,0,0,0,6.10,6.10,6.10,6.10,6.10,6.09,6.07,6.05,6.02,5.98,5.94,5.73,5.40,5.06,4.67,4.64,4.60,4.57,4.53,4.50,4.48,4.46,4.45,4.43,4.43,4.43,4.48,4.50,3.96,3.62,3.26,2.76,2.51,2.58,2.65,2.71,2.73,2.79,2.85,2.85,0,0,3.00,2.95,2.87,2.80,2.73,2.65,2.58,2.51,2.43,0,0,0,0,0,0,0,0,0,0,10.27,10.27,10.27,10.27,10.27,10.24,10.22,10.20,10.18,0,0,0,0,0,0,0,0,0,0,0,0,0,0,10.27,10.27,10.27,10.27,10.27,10.27,10.27,10.27,10.27,10.27,10.27,10.27,10.27,10.27,10.27,10.27,10.27,10.27,10.27,10.27,10.27,10.27,10.27,10.27,10.27,10.27,10.27,10.27,10.27,10.27,10.27,10.27,10.27,10.27,10.27,10.27,10.27,10.27,10.27,10.27,10.27,10.27,10.27,0,0,0,0,0,0,0,0,0,0,0,0,0,0,0,0,0,0,0,0,0,0,0,0,0,0,0,0,0,0,0,0,0,0,0,0,0,0,0,0,0,0,0,0,0,0],
[0,0,0,0,0,0,0,0,0,0,0,0,0,0,0,0,0,6.07,6.05,6.03,5.99,5.96,5.87,5.65,5.28,4.93,4.72,4.65,4.63,4.59,4.55,4.52,4.48,4.46,4.45,4.43,4.43,4.43,4.47,4.51,3.74,3.50,3.20,2.86,2.52,2.59,2.62,2.63,2.69,2.75,2.81,2.84,2.85,2.85,2.82,2.77,2.84,2.76,2.68,2.61,2.54,2.46,2.43,0,0,0,0,0,0,0,0,0,0,10.27,10.27,10.27,10.27,10.27,10.25,10.23,10.20,10.18,0,0,0,0,0,0,0,0,0,0,0,0,0,10.27,10.27,10.27,10.27,10.27,10.27,10.27,10.27,10.27,10.27,10.27,10.27,10.27,10.27,10.27,10.27,10.27,10.27,10.27,10.27,10.27,10.27,10.27,10.27,10.27,10.27,10.27,10.27,10.27,10.27,10.27,10.27,10.27,10.27,10.27,10.27,10.27,10.27,10.27,10.27,10.27,10.27,10.27,10.27,10.27,0,0,0,0,0,0,0,0,0,0,0,0,0,0,0,0,0,0,0,0,0,0,0,0,0,0,0,0,0,0,0,0,0,0,0,0,0,0,0,0,0,0,0,0,0],
[0,0,0,0,0,0,0,0,0,0,0,0,0,0,0,0,0,0,6.03,6.01,5.97,5.92,5.75,5.56,5.20,4.87,4.78,4.65,4.62,4.59,4.57,4.54,4.51,4.47,4.45,4.43,4.43,4.43,4.43,4.51,4.05,3.48,3.14,2.79,2.51,2.52,2.54,2.58,2.64,2.66,2.72,2.78,2.84,2.80,2.75,2.70,2.67,2.63,2.65,2.57,2.50,2.43,0,0,0,0,0,0,0,0,0,0,0,0,10.27,10.27,10.27,10.27,10.25,10.23,10.21,10.19,10.18,0,0,0,0,0,0,0,0,0,0,0,0,10.27,10.27,10.27,10.27,10.27,10.27,10.27,10.27,10.27,10.27,10.27,10.27,10.27,10.27,10.27,10.27,10.27,10.27,10.27,10.27,10.27,10.27,10.27,10.27,10.27,10.27,10.27,10.27,10.27,10.27,10.27,10.27,10.27,10.27,10.27,10.27,10.27,10.27,10.27,10.27,10.27,10.27,10.27,10.27,10.27,10.27,0,0,0,0,0,0,0,0,0,0,0,0,0,0,0,0,0,0,0,0,0,0,0,0,0,0,0,0,0,0,0,0,0,0,0,0,0,0,0,0,0,0,0,0],
[0,0,0,0,0,0,0,0,0,0,0,0,0,0,0,0,0,0,0,5.98,5.94,5.79,5.64,5.47,5.08,4.86,4.77,4.69,4.60,4.58,4.55,4.53,4.51,4.48,4.46,4.43,4.43,4.43,4.43,4.49,4.29,0,0,0,2.48,2.45,2.48,2.54,2.60,2.66,2.72,2.78,2.84,2.81,2.76,2.71,2.65,2.60,2.55,2.49,2.45,2.43,0,0,0,0,0,0,0,0,0,0,0,0,10.27,10.27,10.27,10.27,10.26,10.24,10.21,10.19,10.18,0,0,0,0,0,0,0,0,0,0,0,0,10.27,10.27,10.27,10.27,10.27,10.27,10.27,10.27,10.27,10.27,10.27,10.27,10.27,10.27,10.27,10.27,10.27,10.27,10.27,0,0,0,10.27,10.27,10.27,10.27,10.27,10.27,10.27,10.27,10.27,10.27,10.27,10.27,10.27,10.27,10.27,10.27,10.27,10.27,10.27,10.27,10.27,10.27,10.27,10.27,0,0,0,0,0,0,0,0,0,0,0,0,0,0,0,0,0,0,0,0,0,0,0,0,0,0,0,0,0,0,0,0,0,0,0,0,0,0,0,0,0,0,0,0],
[0,0,0,0,0,0,0,0,0,0,0,0,0,0,0,0,0,0,0,0,5.84,5.64,5.47,5.30,4.96,4.83,4.75,4.67,4.61,4.57,4.55,4.53,4.50,4.48,4.45,4.43,4.43,4.43,4.43,4.43,0,0,0,0,0,2.43,2.43,2.49,2.55,2.61,2.67,2.72,2.75,2.75,2.71,2.66,2.61,2.57,2.52,2.47,2.43,0,0,0,0,0,0,0,0,0,0,0,0,0,0,10.27,10.27,10.27,10.26,10.24,10.22,10.20,10.18,0,0,0,0,0,0,0,0,0,0,0,10.27,10.27,10.27,10.27,10.27,10.27,10.27,10.27,10.27,10.27,10.27,0,0,0,0,0,0,0,0,0,0,0,10.27,10.27,10.27,10.27,10.27,10.27,10.27,10.27,10.27,10.27,10.27,10.27,10.27,10.27,10.27,10.27,10.27,10.27,10.27,10.27,10.27,10.27,10.27,10.27,10.29,0,0,0,0,0,0,0,0,0,0,0,0,0,0,0,0,0,0,0,0,0,0,0,0,0,0,0,0,0,0,0,0,0,0,0,0,0,0,0,0,0,0,0,0],
[0,0,0,0,0,0,0,0,0,0,0,0,0,0,0,0,0,0,0,0,0,0,5.30,5.11,4.89,4.82,4.75,4.68,4.62,4.56,4.54,4.53,4.50,4.48,4.45,4.43,4.43,4.43,4.43,4.43,0,0,0,0,0,0,2.43,2.43,2.49,2.54,2.58,2.61,2.63,2.63,2.62,2.58,2.54,2.49,2.45,2.43,2.43,0,0,0,0,0,0,0,0,0,0,0,0,0,0,0,10.27,10.27,10.26,10.24,10.22,10.20,10.18,0,0,0,0,0,0,0,0,0,0,10.27,10.27,10.27,10.27,10.27,10.27,10.27,10.27,10.27,10.27,10.27,10.27,0,0,0,0,0,0,0,0,0,0,0,10.27,10.27,10.27,10.27,10.27,10.27,10.27,10.27,10.27,10.27,10.27,10.27,10.27,10.27,10.27,10.27,10.27,10.27,10.27,10.27,10.27,10.27,10.27,10.31,10.32,0,0,0,0,0,0,0,0,0,0,0,0,0,0,0,0,0,0,0,0,0,0,0,0,0,0,0,0,0,0,0,0,0,0,0,0,0,0,0,0,0,0,0,0],
[0,0,0,0,0,0,0,0,0,0,0,0,0,0,0,0,0,0,0,0,0,0,0,4.95,4.89,4.83,4.76,4.69,4.63,4.56,4.53,4.51,4.49,4.48,4.45,4.43,4.43,4.43,4.43,0,0,0,0,0,0,0,0,2.43,2.43,2.44,2.47,2.51,2.51,2.51,2.50,2.50,2.46,2.43,2.43,0,0,0,0,0,0,0,0,0,0,0,0,0,0,0,0,0,10.27,10.27,10.26,10.24,10.22,10.20,10.19,10.18,0,0,0,0,0,0,0,0,10.27,10.27,10.27,10.27,10.27,10.27,10.27,10.27,10.27,10.27,10.27,10.27,10.27,0,0,0,0,0,0,0,0,0,0,0,10.27,10.27,10.27,10.27,10.27,10.27,10.27,10.27,10.27,10.27,10.27,10.27,10.27,10.27,10.27,10.27,10.27,10.27,10.27,10.27,10.27,10.27,10.27,10.33,10.34,0,0,0,0,0,0,0,0,0,0,0,0,0,0,0,0,0,0,0,0,0,0,0,0,0,0,0,0,0,0,0,0,0,0,0,0,0,0,0,0,0,0,0,0],
[0,0,0,0,0,0,0,0,0,0,0,0,0,0,0,0,0,0,0,0,0,0,0,0,0,0,4.75,4.69,4.63,4.57,4.51,4.49,4.47,4.46,4.45,4.43,4.43,4.43,4.43,0,0,0,0,0,0,0,0,0,0,0,2.43,2.43,2.43,2.43,2.43,2.43,2.43,0,0,0,0,0,0,0,0,0,0,0,0,0,0,0,0,0,0,0,0,10.27,10.26,10.24,10.23,10.21,10.20,10.18,10.18,0,0,0,0,0,0,10.27,10.27,10.27,10.27,10.27,10.27,10.27,10.27,10.27,10.27,10.27,10.27,10.27,10.27,0,0,0,0,0,0,0,0,0,0,10.27,10.27,10.27,10.27,10.27,10.27,10.27,10.27,10.27,10.27,10.27,10.27,10.27,10.27,10.27,10.27,10.27,10.27,10.27,10.27,10.27,10.27,10.27,10.35,10.35,10.35,0,0,0,0,0,0,0,0,0,0,0,0,0,0,0,0,0,0,0,0,0,0,0,0,0,0,0,0,0,0,0,0,0,0,0,0,0,0,0,0,0,0,0,0],
[0,0,0,0,0,0,0,0,0,0,0,0,0,0,0,0,0,0,0,0,0,0,0,0,0,0,0,0,0,0,0,4.49,4.47,4.44,4.43,4.43,4.43,0,0,0,0,0,0,0,0,0,0,0,0,0,0,0,0,0,0,0,0,0,0,0,0,0,0,0,0,0,0,0,0,0,0,0,0,0,0,0,0,10.27,10.26,10.25,10.24,10.22,10.21,10.19,10.18,0,0,0,0,0,10.27,10.27,10.27,10.27,10.27,10.27,10.27,10.27,10.27,10.27,10.27,10.27,10.27,10.27,10.27,0,0,0,0,0,0,0,0,0,0,10.27,10.27,10.27,10.27,10.27,10.27,10.27,10.27,10.27,10.27,10.27,10.27,10.27,10.27,10.27,10.27,10.27,10.27,10.27,10.27,10.27,10.27,10.27,0,0,0,0,0,0,0,0,0,0,0,0,0,0,0,0,0,0,0,0,0,0,0,0,0,0,0,0,0,0,0,0,0,0,0,0,0,0,0,0,0,0,0,0,0,0,0],
[0,0,0,0,0,0,0,0,0,0,0,0,0,0,0,0,0,0,0,0,0,0,0,0,0,0,0,0,0,0,0,0,0,0,0,0,0,0,0,0,0,0,0,0,0,0,0,0,0,0,0,0,0,0,0,0,0,0,0,0,0,0,0,0,0,0,0,0,0,0,0,0,0,0,0,0,0,0,10.27,10.26,10.24,10.23,10.21,10.20,10.19,10.20,0,0,10.27,10.27,10.27,10.27,10.27,10.27,10.27,10.27,10.27,10.27,10.27,10.27,10.27,10.27,10.27,10.27,10.27,0,0,0,0,0,0,0,0,0,0,10.27,10.27,10.27,10.27,10.27,10.27,10.27,10.27,10.27,10.27,10.27,10.27,10.27,10.27,10.27,10.27,10.27,10.27,10.27,10.27,10.27,10.27,10.27,0,0,0,0,0,0,0,0,0,0,0,0,0,0,0,0,0,0,0,0,0,0,0,0,0,0,0,0,0,0,0,0,0,0,0,0,0,0,0,0,0,0,0,0,0,0,0],
[0,0,0,0,0,0,0,0,0,0,0,0,0,0,0,0,0,0,0,0,0,0,0,0,0,0,0,0,0,0,0,0,0,0,0,0,0,0,0,0,0,0,0,0,0,0,0,0,0,0,0,0,0,0,0,0,0,0,0,0,0,0,0,0,0,0,0,0,0,0,0,0,0,0,0,0,0,0,10.27,10.26,10.25,10.24,10.22,10.21,10.21,10.25,10.27,10.27,10.27,10.27,10.27,10.27,10.27,10.27,10.27,10.27,10.27,10.27,10.27,10.27,10.27,10.27,10.27,10.27,10.27,0,0,0,0,0,0,0,0,0,0,10.27,10.27,10.27,10.27,10.27,10.27,10.27,10.27,10.27,10.27,10.27,10.27,10.27,10.27,10.27,10.27,10.27,10.27,10.27,10.27,10.27,10.27,10.27,0,0,0,0,0,0,0,0,0,0,0,0,0,0,0,0,0,0,0,0,0,0,0,0,0,0,0,0,0,0,0,0,0,0,0,0,0,0,0,0,0,0,0,0,0,0,0],
[0,0,0,0,0,0,0,0,0,0,0,0,0,0,0,0,0,0,0,0,0,0,0,0,0,0,0,0,0,0,0,0,0,0,0,0,0,0,0,0,0,0,0,0,0,0,0,0,0,0,0,0,0,0,0,0,0,0,0,0,0,0,0,0,0,0,0,0,0,0,0,0,0,0,0,0,0,0,0,10.27,10.26,10.24,10.23,10.24,10.27,10.27,10.27,10.27,10.27,10.27,10.27,10.27,10.27,10.27,10.27,10.27,10.27,10.27,10.27,10.27,10.27,10.27,10.27,10.27,10.27,0,0,0,0,0,0,0,0,0,0,0,10.27,10.27,10.27,10.27,10.27,10.27,10.27,10.27,10.27,10.27,10.27,10.27,10.27,10.27,10.27,10.27,10.27,10.27,10.27,10.27,10.27,10.27,0,0,0,0,0,0,0,0,0,0,0,0,0,0,0,0,0,0,0,0,0,0,0,0,0,0,0,0,0,0,0,0,0,0,0,0,0,0,0,0,0,0,0,0,0,0,0],
[0,0,0,0,0,0,0,0,0,0,0,0,0,0,0,0,0,0,0,0,0,0,0,0,0,0,0,0,0,0,0,0,0,0,0,0,0,0,0,0,0,0,0,0,0,0,0,0,0,0,0,0,0,0,0,0,0,0,0,0,0,0,0,0,0,0,0,0,0,0,0,0,0,0,0,0,0,0,0,10.27,10.27,10.25,10.27,10.27,10.27,10.27,10.27,10.27,10.27,10.27,10.27,10.27,10.27,10.27,10.27,10.27,10.27,10.27,10.27,10.27,10.27,10.27,10.27,10.27,10.27,0,0,0,0,0,0,0,0,0,0,0,10.27,10.27,10.27,10.27,10.27,10.27,10.27,10.27,10.27,10.27,10.27,10.27,10.27,10.27,10.27,10.27,10.27,10.27,10.27,10.27,10.27,10.27,0,0,0,0,0,0,0,0,0,0,0,0,0,0,0,0,0,0,0,0,0,0,0,0,0,0,0,0,0,0,0,0,0,0,0,0,0,0,0,0,0,0,0,0,0,0,0],
[0,0,0,0,0,0,0,0,0,0,0,0,0,0,0,0,0,0,0,0,0,0,0,0,0,0,0,0,0,0,0,0,0,0,0,0,0,0,0,0,0,0,0,0,0,0,0,0,0,0,0,0,0,0,0,0,0,0,0,0,0,0,0,0,0,0,0,0,0,0,0,0,0,0,0,0,0,0,0,0,10.27,10.27,10.27,10.27,10.27,10.27,10.27,10.27,10.27,10.27,10.27,10.27,10.27,10.27,10.27,10.27,10.27,10.27,10.27,10.27,10.27,10.27,10.27,10.27,10.27,0,0,0,0,0,0,0,0,0,0,0,10.27,10.27,10.27,10.27,10.27,10.27,10.27,10.27,10.27,10.27,10.27,10.27,10.27,10.27,10.27,10.27,10.27,10.27,10.27,10.27,10.27,0,0,0,0,0,0,0,0,0,0,0,0,0,0,0,0,0,0,0,0,0,0,0,0,0,0,0,0,0,0,0,0,0,0,0,0,0,0,0,0,0,0,0,0,0,0,0,0],
[0,0,0,0,0,0,0,0,0,0,0,0,0,0,0,0,0,0,0,0,0,0,0,0,0,0,0,0,0,0,0,0,0,0,0,0,0,0,0,0,0,0,0,0,0,0,0,0,0,0,0,0,0,0,0,0,0,0,0,0,0,0,0,0,0,0,0,0,0,0,0,0,0,0,0,0,0,0,0,0,10.27,10.27,10.27,10.27,10.27,10.27,10.27,10.27,10.27,10.27,10.27,10.27,10.27,10.27,10.27,10.27,10.27,10.27,10.27,10.27,10.27,10.27,10.27,10.27,10.27,10.27,0,0,0,0,0,0,0,0,0,10.27,10.27,10.27,10.27,10.27,10.27,10.27,10.27,10.27,10.27,10.27,10.27,10.27,10.27,10.27,10.27,10.27,10.27,10.27,10.27,10.27,10.27,0,0,0,0,0,0,0,0,0,0,0,0,0,0,0,0,0,0,0,0,0,0,0,0,0,0,0,0,0,0,0,0,0,0,0,0,0,0,0,0,0,0,0,0,0,0,0,0],
[0,0,0,0,0,0,0,0,0,0,0,0,0,0,0,0,0,0,0,0,0,0,0,0,0,0,0,0,0,0,0,0,0,0,0,0,0,0,0,0,0,0,0,0,0,0,0,0,0,0,0,0,0,0,0,0,0,0,0,0,0,0,0,0,0,0,0,0,0,0,0,0,0,0,0,0,0,0,0,0,0,10.27,10.27,10.27,10.27,10.27,10.27,10.27,10.27,10.27,10.27,10.27,10.27,10.27,10.27,10.27,10.27,10.27,10.27,10.27,10.27,10.27,10.27,10.27,10.27,10.27,10.27,0,0,0,0,0,0,0,10.27,10.27,10.27,10.27,10.27,10.27,10.27,10.27,10.27,10.27,10.27,10.27,10.27,10.27,10.27,10.27,10.27,10.27,10.27,10.27,10.27,10.27,0,0,0,0,0,0,0,0,0,0,0,0,0,0,0,0,0,0,0,0,0,0,0,0,0,0,0,0,0,0,0,0,0,0,0,0,0,0,0,0,0,0,0,0,0,0,0,0,0],
[0,0,0,0,0,0,0,0,0,0,0,0,0,0,0,0,0,0,0,0,0,0,0,0,0,0,0,0,0,0,0,0,0,0,0,0,0,0,0,0,0,0,0,0,0,0,0,0,0,0,0,0,0,0,0,0,0,0,0,0,0,0,0,0,0,0,0,0,0,0,0,0,0,0,0,0,0,0,0,0,0,0,10.27,10.27,10.27,10.27,10.27,10.27,10.27,10.27,10.27,10.27,10.27,10.27,10.27,10.27,10.27,10.27,10.27,10.27,10.27,10.27,10.27,10.27,10.27,10.27,10.27,0,0,0,0,0,0,10.27,10.27,10.27,10.27,10.27,10.27,10.27,10.27,10.27,10.27,10.27,10.27,10.27,10.27,10.27,10.27,10.27,10.27,10.27,10.27,10.27,10.27,0,0,0,0,0,0,0,0,0,0,0,0,0,0,0,0,0,0,0,0,0,0,0,0,0,0,0,0,0,0,0,0,0,0,0,0,0,0,0,0,0,0,0,0,0,0,0,0,0,0],
[0,0,0,0,0,0,0,0,0,0,0,0,0,0,0,0,0,0,0,0,0,0,0,0,0,0,0,0,0,0,0,0,0,0,0,0,0,0,0,0,0,0,0,0,0,0,0,0,0,0,0,0,0,0,0,0,0,0,0,0,0,0,0,0,0,0,0,0,0,0,0,0,0,0,0,0,0,0,0,0,0,0,0,10.27,10.27,10.27,10.27,10.27,10.27,10.27,10.27,10.27,10.27,10.27,10.27,10.27,10.27,10.27,10.27,10.27,10.27,10.27,10.27,10.27,10.27,10.27,10.27,10.27,10.27,10.27,10.27,10.27,10.27,10.27,10.27,10.27,10.27,10.27,10.27,10.27,10.27,10.27,10.27,10.27,10.27,10.27,10.27,10.27,10.27,10.27,10.27,10.27,10.27,10.27,0,0,0,0,0,0,0,0,0,0,0,0,0,0,0,0,0,0,0,0,0,0,0,0,0,0,0,0,0,0,0,0,0,0,0,0,0,0,0,0,0,0,0,0,0,0,0,0,0,0,0],
[0,0,0,0,0,0,0,0,0,0,0,0,0,0,0,0,0,0,0,0,0,0,0,0,0,0,0,0,0,0,0,0,0,0,0,0,0,0,0,0,0,0,0,0,0,0,0,0,0,0,0,0,0,0,0,0,0,0,0,0,0,0,0,0,0,0,0,0,0,0,0,0,0,0,0,0,0,0,0,0,0,0,0,0,10.27,10.27,10.27,10.27,10.27,10.27,10.27,10.27,10.27,10.27,10.27,10.27,10.27,10.27,10.27,10.27,10.27,10.27,10.27,10.27,10.27,10.27,10.27,10.27,10.27,10.27,10.27,10.27,10.27,10.27,10.27,10.27,10.27,10.27,10.27,10.27,10.27,10.27,10.27,10.27,10.27,10.27,10.27,10.27,10.27,10.27,10.27,10.27,10.27,0,0,0,0,0,0,0,0,0,0,0,0,0,0,0,0,0,0,0,0,0,0,0,0,0,0,0,0,0,0,0,0,0,0,0,0,0,0,0,0,0,0,0,0,0,0,0,0,0,0,0,0],
[0,0,0,0,0,0,0,0,0,0,0,0,0,0,0,0,0,0,0,0,0,0,0,0,0,0,0,0,0,0,0,0,0,0,0,0,0,0,0,0,0,0,0,0,0,0,0,0,0,0,0,0,0,0,0,0,0,0,0,0,0,0,0,0,0,0,0,0,0,0,0,0,0,0,0,0,0,0,0,0,0,0,0,0,0,10.27,10.27,10.27,10.27,10.27,10.27,10.27,10.27,10.27,10.27,10.27,10.27,10.27,10.27,10.27,10.27,10.27,10.27,10.27,10.27,10.27,10.27,10.27,10.27,10.27,10.27,10.27,10.27,10.27,10.27,10.27,10.27,10.27,10.27,10.27,10.27,10.27,10.27,10.27,10.27,10.27,10.27,10.27,10.27,0,0,0,0,0,0,0,0,0,0,0,0,0,0,0,0,0,0,0,0,0,0,0,0,0,0,0,0,0,0,0,0,0,0,0,0,0,0,0,0,0,0,0,0,0,0,0,0,0,0,0,0,0,0,0,0],
[0,0,0,0,0,0,0,0,0,0,0,0,0,0,0,0,0,0,0,0,0,0,0,0,0,0,0,0,0,0,0,0,0,0,0,0,0,0,0,0,0,0,0,0,0,0,0,0,0,0,0,0,0,0,0,0,0,0,0,0,0,0,0,0,0,0,0,0,0,0,0,0,0,0,0,0,0,0,0,0,0,0,0,0,0,0,10.27,10.27,10.27,10.27,10.27,10.27,10.27,10.27,10.27,10.27,10.27,10.27,10.27,10.27,10.27,10.27,10.27,10.27,10.27,10.27,10.27,10.27,10.27,10.27,10.27,10.27,10.27,10.27,10.27,10.27,10.27,10.27,10.27,10.27,10.27,10.27,10.27,10.27,10.27,10.27,0,0,0,0,0,0,0,0,0,0,0,0,0,0,0,0,0,0,0,0,0,0,0,0,0,0,0,0,0,0,0,0,0,0,0,0,0,0,0,0,0,0,0,0,0,0,0,0,0,0,0,0,0,0,0,0,0,0,0],
[0,0,0,0,0,0,0,0,0,0,0,0,0,0,0,0,0,0,0,0,0,0,0,0,0,0,0,0,0,0,0,0,0,0,0,0,0,0,0,0,0,0,0,0,0,0,0,0,0,0,0,0,0,0,0,0,0,0,0,0,0,0,0,0,0,0,0,0,0,0,0,0,0,0,0,0,0,0,0,0,0,0,0,0,0,0,0,10.27,10.27,10.27,10.27,10.27,10.27,10.27,10.27,10.27,10.27,10.27,10.27,10.27,10.27,10.27,10.27,10.27,10.27,10.27,10.27,10.27,10.27,10.27,10.27,10.27,10.27,10.27,10.27,10.27,10.27,10.27,10.27,10.27,10.27,10.27,10.27,10.27,0,0,0,0,0,0,0,0,0,0,0,0,0,0,0,0,0,0,0,0,0,0,0,0,0,0,0,0,0,0,0,0,0,0,0,0,0,0,0,0,0,0,0,0,0,0,0,0,0,0,0,0,0,0,0,0,0,0,0,0,0],
[0,0,0,0,0,0,0,0,0,0,0,0,0,0,0,0,0,0,0,0,0,0,0,0,0,0,0,0,0,0,0,0,0,0,0,0,0,0,0,0,0,0,0,0,0,0,0,0,0,0,0,0,0,0,0,0,0,0,0,0,0,0,0,0,0,0,0,0,0,0,0,0,0,0,0,0,0,0,0,0,0,0,0,0,0,0,0,10.27,10.27,10.27,10.27,10.27,10.27,10.27,10.27,10.27,10.27,10.27,10.27,10.27,10.27,10.27,10.27,10.27,10.27,10.27,10.27,10.27,10.27,10.27,10.27,10.27,10.27,10.27,10.27,10.27,10.27,10.27,10.27,10.27,10.27,0,0,0,0,0,0,0,0,0,0,0,0,0,0,0,0,0,0,0,0,0,0,0,0,0,0,0,0,0,0,0,0,0,0,0,0,0,0,0,0,0,0,0,0,0,0,0,0,0,0,0,0,0,0,0,0,0,0,0,0,0,0,0,0],
[0,0,0,0,0,0,0,0,0,0,0,0,0,0,0,0,0,0,0,0,0,0,0,0,0,0,0,0,0,0,0,0,0,0,0,0,0,0,0,0,0,0,0,0,0,0,0,0,0,0,0,0,0,0,0,0,0,0,0,0,0,0,0,0,0,0,0,0,0,0,0,0,0,0,0,0,0,0,0,0,0,0,0,0,0,0,0,10.27,10.27,10.27,10.27,10.27,10.27,10.27,10.27,10.27,10.27,10.27,10.27,10.27,10.27,10.27,10.27,10.27,10.27,10.27,10.27,10.27,10.27,10.27,10.27,10.27,10.27,10.27,10.27,10.27,10.27,10.27,10.27,10.27,0,0,0,0,0,0,0,0,0,0,0,0,0,0,0,0,0,0,0,0,0,0,0,0,0,0,0,0,0,0,0,0,0,0,0,0,0,0,0,0,0,0,0,0,0,0,0,0,0,0,0,0,0,0,0,0,0,0,0,0,0,0,0,0,0],
[0,0,0,0,0,0,0,0,0,0,0,0,0,0,0,0,0,0,0,0,0,0,0,0,0,0,0,0,0,0,0,0,0,0,0,0,0,0,0,0,0,0,0,0,0,0,0,0,0,0,0,0,0,0,0,0,0,0,0,0,0,0,0,0,0,0,0,0,0,0,0,0,0,0,0,0,0,0,0,0,0,0,0,0,0,0,0,10.27,10.27,10.27,10.27,10.27,10.27,10.27,10.27,10.27,10.27,10.27,10.27,10.27,10.27,10.27,10.27,10.27,10.27,10.27,10.27,10.27,10.27,10.27,10.27,10.27,10.27,10.27,10.27,10.27,10.27,10.27,10.27,10.27,0,0,0,0,0,0,0,0,0,0,0,0,0,0,0,0,0,0,0,0,0,0,0,0,0,0,0,0,0,0,0,0,0,0,0,0,0,0,0,0,0,0,0,0,0,0,0,0,0,0,0,0,0,0,0,0,0,0,0,0,0,0,0,0,0],
[0,0,0,0,0,0,0,0,0,0,0,0,0,0,0,0,0,0,0,0,0,0,0,0,0,0,0,0,0,0,0,0,0,0,0,0,0,0,0,0,0,0,0,0,0,0,0,0,0,0,0,0,0,0,0,0,0,0,0,0,0,0,0,0,0,0,0,0,0,0,0,0,0,0,0,0,0,0,0,0,0,0,0,0,0,0,0,10.27,10.27,10.27,10.27,10.27,10.27,10.27,10.27,10.27,10.27,10.27,10.27,10.27,10.27,10.27,10.27,10.27,10.27,10.27,10.27,10.27,10.27,10.27,10.27,10.27,10.27,10.27,10.27,10.27,10.27,10.27,10.27,0,0,0,0,0,0,0,0,0,0,0,0,0,0,0,0,0,0,0,0,0,0,0,0,0,0,0,0,0,0,0,0,0,0,0,0,0,0,0,0,0,0,0,0,0,0,0,0,0,0,0,0,0,0,0,0,0,0,0,0,0,0,0,0,0,0],
[0,0,0,0,0,0,0,0,0,0,0,0,0,0,0,0,0,0,0,0,0,0,0,0,0,0,0,0,0,0,0,0,0,0,0,0,0,0,0,0,0,0,0,0,0,0,0,0,0,0,0,0,0,0,0,0,0,0,0,0,0,0,0,0,0,0,0,0,0,0,0,0,0,0,0,0,0,0,0,0,0,0,0,0,0,0,0,0,10.27,10.27,10.27,10.27,10.27,10.27,10.27,10.27,10.27,10.27,10.27,10.27,10.27,10.27,10.27,10.27,10.27,10.27,10.27,10.27,10.27,10.27,10.27,10.27,10.27,10.27,10.27,10.27,10.27,10.27,10.27,0,0,0,0,0,0,0,0,0,0,0,0,0,0,0,0,0,0,0,0,0,0,0,0,0,0,0,0,0,0,0,0,0,0,0,0,0,0,0,0,0,0,0,0,0,0,0,0,0,0,0,0,0,0,0,0,0,0,0,0,0,0,0,0,0,0],
[0,0,0,0,0,0,0,0,0,0,0,0,0,0,0,0,0,0,0,0,0,0,0,0,0,0,0,0,0,0,0,0,0,0,0,0,0,0,0,0,0,0,0,0,0,0,0,0,0,0,0,0,0,0,0,0,0,0,0,0,0,0,0,0,0,0,0,0,0,0,0,0,0,0,0,0,0,0,0,0,0,0,0,0,0,0,0,0,0,10.27,10.27,10.27,10.27,10.27,10.27,10.27,10.27,10.27,10.27,10.27,10.27,10.27,10.27,10.27,10.27,10.27,10.27,10.27,10.27,10.27,10.27,10.27,10.27,10.27,10.27,10.27,10.27,10.27,10.27,0,0,0,0,0,0,0,0,0,0,0,0,0,0,0,0,0,0,0,0,0,0,0,0,0,0,0,0,0,0,0,0,0,0,0,0,0,0,0,0,0,0,0,0,0,0,0,0,0,0,0,0,0,0,0,0,0,0,0,0,0,0,0,0,0,0],
[0,0,0,0,0,0,0,0,0,0,0,0,0,0,0,0,0,0,0,0,0,0,0,0,0,0,0,0,0,0,0,0,0,0,0,0,0,0,0,0,0,0,0,0,0,0,0,0,0,0,0,0,0,0,0,0,0,0,0,0,0,0,0,0,0,0,0,0,0,0,0,0,0,0,0,0,0,0,0,0,0,0,0,0,0,0,0,0,0,0,10.27,10.27,10.27,10.27,10.27,0,0,0,0,10.27,10.27,10.27,10.27,10.27,10.27,10.27,10.27,10.27,10.27,10.27,10.27,10.27,10.27,10.27,10.27,10.27,10.27,10.27,10.27,0,0,0,0,0,0,0,0,0,0,0,0,0,0,0,0,0,0,0,0,0,0,0,0,0,0,0,0,0,0,0,0,0,0,0,0,0,0,0,0,0,0,0,0,0,0,0,0,0,0,0,0,0,0,0,0,0,0,0,0,0,0,0,0,0,0],
[0,0,0,0,0,0,0,0,0,0,0,0,0,0,0,0,0,0,0,0,0,0,0,0,0,0,0,0,0,0,0,0,0,0,0,0,0,0,0,0,0,0,0,0,0,0,0,0,0,0,0,0,0,0,0,0,0,0,0,0,0,0,0,0,0,0,0,0,0,0,0,0,0,0,0,0,0,0,0,0,0,0,0,0,0,0,0,0,0,0,0,0,0,0,0,0,0,0,0,0,10.27,10.27,10.27,10.27,10.27,10.27,10.27,10.27,10.27,10.27,10.27,10.27,10.27,10.27,10.27,10.27,10.27,10.27,10.27,0,0,0,0,0,0,0,0,0,0,0,0,0,0,0,0,0,0,0,0,0,0,0,0,0,0,0,0,0,0,0,0,0,0,0,0,0,0,0,0,0,0,0,0,0,0,0,0,0,0,0,0,0,0,0,0,0,0,0,0,0,0,0,0,0,0],
[0,0,0,0,0,0,0,0,0,0,0,0,0,0,0,0,0,0,0,0,0,0,0,0,0,0,0,0,0,0,0,0,0,0,0,0,0,0,0,0,0,0,0,0,0,0,0,0,0,0,0,0,0,0,0,0,0,0,0,0,0,0,0,0,0,0,0,0,0,0,0,0,0,0,0,0,0,0,0,0,0,0,0,0,0,0,0,0,0,0,0,0,0,0,0,0,0,0,0,0,10.27,10.27,10.27,10.27,10.27,10.27,10.27,10.27,10.27,10.27,10.27,10.27,10.27,10.27,10.27,10.27,10.27,10.27,10.27,0,0,0,0,0,0,0,0,0,0,0,0,0,0,0,0,0,0,0,0,0,0,0,0,0,0,0,0,0,0,0,0,0,0,0,0,0,0,0,0,0,0,0,0,0,0,0,0,0,0,0,0,0,0,0,0,0,0,0,0,0,0,0,0,0,0],
[0,0,0,0,0,0,0,0,0,0,0,0,0,0,0,0,0,0,0,0,0,0,0,0,0,0,0,0,0,0,0,0,0,0,0,0,0,0,0,0,0,0,0,0,0,0,0,0,0,0,0,0,0,0,0,0,0,0,0,0,0,0,0,0,0,0,0,0,0,0,0,0,0,0,0,0,0,0,0,0,0,0,0,0,0,0,0,0,0,0,0,0,0,0,0,0,0,0,0,0,0,10.27,10.27,10.27,10.27,10.27,10.27,10.27,10.27,10.27,10.27,10.27,10.27,10.27,10.27,10.27,10.27,10.27,10.27,0,0,0,0,0,0,0,0,0,0,0,0,0,0,0,0,0,0,0,0,0,0,0,0,0,0,0,0,0,0,0,0,0,0,0,0,0,0,0,0,0,0,0,0,0,0,0,0,0,0,0,0,0,0,0,0,0,0,0,0,0,0,0,0,0,0],
[0,0,0,0,0,0,0,0,0,0,0,0,0,0,0,0,0,0,0,0,0,0,0,0,0,0,0,0,0,0,0,0,0,0,0,0,0,0,0,0,0,0,0,0,0,0,0,0,0,0,0,0,0,0,0,0,0,0,0,0,0,0,0,0,0,0,0,0,0,0,0,0,0,0,0,0,0,0,0,0,0,0,0,0,0,0,0,0,0,0,0,0,0,0,0,0,0,0,0,0,0,0,10.27,10.27,10.27,10.27,10.27,10.27,10.27,10.27,10.27,10.27,10.27,10.27,10.27,10.27,10.27,10.27,0,0,0,0,0,0,0,0,0,0,0,0,0,0,0,0,0,0,0,0,0,0,0,0,0,0,0,0,0,0,0,0,0,0,0,0,0,0,0,0,0,0,0,0,0,0,0,0,0,0,0,0,0,0,0,0,0,0,0,0,0,0,0,0,0,0,0],
[0,0,0,0,0,0,0,0,0,0,0,0,0,0,0,0,0,0,0,0,0,0,0,0,0,0,0,0,0,0,0,0,0,0,0,0,0,0,0,0,0,0,0,0,0,0,0,0,0,0,0,0,0,0,0,0,0,0,0,0,0,0,0,0,0,0,0,0,0,0,0,0,0,0,0,0,0,0,0,0,0,0,0,0,0,0,0,0,0,0,0,0,0,0,0,0,0,0,0,0,0,0,0,0,10.27,10.27,10.27,10.27,10.27,10.27,10.27,10.27,10.27,10.27,10.27,10.27,10.27,10.27,0,0,0,0,0,0,0,0,0,0,0,0,0,0,0,0,0,0,0,0,0,0,0,0,0,0,0,0,0,0,0,0,0,0,0,0,0,0,0,0,0,0,0,0,0,0,0,0,0,0,0,0,0,0,0,0,0,0,0,0,0,0,0,0,0,0,0],
[0,0,0,0,0,0,0,0,0,0,0,0,0,0,0,0,0,0,0,0,0,0,0,0,0,0,0,0,0,0,0,0,0,0,0,0,0,0,0,0,0,0,0,0,0,0,0,0,0,0,0,0,0,0,0,0,0,0,0,0,0,0,0,0,0,0,0,0,0,0,0,0,0,0,0,0,0,0,0,0,0,0,0,0,0,0,0,0,0,0,0,0,0,0,0,0,0,0,0,0,0,0,0,0,0,0,10.27,10.27,10.27,10.27,10.27,10.27,10.27,10.27,10.27,10.27,10.27,0,0,0,0,0,0,0,0,0,0,0,0,0,0,0,0,0,0,0,0,0,0,0,0,0,0,0,0,0,0,0,0,0,0,0,0,0,0,0,0,0,0,0,0,0,0,0,0,0,0,0,0,0,0,0,0,0,0,0,0,0,0,0,0,0,0,0,0],
[0,0,0,0,0,0,0,0,0,0,0,0,0,0,0,0,0,0,0,0,0,0,0,0,0,0,0,0,0,0,0,0,0,0,0,0,0,0,0,0,0,0,0,0,0,0,0,0,0,0,0,0,0,0,0,0,0,0,0,0,0,0,0,0,0,0,0,0,0,0,0,0,0,0,0,0,0,0,0,0,0,0,0,0,0,0,0,0,0,0,0,0,0,0,0,0,0,0,0,0,0,0,0,0,0,0,0,10.27,10.27,10.27,10.27,10.27,10.27,10.27,10.27,10.27,0,0,0,0,0,0,0,0,0,0,0,0,0,0,0,0,0,0,0,0,0,0,0,0,0,0,0,0,0,0,0,0,0,0,0,0,0,0,0,0,0,0,0,0,0,0,0,0,0,0,0,0,0,0,0,0,0,0,0,0,0,0,0,0,0,0,0,0,0],
[0,0,0,0,0,0,0,0,0,0,0,0,0,0,0,0,0,0,0,0,0,0,0,0,0,0,0,0,0,0,0,0,0,0,0,0,0,0,0,0,0,0,0,0,0,0,0,0,0,0,0,0,0,0,0,0,0,0,0,0,0,0,0,0,0,0,0,0,0,0,0,0,0,0,0,0,0,0,0,0,0,0,0,0,0,0,0,0,0,0,0,0,0,0,0,0,0,0,0,0,0,0,0,0,0,0,0,0,10.27,10.27,10.27,10.27,10.27,10.27,0,0,0,0,0,0,0,0,0,0,0,0,0,0,0,0,0,0,0,0,0,0,0,0,0,0,0,0,0,0,0,0,0,0,0,0,0,0,0,0,0,0,0,0,0,0,0,0,0,0,0,0,0,0,0,0,0,0,0,0,0,0,0,0,0,0,0,0,0,0,0],
[0,0,0,0,0,0,0,0,0,0,0,0,0,0,0,0,0,0,0,0,0,0,0,0,0,0,0,0,0,0,0,0,0,0,0,0,0,0,0,0,0,0,0,0,0,0,0,0,0,0,0,0,0,0,0,0,0,0,0,0,0,0,0,0,0,0,0,0,0,0,0,0,0,0,0,0,0,0,0,0,0,0,0,0,0,0,0,0,0,0,0,0,0,0,0,0,0,0,0,0,0,0,0,0,0,0,0,0,10.27,10.27,10.27,0,0,0,0,0,0,0,0,0,0,0,0,0,0,0,0,0,0,0,0,0,0,0,0,0,0,0,0,0,0,0,0,0,0,0,0,0,0,0,0,0,0,0,0,0,0,0,0,0,0,0,0,0,0,0,0,0,0,0,0,0,0,0,0,0,0,0,0,0,0,0,0,0,0]]