[[0,0,0,0,0,0,0,0,0,0,0,0,0,0,0,0,0,0,0,0,0,0,0,0,0,0,0,0,0,0,0,0,0,0,0,0,0,0,0,0,0,0,0,0,0,0,0,0,0,0,0,0,0,0,0,0,0,0,0,0,0,0,0,0,0,0,0,0,0,0,0,0,0,0,0,0,0,0,0,0,0,0,0,0,0,0,0,0,0,0,0,0,0,0,0,0,0,0,0,0,0,0,0,0,0,0,0,0,0,0,0,0,0,0,0,0,0,0,0,0,0,0,0,0,0,0,0,0,0,0,0,0,0,0,0,0,0,0,0,0,0,0,0,0,0,0,0,0,0,0,0,0,0,0,0,0,0,0,0,0,0,0,0,0,0,0,0,0,0,0,0,0,0,0,0,0,0,0,0,0,0,0,0,0,0,0,0,0,0,0,0,0,0,0,0,0,0,0,0,0],
[0,0,0,0,0,0,0,0,0,0,0,0,0,0,0,0,0,0,0,0,0,0,0,0,0,0,0,0,0,0,0,0,0,0,0,0,0,0,0,0,0,0,0,0,0,0,0,0,0,0,0,0,0,0,0,0,0,0,0,0,0,0,0,0,0,0,0,0,0,0,0,0,0,0,0,0,0,0,0,0,0,0,0,0,0,0,0,0,0,0,0,0,0,0,0,0,0,0,0,0,0,0,0,0,0,0,0,0,0,0,0,0,0,0,0,0,0,0,0,0,0,0,0,0,0,0,0,0,0,0,0,0,0,0,0,0,0,0,0,0,0,0,0,0,0,0,0,0,0,0,0,0,0,0,0,0,0,0,0,0,0,0,0,0,0,0,0,0,0,0,0,0,0,0,0,0,0,0,0,0,0,0,0,0,0,0,0,0,0,0,0,0,0,0,0,0,0,0,0,0],
[0,0,0,0,0,0,0,0,0,0,0,0,0,0,0,0,0,0,0,0,0,0,0,0,0,0,0,0,0,0,0,0,0,0,0,0,0,0,0,0,0,0,0,0,0,0,0,0,0,0,0,0,0,0,0,0,0,0,0,0,0,0,0,0,0,0,0,0,0,0,0,0,0,0,0,0,0,0,0,0,0,0,0,0,0,0,0,0,0,0,0,0,0,0,0,0,0,0,0,0,0,0,0,0,0,0,0,0,0,0,0,0,0,0,0,0,0,0,0,0,0,0,0,0,0,0,0,0,0,0,0,0,0,0,0,13.39,13.39,13.39,0,0,0,0,0,0,0,0,0,0,0,0,0,0,0,0,0,0,0,0,0,0,0,0,0,0,0,0,0,0,0,0,0,0,0,0,0,0,0,0,0,0,0,0,0,0,0,0,0,0,0,0,0,0,0,0,0,0,0,0,0,0],
[0,0,0,0,0,0,0,0,0,0,0,0,0,0,0,0,0,0,0,0,0,0,0,0,0,0,0,0,0,0,0,0,0,0,0,0,0,0,0,0,0,0,0,0,0,0,0,0,0,0,0,0,0,0,0,0,0,0,0,0,0,0,0,0,0,0,0,0,0,0,0,0,0,0,0,0,0,0,0,0,0,0,0,0,0,0,0,0,0,0,0,0,0,0,0,0,0,0,0,0,0,0,0,0,0,0,0,0,0,0,0,0,0,0,0,0,0,0,0,0,0,0,0,0,0,0,0,0,0,0,0,0,0,0,13.39,13.39,13.39,13.39,13.39,0,0,0,0,13.39,13.39,13.39,0,0,0,0,0,0,0,0,0,0,0,0,0,0,0,0,0,0,0,0,0,0,0,0,0,0,0,0,0,0,0,0,0,0,0,0,0,0,0,0,0,0,0,0,0,0,0,0,0,0,0,0,0,0],
[0,0,0,0,0,0,0,0,0,0,0,0,0,0,0,0,0,0,0,0,0,0,0,0,0,0,0,0,0,0,0,0,0,0,0,0,0,0,0,0,0,0,0,0,0,0,0,0,0,0,0,0,0,0,0,0,0,0,0,0,0,0,0,0,0,0,0,0,0,0,0,0,0,0,0,0,0,0,0,0,0,0,0,0,0,0,0,0,0,0,0,0,0,0,0,0,0,0,0,0,0,0,0,0,0,0,0,0,13.99,13.99,13.99,13.99,13.99,13.99,13.99,0,0,13.99,0,0,0,0,0,0,0,0,0,0,0,0,0,0,13.39,13.39,13.39,13.39,13.39,13.39,13.39,13.39,13.39,13.39,13.39,13.39,13.39,13.39,13.39,13.39,13.39,13.39,13.39,13.39,13.39,13.39,13.39,0,0,0,0,0,0,0,0,0,0,0,0,0,0,0,0,0,0,0,0,0,0,0,0,0,0,0,0,0,0,0,0,0,0,0,0,0,0,0,0,0,0,0,0,0],
[0,0,0,0,0,0,0,0,0,0,0,0,0,0,0,0,0,0,0,0,0,0,0,0,0,0,0,0,0,0,0,0,0,0,0,0,0,0,0,0,0,0,0,0,0,0,0,0,0,0,0,0,0,0,0,0,0,0,0,0,0,0,0,0,0,0,0,0,0,0,0,0,0,0,0,0,0,0,0,0,0,0,0,0,0,0,0,0,0,0,0,0,0,0,0,0,0,0,0,0,0,0,0,0,0,0,13.99,13.99,13.99,13.99,13.99,13.99,13.99,13.99,13.99,13.99,13.99,13.99,13.99,13.99,0,0,0,13.39,13.39,13.39,13.39,0,0,13.39,13.39,13.39,13.39,13.39,13.39,13.39,13.39,13.39,13.39,13.39,13.39,13.39,13.39,13.39,13.39,13.39,13.39,13.39,13.39,13.39,13.39,13.39,13.39,13.39,13.39,13.39,13.39,0,0,0,0,0,0,0,0,0,0,0,0,0,0,0,0,0,0,0,0,0,0,0,0,0,0,0,0,0,0,0,0,0,0,0,0,0,0,0,0,0,0,0],
[0,0,0,0,0,0,0,0,0,0,0,0,0,0,0,0,0,0,0,0,0,0,0,0,0,0,0,0,0,0,0,0,0,0,0,0,0,0,0,0,0,0,0,0,0,0,0,0,0,0,0,0,0,0,0,0,0,0,0,0,0,0,0,0,0,0,0,0,0,0,0,0,0,0,0,0,0,0,0,0,0,0,0,0,0,0,0,0,0,0,0,0,0,0,0,0,0,0,0,0,0,0,0,0,0,13.99,13.99,13.99,13.99,13.99,13.99,13.99,13.99,13.99,13.99,13.99,13.99,13.99,13.99,13.99,14.01,13.81,13.47,13.40,13.40,13.39,13.39,13.39,13.39,13.39,13.39,13.39,13.39,13.39,13.39,13.39,13.39,13.39,13.39,13.39,13.39,13.39,13.39,13.39,13.39,13.39,13.39,13.39,13.39,13.39,13.39,13.39,13.39,13.39,13.39,13.39,13.39,13.39,0,0,0,0,0,0,0,0,0,0,0,0,0,0,0,0,0,0,0,0,0,0,0,0,0,0,0,0,0,0,0,0,0,0,0,0,0,0,0,0,0,0],
[0,0,0,0,0,0,0,0,0,0,0,0,0,0,0,0,0,0,0,0,0,0,0,0,0,0,0,0,0,0,0,0,0,0,0,0,0,0,0,0,0,0,0,0,0,0,0,0,0,0,0,0,0,0,0,0,0,0,0,0,0,0,0,0,0,0,0,0,0,0,0,0,0,0,0,0,0,0,0,0,0,0,0,0,0,0,0,0,0,0,0,0,0,0,0,0,0,0,0,0,0,0,0,0,0,13.99,13.99,13.99,14.00,14.00,14.00,13.99,13.99,13.99,13.99,13.99,13.99,13.99,13.99,13.99,13.99,13.91,13.67,13.43,13.42,13.41,13.40,13.39,13.39,13.39,13.39,13.39,13.39,13.39,13.39,13.39,13.39,13.39,13.39,13.39,13.39,13.39,13.39,13.39,13.39,13.39,13.39,13.39,13.39,13.39,13.39,13.39,13.39,13.39,13.39,13.39,13.39,13.39,13.39,13.39,0,0,0,0,0,0,0,0,0,0,0,0,0,0,0,0,0,0,0,0,0,0,0,0,0,0,0,0,0,0,0,0,0,0,0,0,0,0,0,0],
[0,0,0,0,0,0,0,0,0,0,0,0,0,0,0,0,0,0,0,0,0,0,0,0,0,0,0,0,0,0,0,0,0,0,0,0,0,0,0,0,0,0,0,0,0,0,0,0,0,0,0,0,0,0,0,0,0,0,0,0,0,0,0,0,0,0,0,0,0,0,0,0,0,0,0,0,0,0,0,0,0,0,0,0,0,0,0,0,0,0,0,0,0,0,0,0,0,0,0,0,0,0,0,0,0,13.99,13.99,14.00,14.00,14.00,14.00,14.00,14.00,14.00,14.00,13.99,13.99,13.99,13.99,13.99,13.99,14.00,13.75,13.47,13.43,13.42,13.40,13.39,13.39,13.39,13.39,13.39,13.39,13.39,13.39,13.39,13.39,13.39,13.39,13.39,13.39,13.39,13.39,13.39,13.39,13.39,13.39,13.39,13.39,13.39,13.39,13.39,13.39,13.39,13.39,13.39,13.39,13.39,13.39,13.39,13.39,13.39,0,0,0,0,0,0,0,0,0,0,0,0,0,0,0,0,0,0,0,0,0,0,0,0,0,0,0,0,0,0,0,0,0,0,0,0,0,0],
[0,0,0,0,0,0,0,0,0,0,0,0,0,0,0,0,0,0,0,0,0,0,0,0,0,0,0,0,0,0,0,0,0,0,0,0,0,0,0,0,0,0,0,0,0,0,0,0,0,0,0,0,0,0,0,0,0,0,0,0,0,0,0,0,0,0,0,0,0,0,0,0,0,0,0,0,0,0,0,0,0,0,0,0,0,0,0,0,0,0,0,0,0,0,0,0,0,0,0,0,0,0,0,0,13.99,13.99,14.00,14.01,14.01,14.00,14.00,14.00,14.00,14.00,14.00,13.99,13.99,13.99,13.99,13.99,13.99,13.99,13.79,13.50,13.43,13.41,13.39,13.39,13.39,13.39,13.39,13.39,13.39,13.39,13.39,13.39,13.39,13.39,13.39,13.39,13.39,13.39,13.39,13.39,13.39,13.39,13.39,13.39,13.39,13.39,13.39,13.39,13.39,13.39,13.39,13.39,13.39,13.39,13.39,13.39,13.39,13.39,13.39,0,0,0,0,0,0,0,0,0,0,0,0,0,0,0,0,0,0,0,0,0,0,0,0,0,0,0,0,0,0,0,0,0,0,0,0,0],
[0,0,0,0,0,0,0,0,0,0,0,0,0,0,0,0,0,0,0,0,0,0,0,0,0,0,0,0,0,0,0,0,0,0,0,0,0,0,0,0,0,0,0,0,0,0,0,0,0,0,0,0,0,0,0,0,0,0,0,0,0,0,0,0,0,0,0,0,0,0,0,0,0,0,0,0,0,0,0,0,0,0,0,0,0,0,0,0,0,0,0,0,0,0,0,0,0,0,0,0,0,0,0,0,13.99,13.99,14.01,14.02,14.01,14.01,14.01,14.01,14.00,14.00,14.00,13.99,13.99,13.99,13.99,13.99,13.99,13.99,13.79,13.52,13.43,13.41,13.39,13.39,13.39,13.39,13.39,13.39,13.39,13.39,13.39,13.39,13.39,13.39,13.39,13.39,13.39,13.39,13.39,13.39,13.39,13.39,13.39,13.39,13.39,13.39,13.39,13.39,13.39,13.39,13.39,13.39,13.39,13.39,13.39,13.39,13.39,13.39,13.39,13.39,0,0,0,0,0,0,0,0,0,0,0,0,0,0,0,0,0,0,0,0,0,0,0,0,0,0,0,0,0,0,0,0,0,0,0,0],
[0,0,0,0,0,0,0,0,0,0,0,0,0,0,0,0,0,0,0,0,0,0,0,0,0,0,0,0,0,0,0,0,0,0,0,0,0,0,0,0,0,0,0,0,0,0,0,0,0,0,0,0,0,0,0,0,0,0,0,0,0,0,0,0,0,0,0,0,0,0,0,0,0,0,0,0,0,0,0,0,0,0,0,0,0,0,0,0,0,0,0,0,0,0,0,0,0,0,0,0,0,0,0,0,13.99,14.00,14.02,14.02,14.02,14.01,14.01,14.01,14.01,14.01,13.99,13.99,13.99,13.99,13.99,13.99,13.99,13.99,13.79,13.56,13.42,13.40,13.39,13.39,13.39,13.39,13.39,13.39,13.39,13.39,13.39,13.39,13.39,13.39,13.39,13.39,13.39,13.39,13.39,13.39,13.39,13.39,13.39,13.39,13.39,13.39,13.39,13.39,13.39,13.39,13.39,13.39,13.39,13.39,13.39,13.39,13.39,13.39,13.39,13.39,0,0,0,0,0,0,0,0,0,0,0,0,0,0,0,0,0,0,0,0,0,0,0,0,0,0,0,0,0,0,0,0,0,0,0,0],
[0,0,0,0,0,0,0,0,0,0,0,0,0,0,0,0,0,0,0,0,0,0,0,0,0,0,0,0,0,0,0,0,0,0,0,0,0,0,0,0,0,0,0,0,0,0,0,0,0,0,0,0,0,0,0,0,0,0,0,0,0,0,0,0,0,0,0,0,0,0,0,0,0,0,0,0,0,0,0,0,0,0,0,0,0,0,0,0,0,0,0,0,0,0,0,0,0,0,0,0,0,0,0,14.03,14.01,14.01,14.03,14.03,14.02,14.01,14.01,14.01,14.01,14.00,13.99,13.99,13.99,13.99,13.99,13.99,13.99,13.99,13.78,13.53,13.42,13.39,13.39,13.39,13.39,13.39,13.39,13.39,13.39,13.39,13.39,13.39,13.39,13.39,13.39,13.39,13.39,13.39,13.39,13.39,13.39,13.39,13.39,13.39,13.39,13.39,13.39,13.39,13.39,13.39,13.39,13.39,13.39,13.39,13.39,13.39,13.39,13.39,13.39,13.39,0,0,0,0,0,0,0,0,0,0,0,0,0,0,0,0,0,0,0,0,0,0,0,0,0,0,0,0,0,0,0,0,0,0,0,0],
[0,0,0,0,0,0,0,0,0,0,0,0,0,0,0,0,0,0,0,0,0,0,0,0,0,0,0,0,0,0,0,0,0,0,0,0,0,0,0,0,0,0,0,0,0,0,0,0,0,0,0,0,0,0,0,0,0,0,0,0,0,0,0,0,0,0,0,0,0,0,0,0,0,0,0,0,0,0,0,0,0,0,0,0,0,0,0,0,0,0,0,0,0,0,0,0,0,0,0,0,0,0,0,14.06,14.05,14.04,14.04,14.03,14.03,14.02,14.02,14.02,14.02,14.00,13.99,13.99,13.99,13.99,13.99,13.99,13.99,13.92,13.68,13.43,13.43,13.39,13.39,13.39,13.39,13.39,13.39,13.39,13.39,13.39,13.39,13.39,13.39,13.39,13.39,13.39,13.39,13.39,13.39,13.39,13.39,13.39,13.39,13.39,13.39,13.39,13.39,13.39,13.39,13.39,13.39,13.39,13.39,13.39,13.39,13.39,13.39,13.39,13.39,13.39,13.39,0,0,0,0,0,0,0,0,0,0,0,0,0,0,0,0,0,0,0,0,0,0,0,0,0,0,0,0,0,0,0,0,0,0,0],
[0,0,0,0,0,0,0,0,0,0,0,0,0,0,0,0,0,0,0,0,0,0,0,0,0,0,0,0,0,0,0,0,0,0,0,0,0,0,0,0,0,0,0,0,0,0,0,0,0,0,0,0,0,0,0,0,0,0,0,0,0,0,0,0,0,0,0,0,0,0,0,0,0,0,0,0,0,0,0,0,0,0,0,0,0,0,0,0,0,0,0,0,0,0,0,0,0,0,0,0,0,0,14.20,14.15,14.16,14.18,14.17,14.04,14.03,14.02,14.02,14.02,14.01,14.00,13.99,13.99,13.99,13.99,13.99,13.99,13.99,13.85,13.61,13.43,13.40,13.39,13.39,13.39,13.39,13.39,13.39,13.39,13.39,0,0,0,0,0,0,13.39,13.39,13.39,13.39,13.39,13.39,13.39,13.39,13.39,13.39,13.39,13.39,13.39,13.39,13.39,13.39,13.39,13.39,13.39,13.39,13.39,13.39,13.39,13.39,13.39,13.39,0,0,0,0,0,0,0,0,0,0,0,0,0,0,0,0,0,0,0,0,0,0,0,0,0,0,0,0,0,0,0,0,0,0,0],
[0,0,0,0,0,0,0,0,0,0,0,0,0,0,0,0,0,0,0,0,0,0,0,0,0,0,0,0,0,0,0,0,0,0,0,0,0,0,0,0,0,0,0,0,0,0,0,0,0,0,0,0,0,0,0,0,0,0,0,0,0,0,0,0,0,0,0,0,0,0,0,0,0,0,0,0,0,0,0,0,0,0,0,0,0,0,0,0,0,0,0,0,0,0,0,0,0,0,0,0,0,0,14.34,14.35,14.38,14.38,14.27,14.16,14.05,14.03,14.02,14.02,14.01,14.00,13.99,13.99,13.99,13.99,13.99,13.99,0,0,0,0,0,13.39,13.39,13.39,13.39,13.39,13.39,13.39,13.39,0,0,0,0,0,0,0,0,0,0,13.39,13.39,13.39,13.39,13.39,13.39,13.39,13.39,13.39,13.39,13.39,13.39,13.39,13.39,13.39,13.39,13.39,13.39,13.39,13.39,13.39,13.39,0,0,0,0,0,0,0,0,0,0,0,0,0,0,0,0,0,0,0,0,0,0,0,0,0,0,0,0,0,0,0,0,0,0,0],
[0,0,0,0,0,0,0,0,0,0,0,0,0,0,0,0,0,0,0,0,0,0,0,0,0,0,0,0,0,0,0,0,0,0,0,0,0,0,0,0,0,0,0,0,0,0,0,0,0,0,0,0,0,0,0,0,0,0,0,0,0,0,0,0,0,0,0,0,0,0,0,0,0,0,0,0,0,0,0,0,0,0,0,0,0,0,0,0,0,0,0,0,0,0,0,0,0,0,0,0,0,14.55,14.53,14.56,14.59,14.48,14.37,14.25,14.13,14.03,14.03,14.02,14.01,14.00,13.99,13.99,13.99,13.99,13.99,13.99,0,0,0,0,0,0,13.39,13.39,13.39,0,0,0,0,0,0,0,0,0,0,0,0,0,0,0,0,13.39,13.39,13.39,13.39,13.39,13.39,13.39,13.39,13.39,13.39,13.39,13.39,13.39,13.39,13.39,13.39,13.39,13.39,13.39,13.39,0,0,0,0,0,0,0,0,0,0,0,0,0,0,0,0,0,0,0,0,0,0,0,0,0,0,0,0,0,0,0,0,0,0,0],
[0,0,0,0,0,0,0,0,0,0,0,0,0,0,0,0,0,0,0,0,0,0,0,0,0,0,0,0,0,0,0,0,0,0,0,0,0,0,0,0,0,0,0,0,0,0,0,0,0,0,0,0,0,0,0,0,0,0,0,0,0,0,0,0,0,0,0,0,0,0,0,0,0,0,0,0,0,0,0,0,0,0,0,0,0,0,0,0,0,0,0,0,0,0,0,0,0,0,0,0,14.77,14.71,14.73,14.76,14.75,14.62,14.55,14.47,14.36,14.08,14.03,14.02,14.01,14.00,13.99,13.99,13.99,0,0,0,0,0,0,0,0,0,0,0,0,0,0,0,0,0,0,0,0,0,0,0,0,0,0,0,0,0,0,0,13.39,13.39,13.39,13.39,13.39,13.39,13.39,13.39,13.39,13.39,13.39,13.39,13.39,13.39,13.39,13.39,13.39,13.39,0,0,0,0,0,0,0,0,0,0,0,0,0,0,0,0,0,0,0,0,0,0,0,0,0,0,0,0,0,0,0,0,0,0],
[0,0,0,0,0,0,0,0,0,0,0,0,0,0,0,0,0,0,0,0,0,0,0,0,0,0,0,0,0,0,0,0,0,0,0,0,0,0,0,0,0,0,0,0,0,0,0,0,0,0,0,0,0,0,0,0,0,0,0,0,0,0,0,0,0,0,0,0,0,0,0,0,0,0,0,0,0,0,0,0,0,0,0,0,0,0,0,0,0,0,0,0,0,0,0,0,0,0,0,0,14.89,14.91,14.93,14.96,14.94,14.88,14.75,14.73,14.44,14.17,14.03,14.02,14.01,13.99,13.99,0,0,0,0,0,0,0,0,0,0,0,0,0,0,0,0,0,0,0,0,0,0,0,0,0,0,0,0,0,0,0,0,0,0,0,0,0,0,0,0,0,0,13.39,13.39,13.39,13.39,13.39,13.39,13.39,13.42,13.40,13.39,0,0,0,0,0,0,0,0,0,0,0,0,0,0,0,0,0,0,0,0,0,0,0,0,0,0,0,0,0,0,0,0,0],
[0,0,0,0,0,0,0,0,0,0,0,0,0,0,0,0,0,0,0,0,0,0,0,0,0,0,0,0,0,0,0,0,0,0,0,0,0,0,0,0,0,0,0,0,0,0,0,0,0,0,0,0,0,0,0,0,0,0,0,0,0,0,0,0,0,0,0,0,0,0,0,0,0,0,0,0,0,0,0,0,0,0,0,0,0,0,0,0,0,0,0,0,0,0,0,0,0,0,0,0,15.06,15.05,15.10,15.09,15.07,15.04,14.99,14.77,14.46,14.22,14.02,13.99,13.99,13.99,0,0,0,0,0,0,0,0,0,0,0,0,0,0,0,0,0,0,0,0,0,0,0,0,0,0,0,0,0,0,0,0,0,0,0,0,0,0,0,0,0,0,0,13.39,13.39,13.39,13.39,13.39,13.39,13.42,13.44,13.42,13.40,13.39,0,0,0,0,0,0,0,0,0,0,0,0,0,0,0,0,0,0,0,0,0,0,0,0,0,0,0,0,0,0,0,0],
[0,0,0,0,0,0,0,0,0,0,0,0,0,0,0,0,0,0,0,0,0,0,0,0,0,0,0,0,0,0,0,0,0,0,0,0,0,0,0,0,0,0,0,0,0,0,0,0,0,0,0,0,0,0,0,0,0,0,0,0,0,0,0,0,0,0,0,0,0,0,0,0,0,0,0,0,0,0,0,0,0,0,0,0,0,0,0,0,0,0,0,0,0,0,0,0,0,0,0,15.25,15.22,15.19,15.24,15.24,15.21,15.17,15.14,14.59,14.40,14.25,0,13.99,13.99,13.99,0,0,0,0,0,0,0,0,0,0,0,0,0,0,0,0,0,0,0,0,0,0,0,0,0,0,0,0,0,0,0,0,0,0,0,0,0,0,0,0,0,0,0,13.39,13.39,13.39,13.39,13.39,13.42,13.45,13.46,13.44,13.43,13.39,13.39,0,0,0,0,0,0,0,0,0,0,0,0,0,0,0,0,0,0,0,0,0,0,0,0,0,0,0,0,0,0,0],
[0,0,0,0,0,0,0,0,0,0,0,0,0,0,0,0,0,0,0,0,0,0,0,0,0,0,0,0,0,0,0,0,0,0,0,0,0,0,0,0,0,0,0,0,0,0,0,0,0,0,0,0,0,0,0,0,0,0,0,0,0,0,0,0,0,0,0,0,0,0,0,0,0,0,0,0,0,0,0,0,0,0,0,0,0,0,0,0,0,0,0,0,0,0,0,0,0,0,0,15.41,15.39,15.35,15.38,15.38,15.36,15.33,15.26,14.92,14.55,0,0,0,0,0,0,0,0,0,0,0,0,0,0,0,0,0,0,0,0,0,0,0,0,0,0,0,0,0,0,0,0,0,0,0,0,0,0,0,0,0,0,0,0,0,0,0,0,13.39,13.39,13.39,13.39,13.42,13.45,13.48,13.61,13.75,13.79,13.70,0,0,0,0,0,0,0,0,0,0,0,0,0,0,0,0,0,0,0,0,0,0,0,0,0,0,0,0,0,0,0,0],
[0,0,0,0,0,0,0,0,0,0,0,0,0,0,0,0,0,0,0,0,0,0,0,0,0,0,0,0,0,0,0,0,0,0,0,0,0,0,0,0,0,0,0,0,0,0,0,0,0,0,0,0,0,0,0,0,0,0,0,0,0,0,0,0,0,0,0,0,0,0,0,0,0,0,0,0,0,0,0,0,0,0,0,0,0,0,0,0,0,0,0,0,0,0,0,0,15.59,15.56,15.51,15.44,15.46,15.49,15.49,15.49,15.49,15.46,15.37,15.11,0,0,0,0,0,0,0,0,0,0,0,0,0,0,0,0,0,0,0,0,0,0,0,0,0,0,0,0,0,0,0,0,0,0,0,0,0,0,0,0,0,0,0,0,0,0,0,0,0,0,13.39,13.39,13.41,13.43,13.53,13.72,13.87,13.98,14.09,14.14,0,0,0,0,0,0,0,0,0,0,0,0,0,0,0,0,0,0,0,0,0,0,0,0,0,0,0,0,0,0,0,0],
[0,0,0,0,0,0,0,0,0,0,0,0,0,0,0,0,0,0,0,0,0,0,0,0,0,0,0,0,0,0,0,0,0,0,0,0,0,0,0,0,0,0,0,0,0,0,0,0,0,0,0,0,0,0,0,0,0,0,0,0,0,0,0,0,0,0,0,0,0,0,0,0,0,0,0,0,0,0,0,0,0,0,0,0,0,0,0,0,0,0,0,0,0,0,0,0,15.56,15.53,15.48,15.44,15.44,15.43,15.42,15.41,15.40,15.40,15.39,15.39,0,0,0,0,0,0,0,0,0,0,0,0,0,0,0,0,0,0,0,0,0,0,0,0,0,0,0,0,0,0,0,0,0,0,0,0,0,0,0,0,0,0,0,0,0,0,0,0,0,0,0,0,13.39,13.59,13.77,13.94,14.12,14.17,14.15,14.14,14.14,0,0,0,0,0,0,0,0,0,0,0,0,0,0,0,0,0,0,0,0,0,0,0,0,0,0,0,0,0,0,0],
[0,0,0,0,0,0,0,0,0,0,0,0,0,0,0,0,0,0,0,0,0,0,0,0,0,0,0,0,0,0,0,0,0,0,0,0,0,0,0,0,0,0,0,0,0,0,0,0,0,0,0,0,0,0,0,0,0,0,0,0,0,0,0,0,0,0,0,0,0,0,0,0,0,0,0,0,0,0,0,0,0,0,0,0,0,0,0,0,0,0,0,0,0,0,0,0,15.53,15.52,15.52,15.51,15.50,15.49,15.48,15.47,15.46,15.45,15.44,15.44,0,0,0,0,0,0,0,0,0,0,0,0,0,0,0,0,0,0,0,0,0,0,0,0,0,0,0,0,0,0,0,0,0,0,0,0,0,0,0,0,0,0,0,0,0,0,0,0,0,0,0,0,0,13.80,13.95,14.16,14.17,14.16,14.15,14.14,14.14,14.14,14.14,0,0,0,0,0,0,0,0,0,0,0,0,0,0,0,0,0,0,0,0,0,0,0,0,0,0,0,0,0],
[0,0,0,0,0,0,0,0,0,0,0,0,0,0,0,0,0,0,0,0,0,0,0,0,0,0,0,0,0,0,0,0,0,0,0,0,0,0,0,0,0,0,0,0,0,0,0,0,0,0,0,0,0,0,0,0,0,0,0,0,0,0,0,0,0,0,0,0,0,0,0,0,0,0,0,0,0,0,0,0,0,0,0,0,0,0,0,0,0,0,0,0,0,0,0,0,15.48,15.48,15.47,15.47,15.47,15.46,15.46,15.45,15.45,15.45,15.44,15.44,0,0,0,0,0,0,0,0,0,0,0,0,0,0,0,0,0,0,0,0,0,0,0,0,0,0,0,0,0,0,0,0,0,0,0,0,0,0,0,0,0,0,0,0,0,0,0,0,0,0,0,0,0,0,14.17,14.14,14.14,14.14,14.14,14.14,14.14,14.14,14.14,0,0,0,0,0,0,0,0,0,0,0,0,0,0,0,0,0,0,0,0,0,0,0,0,0,0,0,0,0],
[0,0,0,0,0,0,0,0,0,0,0,0,0,0,0,0,0,0,0,0,0,0,0,0,0,0,0,0,0,0,0,0,0,0,0,0,0,0,0,0,0,0,0,0,0,0,0,0,0,0,0,0,0,0,0,0,0,0,0,0,0,0,0,0,0,0,0,0,0,0,0,0,0,0,0,0,0,0,0,0,0,0,0,0,0,0,0,0,0,0,0,0,0,0,0,15.44,15.44,15.44,15.44,15.44,15.44,15.44,15.44,15.44,15.44,15.44,15.44,15.44,15.44,0,0,0,0,0,0,0,0,0,0,0,0,0,0,0,0,0,0,0,0,0,0,0,0,0,0,0,0,0,0,0,0,0,0,0,0,0,0,0,0,0,0,0,0,0,0,0,0,0,0,0,0,0,0,14.14,14.14,14.14,14.14,14.14,14.14,14.14,14.14,14.14,14.14,0,0,0,0,0,0,0,0,0,0,0,0,0,0,0,0,0,0,0,0,0,0,0,0,0,0,0],
[0,0,0,0,0,0,0,0,0,0,0,0,0,0,0,0,0,0,0,0,0,0,0,0,0,0,0,0,0,0,0,0,0,0,0,0,0,0,0,0,0,0,0,0,0,0,0,0,0,0,0,0,0,0,0,0,0,0,0,0,0,0,0,0,0,0,0,0,0,0,0,0,0,0,0,0,0,0,0,0,0,0,0,0,0,0,0,0,0,0,0,0,0,0,0,15.44,15.44,15.44,15.44,15.44,15.44,15.44,15.44,15.44,15.44,15.44,15.44,15.44,15.44,15.44,0,0,0,0,0,0,0,0,0,0,0,0,0,0,0,0,0,0,0,0,0,0,0,0,0,0,0,0,0,0,0,0,0,0,0,0,0,0,0,0,0,0,0,0,0,0,0,0,0,0,0,0,0,14.14,14.14,14.14,14.14,14.14,14.14,14.14,14.14,14.14,14.14,0,0,0,0,0,0,0,0,0,0,0,0,0,0,0,0,0,0,0,0,0,0,0,0,0,0,0],
[0,0,0,0,0,0,0,0,0,0,0,0,0,0,0,0,0,0,0,0,0,0,0,0,0,0,0,0,0,0,0,0,0,0,0,0,0,0,0,0,0,0,0,0,0,0,0,0,0,0,0,0,0,0,0,0,0,0,0,0,0,0,0,0,0,0,0,0,0,0,0,0,0,0,0,0,0,0,0,0,0,0,0,0,0,0,0,0,0,0,0,0,0,0,0,15.44,15.44,15.44,15.44,15.44,15.44,15.44,15.44,15.44,15.44,15.44,15.44,15.44,15.44,15.44,0,0,0,0,0,0,0,0,0,0,0,0,0,0,0,0,0,0,0,0,0,0,0,0,0,0,0,0,0,0,0,0,0,0,0,0,0,0,0,0,0,0,0,0,0,0,0,0,0,0,0,0,0,14.14,14.14,14.14,14.14,14.14,14.14,14.14,14.14,14.14,14.14,14.14,0,0,0,0,0,0,0,0,0,0,0,0,0,0,0,0,0,0,0,0,0,0,0,0,0,0],
[0,0,0,0,0,0,0,0,0,0,0,0,0,0,0,0,0,0,0,0,0,0,0,0,0,0,0,0,0,0,0,0,0,0,0,0,0,0,0,0,0,0,0,0,0,0,0,0,0,0,0,0,0,0,0,0,0,0,0,0,0,0,0,0,0,0,0,0,0,0,0,0,0,0,0,0,0,0,0,0,0,0,0,0,0,0,0,0,0,0,0,0,0,0,15.44,15.44,15.44,15.44,15.44,15.44,15.44,15.44,15.44,15.44,15.44,15.44,15.44,15.44,15.44,15.44,0,0,0,0,0,0,0,0,0,0,0,0,0,0,0,0,0,0,0,0,0,0,0,0,0,0,0,0,0,0,0,0,0,0,0,0,0,0,0,0,0,0,0,0,0,0,0,0,0,0,0,0,0,14.14,14.14,14.14,14.14,14.14,14.14,14.14,14.14,14.14,14.14,14.14,0,0,0,0,0,0,0,0,0,0,0,0,0,0,0,0,0,0,0,0,0,0,0,0,0,0],
[0,0,0,0,0,0,0,0,0,0,0,0,0,0,0,0,0,0,0,0,0,0,0,0,0,0,0,0,0,0,0,0,0,0,0,0,0,0,0,0,0,0,0,0,0,0,0,0,0,0,0,0,0,0,0,0,0,0,0,0,0,0,0,0,0,0,0,0,0,0,0,0,0,0,0,0,0,0,0,0,0,0,0,0,0,0,0,0,0,0,0,0,0,0,15.44,15.44,15.44,15.44,15.44,15.44,15.44,15.44,15.44,15.44,15.44,15.44,15.44,15.44,15.44,15.44,0,0,0,0,0,0,0,0,0,0,0,0,0,0,0,0,0,0,0,0,0,0,0,0,0,0,0,0,0,0,0,0,0,0,0,0,0,0,0,0,0,0,0,0,0,0,0,0,0,0,0,0,0,14.14,14.14,14.14,14.14,14.14,14.14,14.14,14.14,14.14,14.14,14.14,0,0,0,0,0,0,0,0,0,0,0,0,0,0,0,0,0,0,0,0,0,0,0,0,0,0],
[0,0,0,0,0,0,0,0,0,0,0,0,0,0,0,0,0,0,0,0,0,0,0,0,0,0,0,0,0,0,0,0,0,0,0,0,0,0,0,0,0,0,0,0,0,0,0,0,0,0,0,0,0,0,0,0,0,0,0,0,0,0,0,0,0,0,0,0,0,0,0,0,0,0,0,0,0,0,0,0,0,0,0,0,0,0,0,0,0,0,0,0,0,0,15.44,15.44,15.44,15.44,15.44,15.44,15.44,15.44,15.44,15.44,15.44,15.44,15.44,15.44,15.44,15.44,0,0,0,0,0,0,0,0,0,0,0,0,0,0,0,0,0,0,0,0,0,0,0,0,0,0,0,0,0,0,0,0,0,0,0,0,0,0,0,0,0,0,0,0,0,0,0,0,0,0,0,0,0,0,14.14,14.14,14.14,14.14,14.14,14.14,14.14,14.14,14.14,0,0,0,0,0,0,0,0,0,0,0,0,0,0,0,0,0,0,0,0,0,0,0,0,0,0,0],
[0,0,0,0,0,0,0,0,0,0,0,0,0,0,0,0,0,0,0,0,0,0,0,0,0,0,0,0,0,0,0,0,0,0,0,0,0,0,0,0,0,0,0,0,0,0,0,0,0,0,0,0,0,0,0,0,0,0,0,0,0,0,0,0,0,0,0,0,0,0,0,0,0,0,0,0,0,0,0,0,0,0,0,0,0,0,0,0,0,0,0,0,0,0,15.44,15.44,15.44,15.44,15.44,15.44,15.44,15.44,15.44,15.44,15.44,15.44,15.44,15.44,15.44,15.44,0,0,0,0,0,0,0,0,0,0,0,0,0,0,0,0,0,0,0,0,0,0,0,0,0,0,0,0,0,0,0,0,0,0,0,0,0,0,0,0,0,0,0,0,0,0,0,0,0,0,0,0,0,0,0,14.14,14.14,14.14,14.14,14.14,14.14,14.14,14.14,14.14,0,0,0,0,0,0,0,0,0,0,0,0,0,0,0,0,0,0,0,0,0,0,0,0,0,0],
[0,0,0,0,0,0,0,0,0,0,0,0,0,0,0,0,0,0,0,0,0,0,0,0,0,0,0,0,0,0,0,0,0,0,0,0,0,0,0,0,0,0,0,0,0,0,0,0,0,0,0,0,0,0,0,0,0,0,0,0,0,0,0,0,0,0,0,0,0,0,0,0,0,0,0,0,0,0,0,0,0,0,0,0,0,0,0,0,0,0,0,0,0,0,15.43,15.44,15.44,15.44,15.44,15.44,15.44,15.44,15.44,15.44,15.44,15.44,15.44,15.44,15.44,15.44,0,0,0,0,0,0,0,0,0,0,0,0,0,0,0,0,0,0,0,0,0,0,0,0,0,0,0,0,0,0,0,0,0,0,0,0,0,0,0,0,0,0,0,0,0,0,0,0,0,0,0,0,0,0,0,14.14,14.14,14.14,14.14,14.14,14.14,14.14,14.14,14.14,0,0,0,0,0,0,0,0,0,0,0,0,0,0,0,0,0,0,0,0,0,0,0,0,0,0],
[0,0,0,0,0,0,0,0,0,0,0,0,0,0,0,0,0,0,0,0,0,0,0,0,0,0,0,0,0,0,0,0,0,0,0,0,0,0,0,0,0,0,0,0,0,0,0,0,0,0,0,0,0,0,0,0,0,0,0,0,0,0,0,0,0,0,0,0,0,0,0,0,0,0,0,0,0,0,0,0,0,0,0,0,0,0,0,0,0,0,0,0,0,0,15.41,15.44,15.44,15.44,15.44,15.44,15.44,15.44,15.44,15.44,15.44,15.44,15.44,15.44,15.44,15.44,0,0,0,0,0,0,0,0,0,0,0,0,0,0,0,0,0,0,0,0,0,0,0,0,0,0,0,0,0,0,0,0,0,0,0,0,0,0,0,0,0,0,0,0,0,0,0,0,0,0,0,0,0,0,0,14.14,14.14,14.14,14.14,14.14,14.14,14.14,0,0,0,0,0,0,0,0,0,0,0,0,0,0,0,0,0,0,0,0,0,0,0,0,0,0,0,0],
[0,0,0,0,0,0,0,0,0,0,0,0,0,0,0,0,0,0,0,0,0,0,0,0,0,0,0,0,0,0,0,0,0,0,0,0,0,0,0,0,0,0,0,0,0,0,0,0,0,0,0,0,0,0,0,0,0,0,0,0,0,0,0,0,0,0,0,0,0,0,0,0,0,0,0,0,0,0,0,0,0,0,0,0,0,0,0,0,0,0,0,0,0,0,15.39,15.43,15.44,15.44,15.44,15.44,15.44,15.44,15.44,15.44,15.44,15.44,15.44,15.44,15.44,15.44,0,0,0,0,0,0,0,0,0,0,0,0,0,0,0,0,0,0,0,0,0,0,0,0,0,0,0,0,0,0,0,0,0,0,0,0,0,0,0,0,0,0,0,0,0,0,0,0,0,0,0,0,0,0,0,0,0,0,0,0,0,0,0,0,0,0,0,0,0,0,0,0,0,0,0,0,0,0,0,0,0,0,0,0,0,0,0,0,0,0],
[0,0,0,0,0,0,0,0,0,0,0,0,0,0,0,0,0,0,0,0,0,0,0,0,0,0,0,0,0,0,0,0,0,0,0,0,0,0,0,0,0,0,0,0,0,0,0,0,0,0,0,0,0,0,0,0,0,0,0,0,0,0,0,0,0,0,0,0,0,0,0,0,0,0,0,0,0,0,0,0,0,0,0,0,0,0,0,0,0,0,0,0,0,15.43,15.41,15.43,15.44,15.44,15.44,15.44,15.44,15.44,15.44,15.44,15.44,15.44,15.44,15.44,15.44,15.44,15.44,0,0,0,0,0,0,0,0,0,0,0,0,0,0,0,0,0,15.49,15.49,15.49,15.49,15.49,15.49,15.49,15.49,15.49,0,0,0,0,0,0,0,0,0,0,0,0,0,0,0,0,0,0,0,0,0,0,0,0,0,0,0,0,0,0,0,0,0,0,0,0,0,0,0,0,0,0,0,0,0,0,0,0,0,0,0,0,0,0,0,0,0,0,0,0,0,0,0],
[0,0,0,0,0,0,0,0,0,0,0,0,0,0,0,0,0,0,0,0,0,0,0,0,0,0,0,0,0,0,0,0,0,0,0,0,0,0,0,0,0,0,0,0,0,0,0,0,0,0,0,0,0,0,0,0,0,0,0,0,0,0,0,0,0,0,0,0,0,0,0,0,0,0,0,0,0,0,0,0,0,0,0,0,0,0,0,0,0,0,0,0,0,15.44,15.43,15.42,15.44,15.44,15.44,15.44,15.44,15.44,15.44,15.44,15.44,15.44,15.44,15.44,15.44,15.44,15.44,15.45,15.66,0,0,0,0,0,0,0,0,0,0,0,0,0,0,0,15.49,15.49,15.49,15.49,15.49,15.49,15.49,15.49,15.49,15.49,15.49,0,0,0,0,0,0,0,0,0,0,0,0,0,0,0,0,0,0,0,0,0,0,0,0,0,0,0,0,0,0,0,0,0,0,0,0,0,0,0,0,0,0,0,0,0,0,0,0,0,0,0,0,0,0,0,0,0,0,0,0,0],
[0,0,0,0,0,0,0,0,0,0,0,0,0,0,0,0,0,0,0,0,0,0,0,0,0,0,0,0,0,0,0,0,0,0,0,0,0,0,0,0,0,0,0,0,0,0,0,0,0,0,0,0,0,0,0,0,0,0,0,0,0,0,0,0,0,0,0,0,0,0,0,0,0,0,0,0,0,0,0,0,0,0,0,0,0,0,0,0,0,0,0,0,0,15.44,15.44,15.42,15.44,15.44,15.44,15.44,15.44,15.44,15.44,15.44,15.44,15.44,15.44,15.44,15.44,15.44,15.44,15.48,15.71,15.96,16.22,16.42,16.61,0,0,0,0,0,0,0,0,15.49,0,15.49,15.49,15.49,15.49,15.49,15.49,15.49,15.49,15.49,15.49,15.49,15.49,15.49,0,0,0,0,0,0,0,0,0,0,0,0,0,0,0,0,0,0,0,0,0,0,0,0,0,0,0,0,0,0,0,0,0,0,0,0,0,0,0,0,0,0,0,0,0,0,0,0,0,0,0,0,0,0,0,0,0,0,0,0],
[0,0,0,0,0,0,0,0,0,0,0,0,0,0,0,0,0,0,0,0,0,0,0,0,0,0,0,0,0,0,0,0,0,0,0,0,0,0,0,0,0,0,0,0,0,0,0,0,0,0,0,0,0,0,0,0,0,0,0,0,0,0,0,0,0,0,0,0,0,0,0,0,0,0,0,0,0,0,0,0,0,0,0,0,0,0,0,0,0,0,0,0,0,0,15.44,15.44,15.44,15.44,15.44,15.44,15.44,15.44,15.44,15.44,15.44,15.44,15.44,15.44,15.44,15.44,15.44,15.50,15.79,16.04,16.29,16.48,16.66,16.84,16.76,16.61,16.46,0,0,0,15.49,15.49,15.49,15.49,15.49,15.49,15.49,15.49,15.49,15.49,15.49,15.49,15.49,15.49,15.49,15.49,15.49,0,0,0,0,0,0,0,0,0,0,0,0,0,0,0,0,0,0,0,0,0,0,0,0,0,0,0,0,0,0,0,0,0,0,0,0,0,0,0,0,0,0,0,0,0,0,0,0,0,0,0,0,0,0,0,0,0,0,0],
[0,0,0,0,0,0,0,0,0,0,0,0,0,0,0,0,0,0,0,0,0,0,0,0,0,0,0,0,0,0,0,0,0,0,0,0,0,0,0,0,0,0,0,0,0,0,0,0,0,0,0,0,0,0,0,0,0,0,0,0,0,0,0,0,0,0,0,0,0,0,0,0,0,0,0,0,0,0,0,0,0,0,0,0,0,0,0,0,0,0,0,0,0,0,0,15.44,15.44,15.44,15.44,15.44,15.44,15.44,15.44,15.44,15.44,15.44,15.44,15.44,15.44,15.44,15.44,15.61,15.87,16.12,16.35,16.54,16.72,16.84,16.72,16.56,16.41,16.16,15.89,15.57,15.49,15.49,15.49,15.49,15.49,15.49,15.49,15.49,15.49,15.49,15.49,15.49,15.49,15.49,15.49,15.49,15.49,0,0,0,0,0,0,0,0,0,0,0,0,0,0,0,0,0,0,0,0,0,0,0,0,0,0,0,0,0,0,0,0,0,0,0,0,0,0,0,0,0,0,0,0,0,0,0,0,0,0,0,0,0,0,0,0,0,0,0],
[0,0,0,0,0,0,0,0,0,0,0,0,0,0,0,0,0,0,0,0,0,0,0,0,0,0,0,0,0,0,0,0,0,0,0,0,0,0,0,0,0,0,0,0,0,0,0,0,0,0,0,0,0,0,0,0,0,0,0,0,0,0,0,0,0,0,0,0,0,0,0,0,0,0,0,0,0,0,0,0,0,0,0,0,0,0,0,0,0,0,0,0,0,0,0,15.44,15.44,15.44,15.44,15.44,15.44,15.44,15.44,15.44,15.44,15.44,15.44,15.44,15.44,15.44,15.45,15.69,15.95,16.20,16.41,16.60,16.78,16.83,16.68,16.53,16.37,16.09,15.82,15.55,15.49,15.49,15.49,15.49,15.49,15.49,15.49,15.49,15.49,15.49,15.49,15.49,15.49,15.49,15.49,15.49,0,0,0,0,0,0,0,0,0,0,0,0,0,0,0,0,0,0,0,0,0,0,0,0,0,0,0,0,0,0,0,0,0,0,0,0,0,0,0,0,0,0,0,0,0,0,0,0,0,0,0,0,0,0,0,0,0,0,0,0],
[0,0,0,0,0,0,0,0,0,0,0,0,0,0,0,0,0,0,0,0,0,0,0,0,0,0,0,0,0,0,0,0,0,0,0,0,0,0,0,0,0,0,0,0,0,0,0,0,0,0,0,0,0,0,0,0,0,0,0,0,0,0,0,0,0,0,0,0,0,0,0,0,0,0,0,0,0,0,0,0,0,0,0,0,0,0,0,0,0,0,0,0,0,0,0,15.44,15.44,15.44,15.44,15.44,15.44,15.44,15.44,15.44,15.44,15.44,15.44,15.44,15.44,15.44,15.51,15.76,16.03,16.28,16.48,16.65,16.82,16.79,16.64,16.49,16.30,16.03,15.74,15.50,15.49,15.49,15.49,15.49,15.49,15.49,15.49,15.49,15.49,15.49,15.49,15.49,15.49,15.49,15.49,15.49,15.49,0,0,0,0,0,0,0,0,0,0,0,0,0,0,0,0,0,0,0,0,0,0,0,0,0,0,0,0,0,0,0,0,0,0,0,0,0,0,0,0,0,0,0,0,0,0,0,0,0,0,0,0,0,0,0,0,0,0,0],
[0,0,0,0,0,0,0,0,0,0,0,0,0,0,0,0,0,0,0,0,0,0,0,0,0,0,0,0,0,0,0,0,0,0,0,0,0,0,0,0,0,0,0,0,0,0,0,0,0,0,0,0,0,0,0,0,0,0,0,0,0,0,0,0,0,0,0,0,0,0,0,0,0,0,0,0,0,0,0,0,0,0,0,0,0,0,0,0,0,0,0,0,0,0,0,0,0,0,15.44,15.44,15.44,15.44,15.44,15.44,15.44,15.44,15.44,15.44,15.44,15.44,15.54,15.84,16.11,16.35,16.53,16.69,16.84,16.76,16.61,16.46,16.23,15.95,15.67,15.49,15.49,15.49,15.49,15.49,15.49,15.49,15.49,15.49,15.49,15.49,15.49,15.49,15.49,15.49,15.49,15.49,15.49,15.49,15.49,0,0,0,0,0,0,0,0,0,0,0,0,0,0,0,0,0,0,0,0,0,0,0,0,0,0,0,0,0,0,0,0,0,0,0,0,0,0,0,0,0,0,0,0,0,0,0,0,0,0,0,0,0,0,0,0,0],
[0,0,0,0,0,0,0,0,0,0,0,0,0,0,0,0,0,0,0,0,0,0,0,0,0,0,0,0,0,0,0,0,0,0,0,0,0,0,0,0,0,0,0,0,0,0,0,0,0,0,0,0,0,0,0,0,0,0,0,0,0,0,0,0,0,0,0,0,0,0,0,0,0,0,0,0,0,0,0,0,0,0,0,0,0,0,0,0,0,0,0,0,0,0,0,0,0,0,0,15.44,15.44,15.44,15.44,15.44,15.44,15.44,15.44,15.44,15.44,15.44,15.65,15.92,16.18,16.40,16.57,16.74,16.84,16.72,16.57,16.42,16.16,15.87,15.56,15.49,15.49,15.49,15.49,15.49,15.49,15.49,15.49,15.49,15.49,15.49,15.49,15.49,15.49,15.49,15.49,15.49,15.49,15.49,15.49,0,0,0,0,0,0,0,0,0,0,0,0,0,0,0,0,0,0,0,0,0,0,0,0,0,0,0,0,0,0,0,0,0,0,0,0,0,0,0,0,0,0,0,0,0,0,0,0,0,0,0,0,0,0,0,0,0],
[0,0,0,0,0,0,0,0,0,0,0,0,0,0,0,0,0,0,0,0,0,0,0,0,0,0,0,0,0,0,0,0,0,0,0,0,0,0,0,0,0,0,0,0,0,0,0,0,0,0,0,0,0,0,0,0,0,0,0,0,0,0,0,0,0,0,0,0,0,0,0,0,0,0,0,0,0,0,0,0,0,0,0,0,0,0,0,0,0,0,0,0,0,0,0,0,0,0,0,15.44,15.44,15.44,15.44,15.44,15.44,15.44,15.44,15.44,15.44,0,0,0,0,0,16.61,16.78,16.83,16.68,16.53,16.38,16.09,15.81,15.54,15.49,15.49,15.49,15.49,15.49,15.49,15.49,15.49,15.49,15.49,15.49,15.49,15.49,15.49,15.49,15.49,15.49,15.49,15.49,15.49,0,0,0,0,0,0,0,0,0,0,0,0,0,0,0,0,0,0,0,0,0,0,0,0,0,0,0,0,0,0,0,0,0,0,0,0,0,0,0,0,0,0,0,0,0,0,0,0,0,0,0,0,0,0,0,0,0],
[0,0,0,0,0,0,0,0,0,0,0,0,0,0,0,0,0,0,0,0,0,0,0,0,0,0,0,0,0,0,0,0,0,0,0,0,0,0,0,0,0,0,0,0,0,0,0,0,0,0,0,0,0,0,0,0,0,0,0,0,0,0,0,0,0,0,0,0,0,0,0,0,0,0,0,0,0,0,0,0,0,0,0,0,0,0,0,0,0,0,0,0,0,0,0,0,0,0,0,0,0,0,0,0,0,15.44,15.44,0,0,0,0,0,0,0,0,0,0,0,16.49,16.31,16.03,15.75,15.51,15.49,15.49,15.49,15.49,15.49,15.49,15.49,15.49,15.49,15.49,15.49,15.49,15.49,15.49,15.49,15.49,15.49,15.49,15.49,15.49,0,0,0,0,0,0,0,0,0,0,0,0,0,0,0,0,0,0,0,0,0,0,0,0,0,0,0,0,0,0,0,0,0,0,0,0,0,0,0,0,0,0,0,0,0,0,0,0,0,0,0,0,0,0,0,0,0],
[0,0,0,0,0,0,0,0,0,0,0,0,0,0,0,0,0,0,0,0,0,0,0,0,0,0,0,0,0,0,0,0,0,0,0,0,0,0,0,0,0,0,0,0,0,0,0,0,0,0,0,0,0,0,0,0,0,0,0,0,0,0,0,0,0,0,0,0,0,0,0,0,0,0,0,0,0,0,0,0,0,0,0,0,0,0,0,0,0,0,0,0,0,0,0,0,0,0,0,0,0,0,0,0,0,0,0,0,0,0,0,0,0,0,0,0,0,0,0,0,0,0,15.49,15.49,15.49,15.49,15.49,15.49,15.49,15.49,15.49,15.49,15.49,15.49,15.49,15.49,15.49,15.49,15.49,15.49,15.49,15.49,15.49,0,0,0,0,0,0,0,0,0,0,0,0,0,0,0,0,0,0,0,0,0,0,0,0,0,0,0,0,0,0,0,0,0,0,0,0,0,0,0,0,0,0,0,0,0,0,0,0,0,0,0,0,0,0,0,0,0],
[0,0,0,0,0,0,0,0,0,0,0,0,0,0,0,0,0,0,0,0,0,0,0,0,0,0,0,0,0,0,0,0,0,0,0,0,0,0,0,0,0,0,0,0,0,0,0,0,0,0,0,0,0,0,0,0,0,0,0,0,0,0,0,0,0,0,0,0,0,0,0,0,0,0,0,0,0,0,0,0,0,0,0,0,0,0,0,0,0,0,0,0,0,0,0,0,0,0,0,0,0,0,0,0,0,0,0,0,0,0,0,0,0,0,0,0,0,0,0,0,0,0,15.49,15.49,15.49,15.49,15.49,15.49,15.49,15.49,15.49,15.49,15.49,15.49,15.49,15.49,15.49,15.49,15.49,15.49,15.49,15.49,15.49,0,0,0,0,0,0,0,0,0,0,0,0,0,0,0,0,0,0,0,0,0,0,0,0,0,0,0,0,0,0,0,0,0,0,0,0,0,0,0,0,0,0,0,0,0,0,0,0,0,0,0,0,0,0,0,0,0],
[0,0,0,0,0,0,0,0,0,0,0,0,0,0,0,0,0,0,0,0,0,0,0,0,0,0,0,0,0,0,0,0,0,0,0,0,0,0,0,0,0,0,0,0,0,0,0,0,0,0,0,0,0,0,0,0,0,0,0,0,0,0,0,0,0,0,0,0,0,0,0,0,0,0,0,0,0,0,0,0,0,0,0,0,0,0,0,0,0,0,0,0,0,0,0,0,0,0,0,0,0,0,0,0,0,0,0,0,0,0,0,0,0,0,0,0,0,0,0,0,0,0,15.49,15.49,15.49,15.49,15.49,15.49,15.49,15.49,15.49,15.49,15.49,15.49,15.49,15.49,15.49,15.49,15.49,15.49,15.49,15.49,15.49,0,0,0,0,0,0,0,0,0,0,0,0,0,0,0,0,0,0,0,0,0,0,0,0,0,0,0,0,0,0,0,0,0,0,0,0,0,0,0,0,0,0,0,0,0,0,0,0,0,0,0,0,0,0,0,0,0],
[0,0,0,0,0,0,0,0,0,0,0,0,0,0,0,0,0,0,0,0,0,0,0,0,0,0,0,0,0,0,0,0,0,0,0,0,0,0,0,0,0,0,0,0,0,0,0,0,0,0,0,0,0,0,0,0,0,0,0,0,0,0,0,0,0,0,0,0,0,0,0,0,0,0,0,0,0,0,0,0,0,0,0,0,0,0,0,0,0,0,0,0,0,0,0,0,0,0,0,0,0,0,0,0,0,0,0,0,0,0,0,0,0,0,0,0,0,0,0,0,0,0,15.49,15.49,15.49,15.49,15.49,15.49,15.49,15.49,15.49,15.49,15.49,15.49,15.49,15.49,15.49,15.49,15.49,15.49,15.49,15.49,15.49,0,0,0,0,0,0,0,0,0,0,0,0,0,0,0,0,0,0,0,0,0,0,0,0,0,0,0,0,0,0,0,0,0,0,0,0,0,0,0,0,0,0,0,0,0,0,0,0,0,0,0,0,0,0,0,0,0],
[0,0,0,0,0,0,0,0,0,0,0,0,0,0,0,0,0,0,0,0,0,0,0,0,0,0,0,0,0,0,0,0,0,0,0,0,0,0,0,0,0,0,0,0,0,0,0,0,0,0,0,0,0,0,0,0,0,0,0,0,0,0,0,0,0,0,0,0,0,0,0,0,0,0,0,0,0,0,0,0,0,0,0,0,0,0,0,0,0,0,0,0,0,0,0,0,0,0,0,0,0,0,0,0,0,0,0,0,0,0,0,0,0,0,0,0,0,0,0,0,0,0,15.49,15.49,15.49,15.49,15.49,15.49,15.49,15.49,15.49,15.49,15.49,15.49,15.49,15.49,15.49,15.49,15.49,15.49,15.49,15.49,15.49,0,0,0,0,0,0,0,0,0,0,0,0,0,0,0,0,0,0,0,0,0,0,0,0,0,0,0,0,0,0,0,0,0,0,0,0,0,0,0,0,0,0,0,0,0,0,0,0,0,0,0,0,0,0,0,0,0],
[0,0,0,0,0,0,0,0,0,0,0,0,0,0,0,0,0,0,0,0,0,0,0,0,0,0,0,0,0,0,0,0,0,0,0,0,0,0,0,0,0,0,0,0,0,0,0,0,0,0,0,0,0,0,0,0,0,0,0,0,0,0,0,0,0,0,0,0,0,0,0,0,0,0,0,0,0,0,0,0,0,0,0,0,0,0,0,0,0,0,0,0,0,0,0,0,0,0,0,0,0,0,0,0,0,0,0,0,0,0,0,0,0,0,0,0,0,0,0,0,0,0,0,0,15.49,15.49,15.49,15.49,15.49,15.49,15.49,15.49,15.49,15.49,15.49,15.49,15.49,15.49,15.49,15.49,15.49,15.49,15.49,0,0,0,0,0,0,0,0,0,0,0,0,0,0,0,0,0,0,0,0,0,0,0,0,0,0,0,0,0,0,0,0,0,0,0,0,0,0,0,0,0,0,0,0,0,0,0,0,0,0,0,0,0,0,0,0,0],
[0,0,0,0,0,0,0,0,0,0,0,0,0,0,0,0,0,0,0,0,0,0,0,0,0,0,0,0,0,0,0,0,0,0,0,0,0,0,0,0,0,0,0,0,0,0,0,0,0,0,0,0,0,0,0,0,0,0,0,0,0,0,0,0,0,0,0,0,0,0,0,0,0,0,0,0,0,0,0,0,0,0,0,0,0,0,0,0,0,0,0,0,0,0,0,0,0,0,0,0,0,0,0,0,0,0,0,0,0,0,0,0,0,0,0,0,0,0,0,0,0,0,0,0,15.49,15.49,15.49,15.49,15.49,15.49,15.49,15.49,15.48,15.45,15.45,15.49,15.49,15.49,15.49,15.49,15.49,15.49,0,0,0,0,0,0,0,0,0,0,0,0,0,0,0,0,0,0,0,0,0,0,0,0,0,0,0,0,0,0,0,0,0,0,0,0,0,0,0,0,0,0,0,0,0,0,0,0,0,0,0,0,0,0,0,0,0,0],
[0,0,0,0,0,0,0,0,0,0,0,0,0,0,0,0,0,0,0,0,0,0,0,0,0,0,0,0,0,0,0,0,0,0,0,0,0,0,0,0,0,0,0,0,0,0,0,0,0,0,0,0,0,0,0,0,0,0,0,0,0,0,0,0,0,0,0,0,0,0,0,0,0,0,0,0,0,0,0,0,0,0,0,0,0,0,0,0,0,0,0,0,0,0,0,0,0,0,0,0,0,0,0,0,0,0,0,0,0,0,0,0,0,0,0,0,0,0,0,0,0,0,0,0,0,0,0,0,0,0,20.54,20.54,15.44,15.44,15.44,20.54,0,15.49,15.49,15.49,15.49,0,0,0,0,0,0,0,0,0,0,0,0,0,0,0,0,0,0,0,0,0,0,0,0,0,0,0,0,0,0,0,0,0,0,0,0,0,0,0,0,0,0,0,0,0,0,0,0,0,0,0,0,0,0,0,0,0,0,0],
[0,0,0,0,0,0,0,0,0,0,0,0,0,0,0,0,0,0,0,0,0,0,0,0,0,0,0,0,0,0,0,0,0,0,0,0,0,0,0,0,0,0,0,0,0,0,0,0,0,0,0,0,0,0,0,0,0,0,0,0,0,0,0,0,0,0,0,0,0,0,0,0,0,0,0,0,0,0,0,0,0,0,0,0,0,0,0,0,0,0,0,0,0,0,0,0,0,0,0,0,0,0,0,0,0,0,0,0,0,0,0,0,0,0,0,0,0,0,0,0,0,0,0,0,0,0,0,0,0,0,20.55,20.55,15.40,15.41,15.43,20.56,20.65,20.73,0,0,0,0,0,0,0,0,0,0,0,0,0,0,0,0,0,0,0,0,0,0,0,0,0,0,0,0,0,0,0,0,0,0,0,0,0,0,0,0,0,0,0,0,0,0,0,0,0,0,0,0,0,0,0,0,0,0,0,0,0,0],
[0,0,0,0,0,0,0,0,0,0,0,0,0,0,0,0,0,0,0,0,0,0,0,0,0,0,0,0,0,0,0,0,0,0,0,0,0,0,0,0,0,0,0,0,0,0,0,0,0,0,0,0,0,0,0,0,0,0,0,0,0,0,0,0,0,0,0,0,0,0,0,0,0,0,0,0,0,0,0,0,0,0,0,0,0,0,0,0,0,0,0,0,0,0,0,0,0,0,0,0,0,0,0,0,0,0,0,0,0,0,0,0,0,0,0,0,0,0,0,0,0,0,0,0,0,0,0,0,0,0,20.56,20.56,15.37,15.39,15.42,15.42,20.66,20.71,20.74,20.74,20.74,20.74,20.78,20.82,20.85,20.88,20.91,20.93,20.90,20.87,20.84,20.74,0,0,0,0,0,0,0,0,0,0,0,0,0,0,0,0,0,0,0,0,0,0,0,0,0,0,0,0,0,0,0,0,0,0,0,0,0,0,0,0,0,0,0,0,0,0,0,0],
[0,0,0,0,0,0,0,0,0,0,0,0,0,0,0,0,0,0,0,0,0,0,0,0,0,0,0,0,0,0,0,0,0,0,0,0,0,0,0,0,0,0,0,0,0,0,0,0,0,0,0,0,0,0,0,0,0,0,0,0,0,0,0,0,0,0,0,0,0,0,0,0,0,0,0,0,0,0,0,0,0,0,0,0,0,0,0,0,0,0,0,0,0,0,0,0,0,0,0,0,0,0,0,0,0,0,0,0,0,0,0,0,0,0,0,0,0,0,0,0,0,0,0,0,0,0,0,0,0,0,20.57,20.57,15.33,15.38,15.41,15.41,20.57,20.61,20.64,20.67,20.68,20.68,20.68,20.70,20.72,20.75,20.78,20.79,20.79,20.62,20.54,20.55,0,0,0,0,0,0,0,0,0,0,0,0,0,0,0,0,0,0,0,0,0,0,0,0,0,0,0,0,0,0,0,0,0,0,0,0,0,0,0,0,0,0,0,0,0,0,0,0],
[0,0,0,0,0,0,0,0,0,0,0,0,0,0,0,0,0,0,0,0,0,0,0,0,0,0,0,0,0,0,0,0,0,0,0,0,0,0,0,0,0,0,0,0,0,0,0,0,0,0,0,0,0,0,0,0,0,0,0,0,0,0,0,0,0,0,0,0,0,0,0,0,0,0,0,0,0,0,0,0,0,0,0,0,0,0,0,0,0,0,0,0,0,0,0,0,0,0,0,0,0,0,0,0,0,0,0,0,0,0,0,0,0,0,0,0,0,0,0,0,0,0,0,0,0,0,0,0,0,0,20.59,20.59,15.29,15.35,15.40,15.41,20.55,20.53,20.51,20.51,20.50,20.50,20.52,20.55,20.57,20.60,20.59,20.49,20.37,20.14,20.22,20.30,20.24,0,0,0,0,0,0,0,0,0,0,0,0,0,0,0,0,0,0,0,0,0,0,0,0,0,0,0,0,0,0,0,0,0,0,0,0,0,0,0,0,0,0,0,0,0,0,0],
[0,0,0,0,0,0,0,0,0,0,0,0,0,0,0,0,0,0,0,0,0,0,0,0,0,0,0,0,0,0,0,0,0,0,0,0,0,0,0,0,0,0,0,0,0,0,0,0,0,0,0,0,0,0,0,0,0,0,0,0,0,0,0,0,0,0,0,0,0,0,0,0,0,0,0,0,0,0,0,0,0,0,0,0,0,0,0,0,0,0,0,0,0,0,0,0,0,0,0,0,0,0,0,0,0,0,0,0,0,0,0,0,0,0,0,0,0,0,0,0,0,0,0,0,0,0,0,0,0,0,21.00,20.98,15.25,15.32,15.39,15.40,0,0,20.39,20.33,20.33,20.35,20.38,20.40,20.42,20.30,20.18,20.02,19.83,19.78,19.87,19.98,20.05,19.93,0,0,0,0,0,0,0,0,0,0,0,0,0,0,0,0,0,0,0,0,0,0,0,0,0,0,0,0,0,0,0,0,0,0,0,0,0,0,0,0,0,0,0,0,0,0],
[0,0,0,0,0,0,0,0,0,0,0,0,0,0,0,0,0,0,0,0,0,0,0,0,0,0,0,0,0,0,0,0,0,0,0,0,0,0,0,0,0,0,0,0,0,0,0,0,0,0,0,0,0,0,0,0,0,0,0,0,0,0,0,0,0,0,0,0,0,0,0,0,0,0,0,0,0,0,0,0,0,0,0,0,0,0,0,0,0,0,0,0,0,0,0,0,0,0,0,0,0,0,0,0,0,0,0,0,0,0,0,0,0,0,0,0,0,0,0,0,0,0,0,0,0,0,0,0,0,0,21.47,21.45,15.22,15.29,15.38,15.39,0,0,0,20.24,20.26,20.29,20.33,20.37,20.35,20.26,20.18,19.59,19.32,19.42,19.51,19.62,19.73,19.74,0,0,0,0,0,0,0,0,0,0,0,0,0,0,0,0,0,0,0,0,0,0,0,0,0,0,0,0,0,0,0,0,0,0,0,0,0,0,0,0,0,0,0,0,0,0],
[0,0,0,0,0,0,0,0,0,0,0,0,0,0,0,0,0,0,0,0,0,0,0,0,0,0,0,0,0,0,0,0,0,0,0,0,0,0,0,0,0,0,0,0,0,0,0,0,0,0,0,0,0,0,0,0,0,0,0,0,0,0,0,0,0,0,0,0,0,0,0,0,0,0,0,0,0,0,0,0,0,0,0,0,0,0,0,0,0,0,0,0,0,0,0,0,0,0,0,0,0,0,0,0,0,0,0,0,0,0,0,0,0,0,0,0,0,0,0,0,0,0,0,0,0,0,0,0,0,0,21.95,21.94,15.19,15.28,15.37,15.39,15.53,15.71,15.88,16.06,16.23,0,0,0,0,0,0,18.81,18.70,19.04,19.16,19.29,19.45,19.55,0,0,0,0,0,0,0,0,0,0,0,0,0,0,0,0,0,0,0,0,0,0,0,0,0,0,0,0,0,0,0,0,0,0,0,0,0,0,0,0,0,0,0,0,0,0],
[0,0,0,0,0,0,0,0,0,0,0,0,0,0,0,0,0,0,0,0,0,0,0,0,0,0,0,0,0,0,0,0,0,0,0,0,0,0,0,0,0,0,0,0,0,0,0,0,0,0,0,0,0,0,0,0,0,0,0,0,0,0,0,0,0,0,0,0,0,0,0,0,0,0,0,0,0,0,0,0,0,0,0,0,0,0,0,0,0,0,0,0,0,0,0,0,0,0,0,0,0,0,0,0,0,0,0,0,0,0,0,0,0,0,0,0,0,0,0,0,0,0,0,0,0,0,0,0,0,0,22.13,22.13,15.23,15.28,15.36,15.41,15.57,15.74,15.91,16.08,16.26,16.43,16.61,16.78,17.21,17.63,18.05,18.43,18.58,18.74,18.90,19.07,19.24,19.34,0,0,0,0,0,0,0,0,0,0,0,0,0,0,0,0,0,0,0,0,0,0,0,0,0,0,0,0,0,0,0,0,0,0,0,0,0,0,0,0,0,0,0,0,0,0],
[0,0,0,0,0,0,0,0,0,0,0,0,0,0,0,0,0,0,0,0,0,0,0,0,0,0,0,0,0,0,0,0,0,0,0,0,0,0,0,0,0,0,0,0,0,0,0,0,0,0,0,0,0,0,0,0,0,0,0,0,0,0,0,0,0,0,0,0,0,0,0,0,0,0,0,0,0,0,0,0,0,0,0,0,0,0,0,0,0,0,0,0,0,0,0,0,0,0,0,0,0,0,0,0,0,0,0,0,0,0,0,0,0,0,0,0,0,0,0,0,0,0,0,0,0,0,0,0,0,0,22.12,22.12,22.12,15.28,15.35,15.46,15.63,15.79,15.95,16.12,16.29,16.47,16.64,16.77,17.29,17.71,18.05,18.23,18.37,18.57,18.73,18.89,19.03,0,0,0,0,0,0,0,0,0,0,0,0,0,0,0,0,0,0,0,0,0,0,0,0,0,0,0,0,0,0,0,0,0,0,0,0,0,0,0,0,0,0,0,0,0,0,0],
[0,0,0,0,0,0,0,0,0,0,0,0,0,0,0,0,0,0,0,0,0,0,0,0,0,0,0,0,0,0,0,0,0,0,0,0,0,0,0,0,0,0,0,0,0,0,0,0,0,0,0,0,0,0,0,0,0,0,0,0,0,0,0,0,0,0,0,0,0,0,0,0,0,0,0,0,0,0,0,0,0,0,0,0,0,0,0,0,0,0,0,0,0,0,0,0,0,0,0,0,0,0,0,0,0,0,0,0,0,0,0,0,0,0,0,0,0,0,0,0,0,0,0,0,0,0,0,0,0,0,22.11,22.11,22.11,15.32,15.37,15.52,15.68,15.84,16.00,16.17,16.33,16.50,16.67,16.74,17.42,17.68,17.86,18.04,18.22,18.40,18.57,18.73,18.83,0,0,0,0,0,0,0,0,0,0,0,0,0,0,0,0,0,0,0,0,0,0,0,0,0,0,0,0,0,0,0,0,0,0,0,0,0,0,0,0,0,0,0,0,0,0,0],
[0,0,0,0,0,0,0,0,0,0,0,0,0,0,0,0,0,0,0,0,0,0,0,0,0,0,0,0,0,0,0,0,0,0,0,0,0,0,0,0,0,0,0,0,0,0,0,0,0,0,0,0,0,0,0,0,0,0,0,0,0,0,0,0,0,0,0,0,0,0,0,0,0,0,0,0,0,0,0,0,0,0,0,0,0,0,0,0,0,0,0,0,0,0,0,0,0,0,0,0,0,0,0,0,0,0,0,0,0,0,0,0,0,0,0,0,0,0,0,0,22.09,22.09,22.09,0,0,0,22.09,0,0,0,22.10,22.10,22.11,15.38,15.41,15.57,15.73,15.89,16.05,16.21,16.37,16.53,16.70,17.14,17.32,17.50,17.68,17.86,18.04,18.22,18.40,18.56,0,0,0,0,0,0,0,0,0,0,0,0,0,0,0,0,0,0,0,0,0,0,0,0,0,0,0,0,0,0,0,0,0,0,0,0,0,0,0,0,0,0,0,0,0,0,0,0],
[0,0,0,0,0,0,0,0,0,0,0,0,0,0,0,0,0,0,0,0,0,0,0,0,0,0,0,0,0,0,0,0,0,0,0,0,0,0,0,0,0,0,0,0,0,0,0,0,0,0,0,0,0,0,0,0,0,0,0,0,0,0,0,0,0,0,0,0,0,0,0,0,0,0,0,0,0,0,0,0,0,0,0,0,0,0,0,0,0,0,0,0,0,0,0,0,0,0,0,0,0,0,0,0,0,0,0,0,0,0,0,0,0,0,0,0,0,22.09,22.09,22.09,22.09,22.09,22.09,22.09,22.09,22.09,22.09,22.09,22.09,22.09,22.09,22.09,22.10,22.11,22.11,22.09,22.09,15.91,16.07,16.24,16.40,16.56,16.69,17.05,17.24,17.42,17.60,17.79,17.97,18.15,18.34,18.49,0,0,0,0,0,0,0,0,0,0,0,0,0,0,0,0,0,0,0,0,0,0,0,0,0,0,0,0,0,0,0,0,0,0,0,0,0,0,0,0,0,0,0,0,0,0,0,0],
[0,0,0,0,0,0,0,0,0,0,0,0,0,0,0,0,0,0,0,0,0,0,0,0,0,0,0,0,0,0,0,0,0,0,0,0,0,0,0,0,0,0,0,0,0,0,0,0,0,0,0,0,0,0,0,0,0,0,0,0,0,0,0,0,0,0,0,0,0,0,0,0,0,0,0,0,0,0,0,0,0,0,0,0,0,0,0,0,0,0,0,0,0,0,0,0,0,0,0,0,0,0,0,0,0,0,0,0,0,0,0,0,0,0,0,0,22.09,22.09,22.09,22.09,22.09,22.09,22.09,22.09,22.09,22.09,22.09,22.09,22.09,22.09,22.09,22.09,22.10,22.11,22.10,22.09,22.09,22.09,22.09,22.09,22.09,22.09,22.09,22.09,22.09,22.09,22.09,22.09,22.09,22.09,0,0,0,0,0,0,0,0,0,0,0,0,0,0,0,0,0,0,0,0,0,0,0,0,0,0,0,0,0,0,0,0,0,0,0,0,0,0,0,0,0,0,0,0,0,0,0,0,0,0],
[0,0,0,0,0,0,0,0,0,0,0,0,0,0,0,0,0,0,0,0,0,0,0,0,0,0,0,0,0,0,0,0,0,0,0,0,0,0,0,0,0,0,0,0,0,0,0,0,0,0,0,0,0,0,0,0,0,0,0,0,0,0,0,0,0,0,0,0,0,0,0,0,0,0,0,0,0,0,0,0,0,0,0,0,0,0,0,0,0,0,0,0,0,0,0,0,0,0,0,0,0,0,0,0,0,0,0,0,0,0,0,0,0,0,0,22.09,22.09,22.09,22.09,22.09,22.09,22.09,22.09,22.09,22.09,22.09,22.09,22.09,22.09,22.09,22.09,22.09,22.10,22.11,22.10,22.09,22.09,22.09,22.09,22.09,22.09,22.09,22.09,22.09,22.09,22.09,22.09,22.09,22.09,22.09,22.09,22.09,0,0,0,0,0,0,0,0,0,0,0,0,0,0,0,0,0,0,0,0,0,0,0,0,0,0,0,0,0,0,0,0,0,0,0,0,0,0,0,0,0,0,0,0,0,0,0,0],
[0,0,0,0,0,0,0,0,0,0,0,0,0,0,0,0,0,0,0,0,0,0,0,0,0,0,0,0,0,0,0,0,0,0,0,0,0,0,0,0,0,0,0,0,0,0,0,0,0,0,0,0,0,0,0,0,0,0,0,0,0,0,0,0,0,0,0,0,0,0,0,0,0,0,0,0,0,0,0,0,0,0,0,0,0,0,0,0,0,0,0,0,0,0,0,0,0,0,0,0,0,0,0,0,0,0,0,0,0,0,0,0,0,0,22.09,22.09,22.09,22.09,22.09,22.09,22.09,22.09,22.09,22.09,22.09,22.09,22.09,22.09,22.09,22.09,22.09,22.09,22.09,22.10,22.10,22.09,22.09,22.09,22.09,22.09,22.09,22.09,22.09,22.09,22.09,22.09,22.09,22.09,22.09,22.09,22.09,22.09,22.09,22.09,22.09,22.09,22.09,22.09,22.09,0,0,0,0,0,0,0,0,0,0,0,0,0,0,0,0,0,0,0,0,0,0,0,0,0,0,0,0,0,0,0,0,0,0,0,0,0,0,0,0,0],
[0,0,0,0,0,0,0,0,0,0,0,0,0,0,0,0,0,0,0,0,0,0,0,0,0,0,0,0,0,0,0,0,0,0,0,0,0,0,0,0,0,0,0,0,0,0,0,0,0,0,0,0,0,0,0,0,0,0,0,0,0,0,0,0,0,0,0,0,0,0,0,0,0,0,0,0,0,0,0,0,0,0,0,0,0,0,0,0,0,0,0,0,0,0,0,0,0,0,0,0,0,0,0,0,0,0,0,0,0,0,0,0,22.09,22.09,22.09,22.09,22.09,22.09,22.09,22.09,22.09,22.09,22.09,22.09,22.09,22.09,22.09,22.09,22.09,22.09,22.09,22.09,22.09,22.10,22.09,22.09,22.09,22.09,22.09,22.09,22.09,22.09,22.09,22.09,22.09,22.09,22.09,22.09,22.09,22.09,22.09,22.09,22.09,22.09,22.09,22.09,22.09,22.09,22.09,22.09,22.09,22.09,22.09,22.09,22.09,0,0,0,0,0,0,0,0,0,0,0,0,0,0,0,0,0,0,0,0,0,0,0,0,0,0,0,0,0,0,0,0,0,0,0],
[0,0,0,0,0,0,0,0,0,0,0,0,0,0,0,0,0,0,0,0,0,0,0,0,0,0,0,0,0,0,0,0,0,0,0,0,0,0,0,0,0,0,0,0,0,0,0,0,0,0,0,0,0,0,0,0,0,0,0,0,0,0,0,0,0,0,0,0,0,0,0,0,0,0,0,0,0,0,0,0,0,0,0,0,0,0,0,0,0,0,0,0,0,0,0,0,0,0,0,0,0,0,0,0,0,0,0,0,0,0,0,0,22.09,22.09,22.09,22.09,22.09,22.09,22.09,22.09,22.09,22.09,22.09,22.09,22.09,22.09,22.09,22.09,22.09,22.09,22.09,22.09,22.09,22.10,22.09,22.09,22.09,22.09,22.09,22.09,22.09,22.09,22.09,22.09,22.09,22.09,22.09,22.09,22.09,22.09,22.09,22.09,22.09,22.09,22.09,22.09,22.09,22.09,22.09,22.09,22.09,22.09,22.09,22.09,22.09,22.09,22.09,22.09,0,0,0,0,0,0,0,0,0,0,0,0,0,0,0,0,0,0,0,0,0,0,0,0,0,0,0,0,0,0,0,0],
[0,0,0,0,0,0,0,0,0,0,0,0,0,0,0,0,0,0,0,0,0,0,0,30.39,30.39,30.39,30.39,30.39,30.39,30.39,30.39,30.39,30.39,30.39,30.39,30.39,0,0,0,0,0,0,0,0,0,0,0,0,0,0,0,0,0,0,0,0,0,0,0,0,0,0,0,0,0,0,0,0,0,0,0,0,0,0,0,0,0,0,0,0,0,0,0,0,0,0,0,0,0,0,0,0,0,0,0,0,0,0,0,0,0,0,0,0,0,0,0,0,0,0,0,0,22.09,22.09,22.09,22.09,22.09,22.09,22.09,22.09,22.09,22.09,22.09,22.09,22.09,22.09,22.09,22.09,22.09,22.09,22.09,22.09,22.09,22.09,22.09,22.09,22.09,22.09,22.09,22.09,22.09,22.09,22.09,22.09,22.09,22.09,22.09,22.09,22.09,22.09,22.09,22.09,22.09,22.09,22.09,22.09,22.09,22.09,22.09,22.09,22.09,22.09,22.09,22.09,22.09,22.09,22.09,22.09,22.09,22.09,0,0,0,0,0,0,0,0,0,0,0,0,0,0,0,0,0,0,0,0,0,0,0,0,0,0,0,0,0,0],
[0,0,0,0,0,0,0,0,0,0,0,0,0,0,0,0,0,0,0,0,0,0,0,30.39,30.39,30.39,30.39,30.39,30.39,30.39,30.39,30.39,30.39,30.39,30.39,30.39,0,0,0,0,0,0,0,0,0,0,0,0,0,27.49,27.49,27.49,27.49,27.49,27.49,27.49,27.49,27.49,27.49,27.49,27.49,27.49,0,0,26.49,26.49,26.49,26.49,26.49,26.49,0,0,0,0,0,0,0,0,0,0,0,0,0,0,0,0,0,0,0,0,0,0,0,0,0,0,0,0,0,0,0,0,0,0,0,0,0,0,0,0,0,0,0,22.09,22.09,22.09,22.09,22.09,22.09,22.09,22.09,22.09,22.09,22.09,22.09,22.09,22.09,22.09,22.09,22.09,22.09,22.09,22.09,22.09,22.09,22.09,22.09,22.09,22.09,22.09,22.09,22.09,22.09,22.09,22.09,22.09,22.09,22.09,22.09,22.09,22.09,22.09,22.09,22.09,22.09,22.09,22.09,22.09,22.09,22.09,22.09,22.09,22.09,22.09,22.09,22.09,22.09,22.09,22.09,22.09,22.09,0,0,0,0,0,0,0,0,0,0,0,0,0,0,0,0,0,0,0,0,0,0,0,0,0,0,0,0,0],
[0,0,0,0,0,0,0,0,0,0,0,0,0,0,0,0,0,0,0,0,0,0,0,30.39,30.39,30.39,30.39,30.39,30.39,30.39,30.39,30.39,30.39,30.39,30.39,30.39,0,0,0,0,0,0,0,0,0,0,0,0,0,27.49,27.49,27.49,27.49,27.49,27.49,27.49,27.49,27.49,27.49,27.49,27.49,27.49,0,0,26.49,26.49,26.49,26.49,26.49,26.49,0,0,0,0,0,0,0,0,0,0,0,0,0,0,0,0,0,0,0,0,0,0,0,0,0,0,0,0,0,0,0,0,0,0,0,0,0,0,0,0,0,0,0,0,22.09,22.09,22.09,22.09,22.09,22.09,22.09,22.09,22.09,22.09,22.09,22.09,22.09,22.09,22.09,22.09,22.09,22.09,22.09,22.09,22.09,22.09,22.09,22.09,22.09,22.09,22.09,22.09,22.09,22.09,22.09,22.09,22.09,22.09,22.09,22.09,22.09,22.09,22.09,22.09,22.09,22.09,22.09,22.09,22.09,22.09,22.09,22.09,22.09,22.09,22.09,22.09,22.09,22.09,22.09,22.09,22.09,0,0,0,0,0,0,0,0,0,0,0,0,0,0,0,0,0,0,0,0,0,0,0,0,0,0,0,0,0],
[0,0,0,0,0,0,0,0,0,0,0,0,0,0,0,0,0,0,0,0,0,0,0,30.39,30.39,30.39,30.39,30.39,30.39,30.39,30.39,30.39,30.39,30.39,30.39,30.39,0,0,0,0,0,0,0,0,0,0,0,0,0,27.49,27.49,27.49,27.49,27.49,27.49,27.49,27.49,27.49,27.49,27.49,27.49,27.49,0,0,26.49,26.49,26.49,26.49,26.49,26.49,26.49,0,0,0,0,0,0,0,0,0,0,0,0,0,0,0,0,0,0,0,0,0,0,0,0,0,0,0,0,0,0,0,0,0,0,0,0,0,0,0,0,0,0,0,22.09,22.09,22.09,22.09,22.09,22.09,22.09,22.09,22.09,22.09,22.09,22.09,22.09,22.09,22.09,22.09,22.09,22.09,22.09,22.09,22.09,22.09,22.09,22.09,22.09,22.09,22.09,22.09,22.09,22.09,22.09,22.09,22.09,22.09,22.09,22.09,22.09,22.09,22.09,22.09,22.09,22.09,22.09,22.09,22.09,22.09,22.09,22.09,22.09,22.09,22.09,22.09,22.09,22.09,22.09,22.09,22.09,0,0,0,0,0,0,0,0,0,0,0,0,0,0,0,0,0,0,0,0,0,0,0,0,0,0,0,0,0],
[0,0,0,0,0,0,0,0,0,0,0,0,0,0,0,0,0,0,0,0,0,0,0,30.39,30.39,30.39,30.39,30.39,30.39,30.39,30.39,30.39,30.39,30.39,30.39,30.39,0,0,0,0,0,0,0,0,0,0,0,0,0,27.49,27.49,27.49,27.49,27.49,27.49,27.49,27.49,27.49,27.49,27.49,27.49,27.49,0,0,26.49,26.49,26.49,26.49,26.49,26.49,26.49,26.49,0,0,0,0,0,0,0,0,0,0,0,0,0,0,0,0,0,0,0,0,0,0,0,0,0,0,0,0,0,0,0,0,0,0,0,0,0,0,0,0,0,0,22.09,22.09,22.09,22.09,22.09,22.09,22.09,22.09,22.09,22.09,22.09,22.09,22.09,22.09,22.09,22.09,22.09,22.09,22.09,22.09,22.09,22.09,22.09,22.09,22.09,22.09,22.09,22.09,22.09,22.09,22.09,22.09,22.09,22.09,22.09,22.09,22.09,22.09,22.09,22.09,22.09,22.09,22.09,22.09,22.09,22.09,22.09,22.09,22.09,22.09,22.09,22.09,22.09,22.09,22.09,22.09,22.09,22.09,0,0,0,0,0,0,0,0,0,0,0,0,0,0,0,0,0,0,0,0,0,0,0,0,0,0,0,0],
[0,0,0,0,0,0,0,0,0,0,0,0,0,0,0,0,0,0,0,0,0,0,0,30.39,30.39,30.40,30.40,30.40,30.40,30.40,30.40,30.40,30.39,30.39,30.39,30.39,0,0,0,0,0,0,0,0,0,0,0,0,0,27.49,27.49,27.49,27.49,27.49,27.49,27.49,27.49,27.49,27.49,27.49,27.49,27.49,0,0,26.49,26.49,26.49,26.49,26.49,26.49,26.49,26.49,26.49,0,0,0,0,0,0,0,0,0,0,0,0,0,0,0,0,0,0,0,0,0,0,0,0,0,0,0,0,0,0,0,0,0,0,0,0,0,0,0,0,0,22.09,22.09,22.09,22.09,22.09,22.09,22.09,22.09,22.09,22.09,22.09,22.09,22.09,22.09,22.09,22.09,22.09,22.09,22.09,22.09,22.09,22.09,22.09,22.09,22.09,22.09,22.09,22.09,22.09,22.09,22.09,22.09,22.09,22.09,22.09,22.09,22.09,22.09,22.09,22.09,22.09,22.09,22.09,22.09,22.09,22.09,22.09,22.09,22.09,22.09,22.09,22.09,22.09,22.09,22.09,22.09,22.09,22.09,22.09,0,0,0,0,0,0,0,0,0,0,0,0,0,0,0,0,0,0,0,0,0,0,0,0,0,0,0],
[0,0,0,0,0,0,0,0,0,0,0,0,0,0,0,0,0,0,0,0,0,0,0,30.39,30.39,30.41,30.41,30.41,30.41,30.41,30.41,30.41,30.39,30.39,30.39,30.39,0,0,0,0,0,0,0,0,0,0,0,0,0,27.49,27.49,27.49,27.49,27.49,27.49,27.49,27.49,27.49,27.49,27.49,27.49,27.47,27.30,26.93,26.49,26.49,26.49,26.49,26.49,26.49,26.49,26.49,26.49,26.49,0,0,0,0,0,0,0,0,0,0,0,0,0,0,0,0,0,0,0,0,0,0,0,0,0,0,0,0,0,0,0,0,0,0,0,0,0,0,0,0,22.09,22.09,22.09,22.09,22.09,22.09,22.09,22.09,22.09,22.09,22.09,22.09,22.09,22.09,22.09,22.09,22.09,22.09,22.09,22.09,22.09,22.09,22.09,22.09,22.09,22.09,22.09,22.09,22.09,22.09,22.09,22.09,22.09,22.09,22.09,22.09,22.09,22.09,22.09,22.09,22.09,22.09,22.09,22.09,22.09,22.09,22.09,22.09,22.09,22.09,22.09,22.09,22.09,22.09,22.09,22.09,22.09,22.09,22.09,22.09,0,0,0,0,0,0,0,0,0,0,0,0,0,0,0,0,0,0,0,0,0,0,0,0,0,0],
[0,0,0,0,0,0,0,0,0,0,0,0,0,0,0,0,0,0,0,0,0,0,0,30.39,30.39,30.41,30.41,30.41,30.41,30.41,30.41,30.41,30.39,30.39,30.39,30.39,0,0,0,0,0,0,0,0,0,0,0,0,0,27.49,27.49,27.49,27.49,27.49,27.49,27.49,27.49,27.49,27.49,27.49,27.49,27.47,27.31,26.94,26.49,26.49,26.49,26.49,26.49,26.49,26.49,26.49,26.49,26.49,0,0,0,0,0,0,0,0,0,0,0,0,0,0,0,0,0,0,0,0,0,0,0,0,0,0,0,0,0,0,0,0,0,0,0,0,0,0,0,0,22.09,22.09,22.09,22.09,22.09,22.09,22.09,22.09,22.09,22.09,22.09,22.09,22.09,22.09,22.09,22.09,22.09,22.09,22.09,22.09,22.09,22.09,22.09,22.09,22.09,22.09,22.09,22.09,22.09,22.09,22.09,22.09,22.09,22.09,22.09,22.09,22.09,22.09,22.09,22.09,22.09,22.09,22.09,22.09,22.09,22.09,22.09,22.09,22.09,22.09,22.09,22.09,22.09,22.09,22.09,22.09,22.09,22.09,22.09,22.09,0,0,0,0,0,0,0,0,0,0,0,0,0,0,0,0,0,0,0,0,0,0,0,0,0,0],
[0,0,0,0,0,0,0,0,0,0,0,0,0,0,0,0,0,0,0,0,0,0,0,30.39,30.39,30.39,30.42,30.42,30.42,30.42,30.42,30.42,30.39,30.39,30.39,30.39,0,0,0,0,0,0,0,0,0,0,0,0,0,27.49,27.49,27.49,27.49,27.49,27.49,27.49,27.49,27.49,27.49,27.49,27.49,27.47,27.32,26.94,26.49,26.49,26.49,26.49,26.49,26.49,26.49,26.49,26.49,26.49,0,0,0,0,0,0,0,0,0,0,0,0,0,0,0,0,0,0,0,0,0,0,0,0,0,0,0,0,0,0,0,0,0,0,0,0,0,0,0,22.09,22.09,22.09,22.09,22.09,22.09,22.09,22.09,22.09,22.09,22.09,22.09,22.09,22.09,22.09,22.09,22.09,22.09,22.09,22.09,22.09,22.09,22.09,22.09,22.09,22.09,22.09,22.09,22.09,22.09,22.09,22.09,22.09,22.09,22.09,22.09,22.09,22.09,22.09,22.09,22.09,22.09,22.09,22.09,22.09,22.09,22.09,22.09,22.09,22.09,22.09,22.09,22.09,22.09,22.09,22.09,22.09,22.09,22.09,22.09,22.09,0,0,0,0,0,0,0,0,0,0,0,0,0,0,0,0,0,0,0,0,0,0,0,0,0,0],
[0,0,0,0,0,0,0,0,0,0,0,0,0,0,0,0,0,0,0,0,0,0,0,30.39,30.39,30.39,30.43,30.43,30.43,30.43,30.43,30.43,30.39,30.39,30.39,30.39,0,0,0,0,0,0,0,0,0,0,0,0,0,27.49,27.49,27.49,27.49,27.49,27.49,27.49,27.49,27.49,27.49,27.49,27.49,27.47,27.31,26.93,26.49,26.49,26.49,26.49,26.49,26.49,26.49,26.49,26.49,26.49,0,0,0,0,0,0,0,0,0,0,0,0,0,0,0,0,0,0,0,0,0,0,0,0,0,0,0,0,0,0,0,0,0,0,0,0,0,0,0,22.09,22.09,22.09,22.09,22.09,22.09,22.09,22.09,22.09,22.09,22.09,22.09,22.09,22.09,22.09,22.09,22.09,22.09,22.09,22.09,22.09,22.09,22.09,22.09,22.09,22.09,22.09,22.09,22.09,22.09,22.09,22.09,22.09,22.09,22.09,22.09,22.09,22.09,22.09,22.09,22.09,22.09,22.09,22.09,22.09,22.09,22.09,22.09,22.09,22.09,22.09,22.09,22.09,22.09,22.09,22.09,22.09,22.09,22.09,22.09,22.09,0,0,0,0,0,0,0,0,0,0,0,0,0,0,0,0,0,0,0,0,0,0,0,0,0,0],
[0,0,0,0,0,0,0,0,0,0,0,0,0,0,0,0,0,0,0,0,0,0,0,30.39,30.39,30.39,30.39,30.43,30.43,30.43,30.43,30.43,30.39,30.39,30.39,30.39,0,0,0,0,0,0,0,0,0,0,0,0,0,27.49,27.49,27.49,27.49,27.49,27.49,27.49,27.49,27.49,27.49,27.49,27.49,27.47,27.31,26.93,26.49,26.49,26.49,26.49,26.49,26.49,26.49,26.49,26.49,26.49,0,0,0,0,0,0,0,0,0,0,0,0,0,0,0,0,0,0,0,0,0,0,0,0,0,0,0,0,0,0,0,0,0,0,0,0,0,0,0,0,22.09,22.09,22.09,22.09,22.09,22.09,22.09,22.09,22.09,22.09,22.09,22.09,22.09,22.09,22.09,22.09,22.09,22.09,22.09,22.09,22.09,22.09,22.09,22.09,22.09,22.09,22.09,22.09,22.09,22.09,22.09,22.09,22.09,22.09,22.09,22.09,22.09,22.09,22.09,22.09,22.09,22.09,22.09,22.09,22.09,22.09,22.09,22.09,22.09,22.09,22.09,22.09,22.09,22.09,22.09,22.09,22.09,22.09,22.09,0,0,0,0,0,0,0,0,0,0,0,0,0,0,0,0,0,0,0,0,0,0,0,0,0,0,0],
[0,0,0,0,0,0,0,33.44,33.44,33.44,33.44,33.44,33.44,33.44,33.44,33.44,33.44,33.44,33.44,0,0,0,0,30.39,30.39,30.39,30.42,30.51,30.51,30.53,30.55,30.57,30.44,30.39,30.39,30.39,0,0,0,0,0,0,0,0,0,0,0,0,0,27.49,27.49,27.49,27.49,27.49,27.49,27.49,27.49,27.49,27.49,27.49,27.49,27.47,27.30,26.92,26.49,26.49,26.49,26.49,26.49,26.49,26.49,26.49,26.49,26.49,0,0,0,0,0,0,0,0,0,0,0,0,0,0,0,0,0,0,0,0,0,0,0,0,0,0,0,0,0,0,0,0,0,0,0,0,0,0,0,0,22.09,22.09,22.09,22.09,22.09,22.09,22.09,22.09,22.09,22.09,22.09,22.09,22.09,22.09,22.09,22.09,22.09,22.09,22.09,22.09,22.09,22.09,22.09,22.09,22.09,22.09,22.09,22.09,22.09,22.09,22.09,22.09,22.09,22.09,22.09,22.09,22.09,22.09,22.09,22.09,22.09,22.09,22.09,22.09,22.09,22.09,22.09,22.09,22.09,22.09,22.09,22.09,22.09,22.09,22.09,22.09,22.09,22.09,0,0,0,0,0,0,0,0,0,0,0,0,0,0,0,0,0,0,0,0,0,0,0,0,0,0,0,0],
[0,0,0,0,0,0,0,33.44,33.44,33.44,33.44,33.44,33.44,33.44,33.44,33.44,33.44,33.44,33.44,0,0,0,0,0,0,0,30.92,30.91,30.91,30.91,30.92,30.94,30.94,0,0,0,0,0,0,0,0,0,0,0,0,0,0,0,0,27.49,27.49,27.49,27.49,27.49,27.49,27.49,27.49,27.49,27.49,27.49,27.49,27.47,27.30,26.93,26.49,26.49,26.49,26.49,26.49,26.49,26.49,26.49,26.49,26.49,0,0,0,0,0,0,0,0,0,0,0,0,0,0,0,0,0,0,0,0,0,0,0,0,0,0,0,0,0,0,0,0,0,0,0,0,0,0,0,0,22.09,22.09,22.09,22.09,22.09,22.09,22.09,22.09,22.09,22.09,22.09,22.09,22.09,22.09,22.09,22.09,22.09,22.09,22.09,22.09,22.09,22.09,22.09,22.09,22.09,22.09,22.09,22.09,22.09,22.09,22.09,22.09,22.09,22.09,22.09,22.09,22.09,22.09,22.09,22.09,22.09,22.09,22.09,22.09,22.09,22.09,22.09,22.09,22.09,22.09,22.09,22.09,22.09,22.09,22.09,22.09,0,0,0,0,0,0,0,0,0,0,0,0,0,0,0,0,0,0,0,0,0,0,0,0,0,0,0,0,0,0],
[0,0,0,0,0,0,0,33.44,33.44,33.44,33.44,33.44,33.44,33.44,33.44,33.44,33.44,33.44,33.44,0,0,0,0,0,0,0,31.32,31.31,31.30,31.31,31.33,31.35,31.36,0,0,0,0,0,0,0,0,0,0,0,0,0,0,0,0,27.49,27.49,27.49,27.49,27.49,27.49,27.49,27.49,27.49,27.49,27.49,27.49,27.49,0,0,26.49,26.49,26.49,26.49,26.49,26.49,26.49,26.49,26.49,26.49,0,0,0,0,0,0,0,0,0,0,0,0,0,0,0,0,0,0,0,0,0,0,0,0,0,0,0,0,0,0,0,0,0,0,0,0,0,0,0,0,0,0,22.09,22.09,22.09,22.09,22.09,22.09,22.09,22.09,22.09,22.09,22.09,22.09,22.09,22.09,22.09,22.09,22.09,22.09,22.09,22.09,22.09,22.09,22.09,22.09,22.09,22.09,22.09,22.09,22.09,22.09,22.09,22.09,22.09,22.09,22.09,22.09,22.09,22.09,22.09,22.09,22.09,22.09,22.09,22.09,22.09,22.09,22.09,22.09,22.09,0,0,0,0,0,0,0,0,0,0,0,0,0,0,0,0,0,0,0,0,0,0,0,0,0,0,0,0,0,0,0,0,0,0,0],
[0,0,0,0,0,0,0,33.44,33.44,33.44,33.44,33.44,33.44,33.44,33.44,33.44,33.44,33.44,33.44,0,0,0,0,31.49,31.49,31.49,31.49,31.50,31.52,31.54,31.54,31.54,31.50,31.49,31.49,31.49,31.49,0,0,0,0,0,0,0,0,0,0,0,0,27.49,27.49,27.49,27.49,27.49,27.49,27.49,27.49,27.49,27.49,27.49,27.49,27.49,0,0,26.49,26.49,26.49,26.49,26.49,26.49,26.49,26.49,26.49,26.49,0,0,0,0,0,0,0,0,0,0,0,0,0,0,0,0,0,0,0,0,0,0,0,0,0,0,0,0,0,0,0,0,0,0,0,0,0,0,0,0,0,0,0,22.09,22.09,22.09,22.09,22.09,22.09,22.09,22.09,22.09,22.09,22.09,22.09,22.09,22.09,22.09,22.09,22.09,22.09,22.09,22.09,22.09,22.09,22.09,22.09,22.09,22.09,22.09,22.09,22.09,22.09,22.09,22.09,22.09,22.09,22.09,22.09,22.09,22.09,22.09,22.09,22.09,22.09,22.09,22.09,22.09,0,0,0,0,0,0,0,0,0,0,0,0,0,0,0,0,0,0,0,0,0,0,0,0,0,0,0,0,0,0,0,0,0,0,0,0,0,0],
[0,0,0,0,0,0,0,33.44,33.44,33.44,33.44,33.44,33.44,33.44,33.44,33.44,33.45,33.44,33.44,33.48,33.05,32.53,32.01,31.49,31.49,31.49,31.49,31.49,31.52,31.53,31.53,31.53,31.49,31.49,31.49,31.49,31.49,0,0,0,0,0,0,0,0,0,0,0,0,27.49,27.49,27.49,27.49,27.49,27.49,27.49,27.49,27.49,27.49,27.49,27.49,27.49,0,0,26.49,26.49,26.49,26.49,26.49,26.49,26.49,26.49,26.49,26.49,0,0,0,0,0,0,0,0,0,0,0,0,0,0,0,0,0,0,0,0,0,0,0,0,0,0,0,0,0,0,0,0,0,0,0,0,0,0,0,0,0,0,0,22.09,22.09,22.09,22.09,22.09,22.09,22.09,22.09,22.09,22.09,22.09,22.09,22.09,22.09,22.09,22.09,22.09,22.09,22.09,22.09,22.09,22.09,22.09,22.09,22.09,22.09,22.09,22.09,22.09,22.09,22.09,22.09,22.09,22.09,22.09,22.09,22.09,22.09,22.09,22.09,22.09,22.09,22.09,0,0,0,0,0,0,0,0,0,0,0,0,0,0,0,0,0,0,0,0,0,0,0,0,0,0,0,0,0,0,0,0,0,0,0,0,0,0,0,0],
[0,0,0,0,0,0,0,33.44,33.44,33.44,33.44,33.44,33.44,33.44,33.44,33.46,33.45,33.44,33.44,33.47,33.04,32.51,31.99,31.49,31.49,31.49,31.49,31.49,31.51,31.53,31.53,31.53,31.49,31.49,31.49,31.49,31.49,0,0,0,0,0,0,0,0,0,0,0,0,27.49,27.49,27.49,27.49,27.49,27.49,27.49,27.49,27.49,27.49,27.49,27.49,27.49,0,26.49,26.49,26.49,26.49,26.49,26.49,26.49,26.49,26.49,26.49,26.49,0,0,0,0,0,0,0,0,0,0,0,0,0,0,0,0,0,0,0,0,0,0,0,0,0,0,0,0,0,0,0,0,0,0,0,0,0,0,0,0,0,0,0,0,0,0,0,22.09,22.09,22.09,22.09,22.09,22.09,22.09,22.09,22.09,22.09,0,0,0,22.09,22.09,22.09,22.09,22.09,22.09,22.09,22.09,22.09,0,0,0,22.09,22.09,22.09,22.09,0,22.09,22.09,22.09,22.09,22.09,22.09,22.09,0,0,0,0,0,0,0,0,0,0,0,0,0,0,0,0,0,0,0,0,0,0,0,0,0,0,0,0,0,0,0,0,0,0,0,0,0,0,0,0,0,0],
[0,0,0,0,0,0,0,33.44,33.44,33.44,33.44,33.44,33.44,33.44,33.45,33.46,33.45,33.45,33.44,33.45,33.05,32.49,31.98,31.49,31.49,31.49,31.49,31.49,31.50,31.52,31.53,31.53,31.49,31.49,31.49,31.49,31.49,0,0,0,0,0,0,0,0,0,0,0,0,0,0,0,0,0,0,0,0,0,0,0,0,0,0,26.49,26.49,26.49,26.49,26.49,26.49,26.49,26.49,26.49,26.49,26.49,0,0,0,0,0,0,0,0,0,0,0,0,0,0,0,0,0,0,0,0,0,0,0,0,0,0,0,0,0,0,0,0,0,0,0,0,0,0,0,0,0,0,0,0,0,0,0,0,22.09,22.09,22.09,22.09,22.11,22.12,0,0,0,0,0,0,0,0,0,22.09,22.09,22.09,22.09,0,0,0,0,0,0,0,0,0,0,0,0,0,0,0,0,0,0,0,0,0,0,0,0,0,0,0,0,0,0,0,0,0,0,0,0,0,0,0,0,0,0,0,0,0,0,0,0,0,0,0,0,0,0,0,0,0,0,0],
[0,0,0,0,0,0,0,33.44,33.44,33.44,33.44,33.44,33.44,33.44,33.46,33.46,33.46,33.45,33.44,33.44,33.04,32.49,31.99,31.49,31.49,31.49,31.49,31.49,31.49,31.52,31.52,31.52,31.49,31.49,31.49,31.49,31.49,0,0,0,0,0,0,0,0,0,0,0,0,0,0,0,0,0,0,0,0,0,0,26.49,26.49,26.49,26.49,26.49,26.49,26.49,26.49,26.49,26.49,26.49,26.49,26.49,26.49,26.49,26.49,0,0,0,0,0,0,0,0,0,0,0,0,0,0,0,0,0,0,0,0,0,0,0,0,0,0,0,0,0,0,0,0,0,0,0,0,0,0,0,0,0,0,0,0,0,0,0,22.09,22.09,22.09,22.23,22.32,22.37,0,0,0,0,0,0,0,0,0,0,0,0,0,0,0,0,0,0,0,0,0,0,0,0,0,0,0,0,0,0,0,0,0,0,0,0,0,0,0,0,0,0,0,0,0,0,0,0,0,0,0,0,0,0,0,0,0,0,0,0,0,0,0,0,0,0,0,0,0,0,0,0],
[0,0,0,0,0,0,0,33.44,33.44,33.44,33.44,33.44,33.44,33.47,33.47,33.47,33.46,33.45,33.44,0,31.49,31.49,31.49,31.49,31.49,31.49,31.49,31.49,31.49,31.51,31.52,31.52,31.49,31.49,31.49,31.49,31.49,0,0,0,0,0,0,0,0,0,0,0,0,0,0,0,0,0,0,0,0,0,0,26.49,26.49,26.49,26.49,26.49,26.49,26.49,26.49,26.49,26.49,26.49,26.49,26.49,26.49,26.49,26.49,26.49,0,0,0,0,0,0,0,0,0,0,0,0,0,0,0,0,0,0,0,0,0,0,0,0,0,0,0,0,0,0,0,0,0,0,0,0,0,0,0,0,0,0,0,0,0,0,0,0,0,0,22.61,22.65,22.74,0,0,0,0,0,0,0,0,0,0,0,0,0,0,0,0,0,0,0,0,0,0,0,0,0,0,0,0,0,0,0,0,0,0,0,0,0,0,0,0,0,0,0,0,0,0,0,0,0,0,0,0,0,0,0,0,0,0,0,0,0,0,0,0,0,0,0,0,0,0,0],
[0,0,0,0,0,0,0,33.44,33.44,33.44,33.44,33.44,33.48,33.47,33.48,33.48,33.48,33.48,33.44,0,31.49,31.49,31.49,31.49,31.49,31.49,31.49,31.49,31.49,31.50,31.52,31.52,31.49,31.49,31.49,31.49,31.49,0,0,0,0,0,0,0,0,0,0,0,0,0,0,0,0,0,0,0,0,0,0,26.49,26.49,26.49,26.49,26.49,26.49,26.49,26.49,26.49,26.49,26.49,26.49,26.49,26.49,26.49,26.49,26.49,0,0,0,0,0,0,0,0,0,0,0,0,0,24.69,0,0,24.69,24.69,24.69,0,0,0,0,0,0,0,0,0,0,0,0,0,0,0,0,0,0,0,0,0,0,0,0,0,0,0,0,0,0,0,22.84,22.95,22.98,23.11,0,0,0,0,0,0,0,0,0,0,0,0,0,0,0,0,0,0,0,0,0,0,0,0,0,0,0,0,0,0,25.04,25.04,25.04,25.04,25.04,0,0,0,0,0,0,0,0,0,0,0,0,0,0,0,0,0,0,0,0,0,0,0,0,0,0,0,0,0,0,0,0,0,0,0],
[0,0,0,0,0,0,0,33.44,33.44,33.44,33.44,33.45,33.48,33.49,33.52,33.51,33.51,33.49,33.44,0,31.49,31.49,31.49,31.49,31.49,31.49,31.49,31.49,31.49,31.49,31.51,31.51,31.49,31.49,31.49,31.49,31.49,0,0,0,0,0,0,0,0,0,0,0,0,0,0,0,0,0,0,0,0,0,0,26.49,26.49,26.49,26.49,26.49,26.49,26.49,26.49,26.49,26.49,26.49,26.49,26.49,26.49,26.49,26.49,26.49,26.49,0,0,0,0,0,0,0,0,0,0,24.69,24.69,24.69,24.69,24.69,24.69,24.69,24.69,24.69,0,0,0,0,0,0,0,0,0,0,0,0,0,0,0,0,0,0,0,0,0,0,0,0,0,0,0,0,0,0,0,23.22,23.28,23.34,0,0,0,0,0,0,0,0,0,0,0,0,0,0,0,0,0,0,0,0,0,0,0,0,0,0,0,0,25.04,25.04,25.04,25.04,25.04,25.04,25.04,25.04,0,0,0,0,0,0,0,0,0,0,0,0,0,0,0,0,0,0,0,0,0,0,0,0,0,0,0,0,0,0,0,0,0,0],
[0,0,0,0,0,0,0,33.44,33.44,33.44,33.44,33.49,33.71,33.79,33.82,33.78,33.75,33.49,33.44,0,31.49,31.49,31.49,31.49,31.49,31.49,31.49,31.49,31.49,31.49,31.51,31.51,31.49,31.49,31.49,31.49,31.49,0,0,0,0,0,0,0,0,0,0,0,0,0,0,0,0,0,0,0,0,0,0,26.49,26.49,26.49,26.49,26.49,26.49,26.49,26.49,26.49,26.49,26.49,26.49,26.49,26.49,26.49,26.49,26.49,26.49,26.49,0,0,0,0,0,0,24.69,24.69,24.69,24.69,24.69,24.69,24.69,24.69,24.69,24.69,24.69,24.69,24.69,0,0,0,0,0,0,0,0,0,0,0,0,0,0,0,0,0,0,0,0,0,0,0,0,0,0,0,0,0,0,23.46,23.57,23.60,23.71,0,0,0,0,0,0,0,0,0,0,0,0,0,0,0,0,0,0,0,0,25.04,25.04,25.04,25.04,25.04,25.04,25.04,25.04,25.04,25.04,25.04,25.04,25.04,25.04,25.04,25.04,25.04,0,0,0,0,0,0,0,0,0,0,0,0,0,0,0,0,0,0,0,0,0,0,0,0,0,0,0,0,0,0,0,0],
[0,0,0,0,0,0,0,0,0,0,34.05,34.06,34.13,34.20,34.21,34.18,34.14,34.04,34.04,0,31.49,31.49,31.49,31.49,31.49,31.49,31.49,31.49,31.49,31.49,31.50,31.51,31.49,31.49,31.49,31.49,31.49,0,0,0,0,0,0,0,0,0,0,0,0,0,0,0,0,0,0,0,0,0,0,0,26.49,26.49,26.49,26.49,26.49,26.49,26.49,26.49,26.49,26.49,26.49,26.49,26.49,26.49,26.49,26.49,26.49,26.49,0,0,0,0,0,24.69,24.69,24.69,24.69,24.69,24.69,24.69,24.69,24.69,24.69,24.69,24.69,24.69,24.69,24.69,24.69,0,0,0,0,0,0,0,0,0,0,0,0,0,0,0,0,0,0,0,0,0,0,0,0,0,0,0,0,0,23.84,23.90,23.95,0,0,0,0,0,0,0,0,0,0,0,0,0,0,0,0,0,0,0,25.04,25.04,25.04,25.04,25.04,25.04,25.04,25.04,25.04,25.04,25.04,25.04,25.04,25.04,25.04,25.04,25.04,25.04,25.04,0,0,0,0,0,0,0,0,0,0,0,0,0,0,0,0,0,0,0,0,0,0,0,0,0,0,0,0,0,0,0],
[0,0,0,0,0,0,0,0,0,0,34.29,34.29,34.33,34.33,34.33,34.33,34.31,34.29,34.29,0,31.49,31.49,31.49,31.49,31.49,31.49,31.49,31.49,31.49,31.49,31.49,31.50,31.49,31.49,31.49,31.49,31.49,31.49,0,0,0,0,0,0,0,0,0,0,0,0,0,0,0,0,0,0,0,0,0,0,26.49,26.49,26.49,26.49,26.49,26.49,26.49,26.49,26.49,26.49,26.49,26.49,26.49,26.49,26.49,26.49,26.49,26.49,0,0,0,0,24.69,24.69,24.69,24.69,24.69,24.69,24.69,24.69,24.69,24.69,24.69,24.69,24.69,24.69,24.69,24.69,24.69,24.69,0,0,0,0,0,0,0,0,0,0,0,0,0,0,0,0,0,0,0,0,0,0,0,0,0,0,0,0,24.08,24.20,24.22,24.32,0,0,0,0,0,0,0,0,0,0,0,0,0,0,0,0,0,0,25.04,25.04,25.04,25.04,25.04,25.04,25.04,25.04,25.04,25.04,25.04,25.04,25.04,25.04,25.04,25.04,25.04,25.04,25.04,25.04,0,0,0,0,0,0,0,0,0,0,0,0,0,0,0,0,0,0,0,0,0,0,0,0,0,0,0,0,0,0],
[0,0,0,0,0,0,0,0,0,34.29,34.29,34.31,34.31,34.31,34.29,34.29,34.29,34.29,34.29,34.29,0,0,31.49,31.49,31.49,31.49,31.49,31.49,31.49,31.49,31.49,31.50,31.49,31.49,31.49,31.49,31.49,31.49,31.49,0,0,0,0,0,0,0,0,0,0,0,0,0,0,0,0,0,0,0,0,0,0,26.49,26.49,26.49,26.49,26.49,26.49,26.49,26.49,26.49,26.49,26.49,26.49,26.49,26.49,26.49,26.49,26.49,0,0,24.69,24.69,24.69,24.69,24.69,24.69,24.69,24.69,24.69,24.69,24.69,24.69,24.69,24.69,24.69,24.69,24.69,24.69,24.69,24.69,24.69,0,0,0,0,0,0,0,0,0,0,0,0,0,0,0,0,0,0,0,0,0,0,0,0,0,0,0,0,24.45,24.53,24.55,0,0,0,25.04,25.04,25.04,25.04,25.04,25.04,25.04,25.04,0,0,0,0,0,25.04,25.04,25.04,25.04,25.04,25.04,25.04,25.04,25.04,25.04,25.04,25.04,25.04,25.04,25.04,25.04,25.04,25.04,25.04,25.04,25.04,25.04,0,0,0,0,0,0,0,0,0,0,0,0,0,0,0,0,0,0,0,0,0,0,0,0,0,0,0,0,0,0],
[0,0,0,0,0,0,0,0,0,34.29,34.29,34.29,34.29,34.29,34.29,34.29,34.29,34.29,34.29,34.29,0,0,0,31.49,31.49,31.49,31.49,31.49,31.49,31.49,31.49,31.50,31.49,31.49,31.49,31.49,31.49,31.49,31.49,0,0,0,0,0,0,0,0,0,0,30.29,30.29,30.29,0,0,0,0,0,0,0,0,0,26.49,26.49,26.49,26.49,26.49,26.49,26.49,26.49,26.49,26.49,26.49,26.49,26.49,26.49,26.49,26.49,26.49,24.69,24.69,24.69,24.69,24.69,24.69,24.69,24.69,24.69,24.69,24.69,24.69,24.69,24.69,24.69,24.69,24.69,24.69,24.69,24.69,24.69,24.69,24.69,24.69,0,0,0,0,0,0,0,0,0,0,0,0,0,0,0,0,0,0,0,0,0,0,0,0,0,0,0,24.69,24.83,24.84,24.92,25.04,25.04,25.04,25.04,25.04,25.04,25.04,25.04,25.04,25.04,25.04,25.04,25.04,25.04,25.04,25.04,25.04,25.04,25.04,25.04,25.04,25.04,25.04,25.04,25.04,25.04,25.04,25.04,25.04,25.04,25.04,25.04,25.04,25.04,25.04,25.04,25.04,25.04,0,0,0,0,0,0,0,0,0,0,0,0,0,0,0,0,0,0,0,0,0,0,0,0,0,0,0,0,0],
[0,0,0,0,0,0,0,0,34.29,34.29,34.29,34.29,34.29,34.29,34.29,34.29,34.29,34.29,34.29,34.29,34.29,0,0,31.49,31.49,31.49,31.49,31.49,31.49,31.49,31.49,31.49,31.49,31.49,31.49,31.49,31.49,31.49,31.49,0,0,0,0,0,0,0,30.29,30.29,30.29,30.29,30.29,30.29,30.29,30.29,0,0,0,0,0,0,0,0,26.49,26.49,26.49,26.49,26.49,26.49,26.49,26.49,26.49,26.49,26.49,26.49,26.49,26.49,26.49,26.49,24.69,24.69,24.69,24.69,24.69,24.69,24.69,24.69,24.69,24.69,24.69,24.69,24.69,24.69,24.69,24.69,24.69,24.69,24.69,24.69,24.69,24.69,24.69,24.69,0,0,0,0,0,0,0,0,0,0,0,0,0,0,0,0,0,0,0,0,0,0,0,0,0,25.04,25.04,25.04,25.04,25.04,25.04,25.04,25.04,25.04,25.04,25.04,25.04,25.04,25.04,25.04,25.04,25.04,25.04,25.04,25.04,25.04,25.04,25.04,25.04,25.04,25.04,25.04,25.04,25.04,25.04,25.04,25.04,25.04,25.04,25.04,25.04,25.04,25.04,25.04,25.04,25.04,25.04,25.04,25.04,0,0,0,0,0,0,0,0,0,0,0,0,0,0,0,0,0,0,0,0,0,0,0,0,0,0,0,0,0],
[0,0,0,0,0,0,0,34.29,34.29,34.29,34.29,34.29,34.29,34.29,34.29,34.29,34.29,34.29,34.29,34.29,34.29,34.29,34.29,31.49,31.49,31.49,31.49,31.49,31.49,31.49,31.49,31.49,31.49,31.49,31.49,31.49,31.49,31.49,31.49,0,0,0,0,0,0,0,30.29,30.29,30.29,30.29,30.29,30.29,30.29,30.29,30.29,30.29,0,0,0,0,0,0,0,26.49,26.49,26.49,26.49,26.49,26.49,26.49,26.49,26.49,26.49,26.49,26.49,26.49,26.49,26.49,24.69,24.69,24.69,24.69,24.69,24.69,24.69,24.69,24.69,24.69,24.69,24.69,24.69,24.69,24.69,24.69,24.69,24.69,24.69,24.69,24.69,24.69,24.69,24.69,24.69,0,0,0,0,0,0,0,0,0,0,0,0,0,0,0,0,0,0,0,0,0,0,0,25.04,25.04,25.04,25.04,25.04,25.04,25.04,25.04,25.04,25.04,25.04,25.04,25.04,25.04,25.04,25.04,25.04,25.04,25.04,25.04,25.04,25.04,25.04,25.04,25.04,25.04,25.04,25.04,25.04,25.04,25.04,25.04,25.04,25.04,25.04,25.04,25.04,25.04,25.04,25.04,25.04,25.04,25.04,25.04,0,0,0,0,0,0,0,0,0,0,0,0,0,0,0,0,0,0,0,0,0,0,0,0,0,0,0,0,0,0],
[0,0,0,0,0,0,34.29,34.29,34.29,34.29,34.29,34.29,34.29,34.29,34.29,34.29,34.29,34.29,34.29,34.29,34.29,34.29,34.29,31.49,31.49,31.49,31.49,31.49,31.49,31.49,31.49,31.49,31.49,31.49,31.49,31.49,31.49,31.49,31.49,31.49,0,0,0,0,0,0,30.29,30.29,30.29,30.29,30.29,30.29,30.29,30.29,30.29,30.29,0,0,0,0,0,0,0,0,26.49,26.49,26.49,26.49,26.49,26.49,26.49,26.49,26.49,26.49,26.49,26.49,26.49,26.49,24.69,24.69,24.69,24.69,24.69,24.69,24.69,24.69,24.69,24.69,24.69,24.69,24.69,24.69,24.69,24.69,24.69,24.69,24.69,24.69,24.69,24.69,24.69,24.69,24.69,0,0,0,0,0,0,0,0,0,0,0,0,0,0,0,0,0,0,0,0,0,0,25.04,25.04,25.04,25.04,25.04,25.04,25.04,25.04,25.04,25.04,25.04,25.04,25.04,25.04,25.04,25.04,25.04,25.04,25.04,25.04,25.04,25.04,25.04,25.04,25.04,25.04,25.04,25.04,25.04,25.04,25.04,25.04,25.04,25.04,25.04,25.04,25.04,25.04,25.04,25.04,25.04,25.04,25.04,25.04,25.04,0,0,0,0,0,0,0,0,0,0,0,0,0,0,0,0,0,0,0,0,0,0,0,0,0,0,0,0,0,0],
[0,0,0,0,0,34.29,34.29,34.29,34.29,34.29,34.29,34.29,34.29,34.29,34.29,34.29,34.29,34.29,34.29,34.29,34.29,34.29,34.29,34.29,34.17,33.76,33.34,32.92,32.50,32.09,31.49,31.50,31.49,31.49,31.49,31.49,31.49,31.49,31.49,31.49,31.40,31.07,30.74,30.44,30.31,30.29,30.29,30.29,30.29,30.29,30.29,30.29,30.29,30.29,30.29,30.29,30.29,0,0,0,0,0,0,0,26.49,26.49,26.49,26.49,26.49,26.49,26.49,26.49,26.49,26.49,26.49,26.49,26.49,26.49,24.69,24.69,24.69,24.69,24.69,24.69,24.69,0,24.69,24.69,24.69,24.69,24.69,24.69,24.69,24.69,24.69,24.69,24.69,24.69,24.69,24.69,24.69,24.69,24.69,24.69,0,0,0,0,0,0,0,0,0,0,0,0,0,0,0,0,0,0,0,0,0,0,0,25.04,25.04,25.04,25.04,25.04,25.04,25.04,25.04,25.04,25.04,25.04,25.04,25.04,25.04,25.04,25.04,25.04,25.04,25.04,25.04,25.04,25.04,25.04,25.04,25.04,25.04,25.04,25.04,25.04,25.04,25.04,25.04,25.04,25.04,25.04,25.04,25.04,25.04,25.04,25.04,25.04,25.04,0,0,0,0,0,0,0,0,0,0,0,0,0,0,0,0,0,0,0,0,0,0,0,0,0,0,0,0,0,0,0],
[0,0,0,0,0,34.29,34.29,34.29,34.29,34.29,34.29,34.29,34.29,34.29,34.29,34.29,34.29,34.29,34.29,34.29,34.29,34.29,34.29,34.29,34.24,33.83,33.41,32.99,32.58,32.16,31.66,31.52,31.49,31.49,31.49,31.49,31.49,31.49,31.49,31.49,31.37,31.06,30.73,30.34,30.31,30.29,30.29,30.29,30.29,30.29,30.29,30.29,30.29,30.29,30.29,30.29,30.29,30.09,29.46,28.73,28.05,27.59,27.18,26.87,26.64,26.52,26.49,26.49,26.49,26.49,26.49,26.49,26.49,26.49,26.49,26.49,26.49,26.47,26.39,26.10,25.81,25.52,25.23,24.95,24.77,24.72,24.69,24.69,24.69,24.69,24.69,24.69,24.69,24.69,24.69,24.69,24.70,24.70,24.70,24.70,24.70,24.70,24.69,24.69,0,0,0,0,0,0,0,0,0,0,0,0,0,0,0,0,0,0,0,0,0,0,0,0,0,0,0,0,25.04,25.04,25.04,25.04,25.04,25.04,25.04,25.04,25.04,25.04,25.04,25.04,25.04,25.04,25.04,25.04,25.04,25.04,25.04,25.04,25.04,25.04,25.04,25.04,25.04,25.04,25.04,25.04,25.04,25.04,25.04,25.04,25.04,25.04,25.04,25.04,25.04,0,0,0,0,0,0,0,0,0,0,0,0,0,0,0,0,0,0,0,0,0,0,0,0,0,0,0,0,0,0,0],
[0,0,0,0,0,34.29,34.29,34.29,34.29,34.29,34.29,34.29,34.29,34.29,34.29,34.29,34.29,34.29,34.29,34.29,34.29,34.29,34.29,34.29,34.32,33.96,33.53,33.12,32.70,32.29,31.78,31.49,31.49,31.49,31.49,31.49,31.49,31.49,31.49,31.49,31.37,31.04,30.72,30.34,30.32,30.30,30.29,30.29,30.29,30.29,0,30.29,30.29,30.29,30.29,30.29,30.27,30.07,29.44,28.71,28.05,27.59,27.17,26.87,26.64,26.52,26.49,26.49,26.49,26.49,26.49,26.49,26.49,26.49,26.49,26.49,26.49,26.50,26.40,26.11,25.81,25.52,25.23,24.95,24.77,24.72,24.69,24.69,24.69,24.70,24.70,24.70,24.70,24.70,24.70,24.70,24.70,24.70,24.70,24.70,24.70,24.70,24.70,24.69,0,0,0,0,0,0,0,0,0,0,0,0,0,0,0,0,0,0,0,0,0,25.94,25.94,0,0,0,0,0,25.94,25.94,0,0,0,0,0,25.04,25.04,25.04,25.04,25.04,25.04,25.04,25.04,25.04,25.04,25.04,25.04,25.04,25.04,25.04,25.04,25.05,25.05,25.04,25.04,25.04,25.04,25.04,25.04,25.04,25.04,25.04,25.04,25.04,25.04,0,0,0,0,0,0,0,0,0,0,0,0,0,0,0,0,0,0,0,0,0,0,0,0,0,0,0,0,0,0,0],
[0,0,0,0,0,34.29,34.29,34.29,34.29,34.29,34.29,34.29,34.29,34.29,34.29,34.29,34.29,34.29,34.29,34.29,34.29,34.29,34.29,34.29,34.32,34.08,33.66,33.24,32.82,32.41,31.83,31.49,31.49,31.49,31.49,31.49,31.49,31.49,31.49,31.49,31.37,31.05,30.73,30.41,30.32,30.30,30.30,30.29,30.29,0,0,30.29,30.29,30.29,30.29,30.29,30.27,30.07,29.40,28.70,28.05,27.60,27.16,26.87,26.63,26.51,26.49,26.49,26.49,26.49,26.49,26.49,26.49,26.49,26.49,26.49,26.49,26.51,26.40,26.11,25.81,25.52,25.23,24.95,24.77,24.72,24.69,24.69,24.69,24.69,24.70,24.70,24.70,24.70,24.71,24.71,24.71,24.71,24.71,24.71,24.71,24.71,24.70,24.69,24.69,0,0,0,0,0,0,0,0,0,0,0,0,0,0,0,0,0,0,25.94,25.94,25.94,25.94,25.94,25.94,25.94,25.94,25.94,25.94,25.94,25.94,25.94,25.94,0,0,0,25.04,25.04,25.04,25.04,25.04,25.04,25.04,25.04,25.04,25.04,25.04,25.04,25.04,25.05,25.05,25.05,25.05,25.04,25.04,25.04,25.04,25.04,25.04,25.04,25.04,25.04,25.04,25.04,25.04,0,0,0,0,0,0,0,0,0,0,0,0,0,0,0,0,0,0,0,0,0,0,0,0,0,0,0,0,0,0,0],
[0,0,0,0,0,34.29,34.29,34.29,34.29,34.29,34.29,34.29,34.29,34.29,34.29,34.29,34.29,34.29,34.29,34.29,34.29,34.29,34.29,34.29,34.28,33.99,33.54,33.13,32.71,32.30,31.81,31.49,31.49,31.49,31.49,31.49,31.49,31.49,31.49,31.49,31.38,31.07,30.74,30.42,30.32,30.31,30.30,30.29,30.29,0,0,30.29,30.29,30.29,30.29,30.29,30.27,30.07,29.41,28.72,28.04,27.60,27.17,26.87,26.63,26.50,26.49,26.49,26.49,26.49,26.49,26.49,26.49,26.49,26.49,26.49,26.49,26.51,26.40,26.11,25.81,25.52,25.23,24.95,24.77,24.72,24.69,24.69,24.69,24.69,24.70,24.70,24.71,24.71,24.71,24.71,24.71,24.71,24.71,24.71,24.71,24.72,24.70,24.69,24.69,0,0,0,0,0,0,0,0,0,0,0,0,0,0,0,0,0,25.94,25.94,25.94,25.94,25.94,25.94,25.94,25.94,25.94,25.94,25.94,25.94,25.94,25.94,25.94,0,0,0,0,25.04,25.04,25.04,25.04,25.04,25.04,25.04,25.04,25.04,25.04,25.05,25.05,25.05,25.06,25.05,25.05,25.04,25.04,25.04,25.04,25.04,25.04,25.04,25.04,25.04,25.04,25.04,0,0,0,0,0,0,0,0,0,0,0,0,0,0,0,0,0,0,0,0,0,0,0,0,0,0,0,0,0,0,0,0],
[0,0,0,0,0,34.29,34.29,34.29,34.29,34.29,34.29,34.29,34.29,34.29,34.29,34.29,34.29,34.29,34.29,34.29,34.29,34.29,34.29,34.29,34.23,33.85,33.42,33.00,32.57,32.16,31.64,31.49,31.49,31.49,31.49,31.49,31.49,31.49,31.49,31.49,31.38,31.08,30.75,30.43,30.33,30.32,30.31,30.29,30.29,30.29,30.29,30.29,30.29,30.29,30.29,30.29,30.27,30.09,29.49,28.80,28.12,27.61,27.23,26.87,26.63,26.49,26.49,26.49,26.49,26.49,26.49,26.49,26.49,26.49,26.49,26.49,26.49,26.47,26.39,26.10,25.81,25.52,25.23,24.95,24.77,24.72,24.69,24.69,24.69,24.69,24.69,24.70,24.70,24.71,24.71,24.72,24.72,24.72,24.72,24.72,24.72,24.72,24.71,24.70,24.69,0,0,0,0,0,0,0,0,0,0,0,0,0,0,0,25.94,25.94,25.94,25.94,25.94,25.94,25.94,25.94,25.94,25.94,25.94,25.94,25.94,25.94,25.94,25.94,25.94,25.94,0,0,0,0,25.04,25.04,25.04,25.04,25.04,25.04,25.04,25.05,25.05,25.05,25.06,25.06,25.06,25.05,25.05,25.04,25.04,25.04,25.04,25.04,25.04,25.04,25.04,25.04,25.04,25.04,25.04,0,0,0,0,0,0,0,0,0,0,0,0,0,0,0,0,0,0,0,0,0,0,0,0,0,0,0,0,0,0,0],
[0,0,0,0,0,34.29,34.29,34.29,34.29,34.29,34.29,34.29,34.29,34.29,34.29,34.29,34.29,34.29,34.29,34.29,34.29,34.29,34.29,34.29,34.23,33.80,33.37,32.95,32.52,32.09,31.53,31.49,31.49,31.49,31.49,31.49,31.49,31.49,31.49,31.49,31.41,31.09,30.76,30.43,30.29,30.29,30.29,30.29,30.29,30.29,30.29,30.29,30.29,30.29,30.29,30.29,30.29,0,0,0,0,0,0,0,0,26.49,26.49,26.49,26.49,26.49,26.49,26.49,26.49,26.49,26.49,26.49,26.49,26.49,0,24.69,24.69,24.69,24.69,24.69,24.69,24.72,24.69,24.69,24.69,24.69,24.69,24.70,24.70,24.71,24.71,24.72,24.72,24.72,24.72,24.72,24.73,24.72,24.71,24.70,24.79,24.90,25.03,0,0,0,0,0,0,25.94,25.94,25.94,0,25.94,25.94,25.94,25.94,25.94,25.94,25.94,25.94,25.94,25.94,25.94,25.94,25.94,25.94,25.94,25.94,25.94,25.94,25.94,25.94,25.94,25.94,0,0,0,25.04,25.04,25.04,25.04,25.04,25.05,25.05,25.05,25.06,25.06,25.06,25.06,25.06,25.05,25.05,25.04,25.04,25.04,25.04,25.04,25.04,25.04,25.04,25.04,25.04,25.04,25.04,0,0,0,0,0,0,0,0,0,0,0,0,0,0,0,0,0,0,0,0,0,0,0,0,0,0,0,0,0,0,0],
[0,0,0,0,0,0,34.29,34.29,34.29,34.29,34.29,34.29,34.29,34.29,34.29,34.29,34.29,34.29,34.29,34.29,34.29,34.29,34.29,31.49,31.49,31.49,31.49,31.49,31.49,31.49,31.49,31.49,31.49,31.49,31.49,31.49,31.49,31.49,31.49,31.49,0,0,0,0,30.29,30.29,30.29,30.29,30.29,30.29,30.29,30.29,30.29,30.29,30.29,30.29,30.29,0,0,0,0,0,0,0,26.49,26.49,26.49,26.49,26.49,26.49,26.49,26.49,26.49,26.49,26.49,26.49,26.49,26.49,0,24.69,24.69,24.69,24.69,24.69,24.69,24.69,24.69,24.69,24.69,24.69,24.69,24.69,24.70,24.70,24.71,24.71,24.72,24.72,24.73,24.73,24.73,24.73,24.73,24.80,24.94,25.05,25.13,25.27,0,0,0,25.94,25.94,25.94,25.94,25.94,25.94,25.94,25.94,25.94,25.94,25.94,25.94,25.94,25.94,25.94,25.94,25.94,25.94,25.94,25.94,25.94,25.94,25.94,25.94,25.94,25.94,25.94,25.98,25.84,25.67,0,0,25.04,25.04,25.04,25.05,25.05,25.06,25.06,25.07,25.07,25.06,25.06,25.06,25.05,25.05,25.04,25.04,25.04,25.04,25.04,25.04,25.04,25.04,25.04,25.04,25.04,25.04,0,0,0,0,0,0,0,0,0,0,0,0,0,0,0,0,0,0,0,0,0,0,0,0,0,0,0,0,0,0,0],
[0,0,0,0,0,0,34.29,34.29,34.29,34.29,34.29,34.29,34.29,34.29,34.29,34.29,34.29,34.29,34.29,34.29,34.29,34.29,34.29,31.49,31.49,31.49,31.49,31.49,31.49,31.49,31.49,31.49,31.49,31.49,31.49,31.49,31.49,31.49,31.49,31.49,0,0,0,0,30.29,30.29,30.29,30.29,30.29,30.29,30.29,30.29,30.29,30.29,30.29,30.29,30.29,0,0,0,0,0,0,26.49,26.49,26.49,26.50,26.50,26.50,26.49,26.49,26.49,26.49,26.49,26.49,26.49,26.49,26.49,0,24.69,24.69,24.69,24.69,24.69,24.69,24.69,24.69,24.69,24.69,24.69,24.69,24.69,24.70,24.70,24.71,24.71,24.72,24.72,24.72,24.73,24.73,24.78,24.87,24.98,25.09,25.20,25.31,25.38,25.39,0,0,25.94,25.94,25.94,25.94,25.94,25.94,25.94,25.94,25.94,25.94,25.94,25.94,25.94,25.94,25.94,25.94,25.94,25.94,25.94,25.94,25.94,25.94,25.94,25.94,25.94,25.94,25.94,25.95,25.92,25.63,25.43,25.22,25.04,25.05,25.05,25.06,25.06,25.07,25.07,25.07,25.07,25.06,25.06,25.06,25.05,25.05,25.04,25.04,25.04,25.04,25.04,25.04,25.04,25.04,25.04,25.04,25.04,25.04,25.04,0,0,0,0,0,0,0,0,0,0,0,0,0,0,0,0,0,0,0,0,0,0,0,0,0,0,0,0,0,0],
[0,0,0,0,0,0,0,0,0,34.29,34.29,34.29,34.29,34.29,34.29,34.29,34.29,34.29,34.29,34.29,34.29,0,0,31.49,31.49,31.49,31.49,31.49,31.49,31.49,31.49,31.49,31.49,31.49,31.49,31.49,31.49,31.49,31.49,0,0,0,0,0,0,30.29,30.29,30.29,30.29,30.29,30.29,30.29,30.29,30.29,30.29,30.29,0,0,0,0,0,0,0,26.49,26.49,26.50,26.51,26.52,26.51,26.50,26.49,26.49,26.49,26.49,26.49,26.49,26.49,0,0,24.69,24.69,24.69,24.69,24.69,24.69,24.69,24.69,24.69,24.69,24.69,24.69,24.69,24.69,24.70,24.70,24.71,24.71,24.72,24.72,24.73,24.73,24.85,25.01,25.13,25.24,25.35,25.46,25.52,0,0,0,25.94,25.94,25.94,25.94,25.94,25.94,25.94,25.94,25.94,25.94,25.94,25.94,25.94,25.94,25.94,25.94,25.94,25.94,25.94,25.94,25.94,25.94,25.94,25.94,25.94,25.94,25.94,25.94,25.96,25.87,25.58,25.28,25.08,25.06,25.06,25.06,25.07,25.07,25.07,25.07,25.07,25.06,25.06,25.06,25.05,25.05,25.04,25.04,25.04,25.04,25.04,25.04,25.04,25.04,25.04,25.04,25.04,25.04,25.04,0,0,0,0,0,0,0,0,0,0,0,0,0,0,0,0,0,0,0,0,0,0,0,0,0,0,0,0,0,0],
[0,0,0,0,0,0,0,0,0,34.29,34.29,34.29,34.29,34.29,34.29,34.29,34.29,34.29,34.29,34.29,34.29,0,0,31.49,31.49,31.49,31.49,31.49,31.49,31.49,31.49,31.49,31.49,31.49,31.49,31.49,31.49,31.49,31.49,0,0,0,0,0,0,0,30.29,30.29,30.29,30.29,0,30.29,30.29,30.29,0,0,0,0,0,0,0,0,26.49,26.49,26.50,26.51,26.52,26.53,26.52,26.52,26.51,26.50,26.49,26.49,26.49,0,0,0,0,24.69,24.69,24.69,24.69,24.69,24.69,24.69,24.69,24.69,24.69,24.69,24.69,24.69,24.69,24.69,24.70,24.70,24.71,24.71,24.71,24.71,24.74,24.86,25.10,25.23,25.36,25.50,25.61,25.70,0,0,25.94,25.94,25.94,25.94,25.94,25.94,25.94,25.94,25.94,25.94,25.94,25.94,25.94,25.94,25.94,25.94,25.94,25.94,25.94,25.94,25.94,25.94,25.94,25.94,25.94,25.94,25.94,25.94,25.94,25.96,25.98,25.78,25.42,25.22,25.07,25.07,25.07,25.08,25.08,25.07,25.07,25.07,25.06,25.06,25.06,25.05,25.05,25.04,25.04,25.04,25.04,25.04,25.04,25.04,25.04,25.04,25.04,25.04,25.04,25.04,0,0,0,0,0,0,0,0,0,0,0,0,0,0,0,0,0,0,0,0,0,0,0,0,0,0,0,0,0,0],
[0,0,0,0,0,0,0,0,0,34.29,34.29,34.29,34.29,34.29,34.29,34.29,34.29,34.29,34.29,34.29,34.29,0,0,31.49,31.49,31.49,31.49,31.49,31.49,31.49,31.49,31.49,31.49,31.49,31.49,31.49,31.49,31.49,31.49,0,0,0,0,0,0,0,0,0,0,0,0,0,0,0,0,0,0,0,0,0,0,26.49,26.49,26.50,26.51,26.52,26.53,26.57,26.60,26.60,26.59,26.59,26.59,26.53,26.58,0,0,0,0,24.69,24.69,24.69,24.69,24.69,24.69,24.69,24.69,24.69,24.69,24.69,24.69,24.69,24.69,24.69,24.70,24.70,24.70,24.70,24.70,24.70,24.78,24.96,25.17,25.31,25.45,25.58,25.69,25.85,25.94,25.94,25.94,25.94,25.94,25.94,25.94,25.94,25.94,25.94,25.94,25.94,25.94,25.94,25.94,25.94,25.94,25.94,25.94,25.94,25.94,25.94,25.94,25.94,25.94,25.94,25.94,25.94,25.94,25.94,25.94,25.96,25.98,25.89,25.72,25.49,25.15,25.08,25.08,25.08,25.08,25.07,25.07,25.07,25.06,25.06,25.06,25.05,25.05,25.04,25.04,25.04,25.04,25.04,25.04,25.04,25.04,25.04,25.04,25.04,25.04,25.04,0,0,0,0,0,0,0,0,0,0,0,0,0,0,0,0,0,0,0,0,0,0,0,0,0,0,0,0,0,0],
[0,0,0,0,0,0,0,0,0,34.29,34.29,34.29,34.29,34.29,34.29,34.29,34.29,34.29,34.29,34.29,31.49,31.49,31.49,31.49,31.49,31.49,31.49,31.49,31.49,31.49,31.49,31.49,31.49,31.49,31.49,31.49,31.49,31.49,0,0,0,0,0,0,0,0,0,0,0,0,0,0,0,0,0,0,0,0,0,0,26.49,26.49,26.50,26.50,26.51,26.52,26.53,26.69,26.70,26.69,26.70,26.70,26.66,26.65,26.65,26.67,0,0,0,24.69,24.69,24.69,24.69,24.69,24.69,24.69,24.69,24.69,24.69,24.69,24.69,24.69,24.69,24.69,24.69,24.69,24.69,24.69,24.69,24.69,24.81,25.02,25.22,25.41,25.55,25.70,25.84,25.95,25.94,25.94,25.94,25.94,25.94,25.94,25.94,25.94,25.94,25.94,25.94,25.94,25.94,25.94,25.94,25.94,25.94,25.94,25.94,25.94,25.94,25.94,25.94,25.94,25.94,25.94,25.94,25.94,25.94,25.94,25.94,25.96,25.98,25.94,25.77,25.54,25.34,25.09,25.08,25.08,25.08,25.07,25.07,25.07,25.06,25.06,25.06,25.05,25.05,25.04,25.04,25.04,25.04,25.04,25.04,25.04,25.04,25.04,25.04,25.04,25.04,25.04,0,0,0,0,0,0,0,0,0,0,0,0,0,0,0,0,0,0,0,0,0,0,0,0,0,0,0,0,0,0],
[0,0,0,0,0,0,0,0,0,0,34.14,34.18,34.26,34.30,34.30,34.30,34.26,34.09,34.07,0,31.49,31.49,31.49,31.49,31.49,31.49,31.49,31.49,31.49,31.49,31.49,31.49,31.49,31.49,31.49,31.49,31.49,0,0,0,0,0,0,0,0,0,0,0,0,0,0,0,0,0,0,0,0,0,0,26.49,26.49,26.50,26.50,26.51,26.52,26.53,26.58,26.74,26.74,26.74,26.73,26.73,26.73,26.72,26.70,26.69,0,0,0,0,24.69,24.69,24.69,24.69,24.69,24.69,24.69,24.69,24.69,24.69,24.69,24.69,24.69,24.69,24.69,24.69,24.69,24.69,24.69,24.69,24.85,25.01,25.19,25.38,25.60,25.81,25.95,25.94,25.94,25.94,25.94,25.94,25.94,25.94,25.94,25.94,25.94,25.94,25.94,25.94,25.94,25.94,25.94,25.94,25.94,25.94,25.94,25.94,25.94,25.94,25.94,25.94,25.94,25.94,25.94,25.94,25.94,25.94,25.94,25.96,25.98,25.97,25.78,25.55,25.37,25.15,25.08,25.08,25.08,25.07,25.07,25.07,25.06,25.06,25.06,25.05,25.05,25.04,25.04,25.04,25.04,25.04,25.04,25.04,25.04,25.04,25.04,25.04,25.04,25.04,0,0,0,0,0,0,0,0,0,0,0,0,0,0,0,0,0,0,0,0,0,0,0,0,0,0,0,0,0,0],
[0,0,0,0,0,0,0,0,0,0,33.80,33.84,33.99,34.03,34.06,34.04,33.87,33.70,33.80,0,31.49,31.49,31.49,31.49,31.49,31.49,31.49,31.49,31.49,31.49,31.49,31.49,31.49,31.49,31.49,31.49,31.49,0,0,0,0,0,0,0,0,0,0,0,0,0,0,0,0,0,0,0,0,0,0,26.49,26.49,26.50,26.51,26.52,26.53,26.53,26.69,26.74,26.73,26.73,26.72,26.72,26.72,26.72,26.70,26.69,0,0,0,0,24.69,24.69,24.69,24.69,24.69,24.69,24.69,24.69,24.69,24.69,24.69,24.69,0,24.69,24.69,24.69,24.69,24.69,0,0,0,25.06,25.21,25.37,25.56,25.77,25.97,25.94,25.94,25.94,25.94,25.94,25.94,25.94,25.94,25.94,25.94,25.94,25.94,25.94,25.94,25.94,25.94,25.94,25.94,25.94,25.94,25.94,25.94,25.94,25.94,25.94,25.94,25.94,25.94,25.94,25.94,25.94,25.94,25.96,25.97,25.97,25.78,25.57,25.27,25.11,25.08,25.07,25.07,25.07,25.07,25.07,25.06,25.06,25.06,25.05,25.05,25.04,25.04,25.04,25.04,25.04,25.04,25.04,25.04,25.04,25.04,25.04,25.04,25.04,0,0,0,0,0,0,0,0,0,0,0,0,0,0,0,0,0,0,0,0,0,0,0,0,0,0,0,0,0,0],
[0,0,0,0,0,0,0,33.44,33.44,33.44,33.44,33.44,33.59,33.56,33.49,33.49,33.50,33.50,33.44,0,31.49,31.49,31.49,31.49,31.49,31.49,31.49,31.49,31.49,31.49,31.49,31.49,31.49,31.49,31.49,31.49,31.49,0,0,0,0,0,0,0,0,0,0,0,0,0,0,0,0,0,0,0,0,0,0,26.49,26.49,26.50,26.51,26.52,26.53,26.62,26.73,26.73,26.72,26.72,26.72,26.71,26.71,26.71,26.70,26.69,0,0,0,0,0,0,0,0,0,0,0,0,0,0,0,0,0,0,0,0,0,0,0,0,0,0,0,25.42,25.57,25.73,25.95,25.94,25.94,25.94,25.94,25.94,25.94,25.94,25.94,25.94,25.94,25.94,25.94,25.94,25.94,25.94,25.94,25.94,25.94,25.94,25.94,25.94,25.94,25.94,25.94,25.94,25.94,25.94,25.94,25.94,25.94,25.94,25.94,25.96,25.97,25.97,25.71,25.49,25.20,25.05,25.06,25.06,25.06,25.06,25.06,25.06,25.06,25.06,25.06,25.05,25.05,25.04,25.04,25.04,25.04,25.04,25.04,25.04,25.04,25.04,25.04,25.04,25.04,25.04,0,0,0,0,0,0,0,0,0,0,0,0,0,0,0,0,0,0,0,0,0,0,0,0,0,0,0,0,0,0],
[0,0,0,0,0,0,0,33.44,33.44,33.44,33.44,33.44,33.44,33.44,33.44,33.44,33.44,33.44,33.44,0,31.49,31.49,31.49,31.49,31.49,31.49,31.49,31.49,31.49,31.49,31.49,31.49,31.49,31.49,31.49,31.49,31.49,0,0,0,0,0,0,0,0,0,0,0,0,0,0,0,0,0,0,0,0,0,0,26.49,26.50,26.51,26.52,26.53,26.57,26.72,26.72,26.71,26.71,26.71,26.70,26.70,26.70,26.69,26.69,26.69,0,0,0,0,0,0,0,0,0,0,0,0,0,0,0,0,0,0,0,0,0,0,0,0,0,0,0,0,0,25.79,25.93,25.94,25.94,25.94,25.94,25.94,25.94,25.94,25.94,25.94,25.94,25.94,25.94,25.94,25.94,25.94,25.94,25.94,25.94,25.94,25.94,25.94,25.94,25.94,25.94,25.94,25.94,25.94,25.94,25.94,25.94,25.94,25.94,25.95,25.97,25.92,25.65,25.40,25.15,25.02,25.03,25.05,25.05,25.05,25.05,25.05,25.05,25.05,25.05,25.05,25.05,25.04,25.04,25.04,25.04,25.04,25.04,25.04,25.04,25.04,25.04,25.04,25.04,0,0,0,0,0,0,0,0,0,0,0,0,0,0,0,0,0,0,0,0,0,0,0,0,0,0,0,0,0,0,0],
[0,0,0,0,0,0,0,33.44,33.44,33.44,33.44,33.44,33.44,33.44,33.44,33.44,33.44,33.44,33.44,0,31.49,31.49,31.49,31.49,31.49,31.49,31.49,31.49,31.49,31.49,31.49,31.49,31.49,31.49,31.49,31.49,31.49,0,0,0,0,0,0,0,0,0,0,0,0,0,0,0,0,0,0,0,0,0,0,26.49,26.50,26.52,26.53,26.54,26.72,26.72,26.70,26.70,26.70,26.69,26.69,26.69,26.69,26.69,26.69,26.68,26.67,0,0,0,0,0,0,0,0,0,0,0,0,0,0,0,0,0,0,0,0,0,0,0,0,0,0,0,0,0,25.94,25.94,25.94,25.94,25.94,25.94,25.94,25.94,25.94,25.94,25.94,25.94,25.94,25.94,25.94,25.94,25.94,25.94,25.94,25.94,25.94,25.94,25.94,25.94,25.94,25.94,25.94,25.94,25.94,25.94,25.94,25.94,25.94,25.95,25.97,25.88,25.60,25.34,25.11,24.99,25.00,25.02,25.03,25.04,25.04,25.04,25.04,25.04,25.04,25.04,25.04,25.04,25.04,25.04,25.04,25.04,25.04,25.04,25.04,25.04,25.04,0,0,0,0,0,0,0,0,0,0,0,0,0,0,0,0,0,0,0,0,0,0,0,0,0,0,0,0,0,0,0,0,0],
[0,0,0,0,0,0,0,33.44,33.44,33.44,33.44,33.44,33.44,33.44,33.44,33.44,33.44,33.44,33.44,33.44,33.12,32.58,32.04,31.49,31.49,31.49,31.49,31.49,31.49,31.49,31.49,31.49,31.49,31.49,31.49,31.49,31.49,0,0,0,0,0,0,0,0,0,0,0,0,0,0,0,0,0,0,0,0,0,0,26.49,26.50,26.52,26.54,26.58,26.69,26.69,26.69,26.69,26.69,26.69,26.69,26.69,26.69,26.69,26.69,26.68,26.67,26.66,0,0,0,0,0,0,0,0,0,0,0,0,0,0,0,0,0,0,0,0,0,0,0,0,0,0,0,0,0,25.94,25.94,25.94,25.94,25.94,25.94,25.94,25.94,25.94,25.94,25.94,25.94,25.94,25.94,25.94,25.94,25.94,25.94,25.94,25.94,25.94,25.94,25.94,25.94,25.94,25.94,25.94,25.94,25.94,25.94,25.94,25.94,25.95,25.98,25.83,25.56,25.37,25.20,25.01,25.04,25.04,25.04,25.04,25.04,25.04,25.04,25.04,25.04,25.04,25.04,25.04,25.04,25.04,25.04,25.04,0,0,0,0,0,0,0,0,0,0,0,0,0,0,0,0,0,0,0,0,0,0,0,0,0,0,0,0,0,0,0,0,0,0,0,0,0,0],
[0,0,0,0,0,0,0,33.44,33.44,33.44,33.44,33.44,33.44,33.44,33.44,33.44,33.44,33.44,33.44,33.41,33.09,32.55,32.02,31.49,31.49,31.49,31.49,31.49,31.49,31.49,31.49,31.49,31.49,31.49,31.49,31.49,31.49,0,0,0,0,0,0,0,0,0,0,0,0,0,0,0,0,0,0,0,0,0,0,26.49,26.49,26.49,26.49,26.56,0,0,26.69,26.69,26.69,26.69,26.69,26.69,26.69,26.69,26.69,26.68,26.66,26.65,0,0,0,0,0,0,0,0,0,0,0,0,0,0,0,0,0,0,0,0,0,0,0,0,0,0,0,0,0,25.94,25.94,25.94,25.94,25.94,25.94,25.94,25.94,25.94,25.94,25.94,25.94,25.94,25.94,25.94,25.94,25.94,25.94,25.94,25.94,25.94,25.94,25.94,25.94,25.94,25.94,25.94,25.94,25.94,25.94,25.94,25.94,25.95,25.95,25.83,25.65,0,0,0,0,0,0,0,25.04,25.04,25.04,25.04,25.10,25.09,25.08,25.07,25.07,25.08,0,0,0,0,0,0,0,0,0,0,0,0,0,0,0,0,0,0,0,0,0,0,0,0,0,0,0,0,0,0,0,0,0,0,0,0,0,0,0,0],
[0,0,0,0,0,0,0,33.44,33.44,33.44,33.44,33.44,33.44,33.44,33.44,33.44,33.44,33.44,33.44,33.39,33.08,32.55,32.02,31.49,31.49,31.49,31.49,31.49,31.49,31.49,31.49,31.49,31.49,31.49,31.49,31.49,0,0,0,0,0,0,0,0,0,0,0,0,0,0,0,0,0,0,0,0,0,0,0,0,0,0,0,0,0,26.69,26.69,26.69,26.69,26.69,26.69,26.69,26.69,26.69,26.69,26.67,26.66,26.65,26.64,0,25.94,25.91,0,0,0,0,0,0,0,0,0,0,0,0,0,0,0,0,0,0,0,0,0,0,0,0,0,25.94,25.94,25.94,25.94,25.94,25.94,25.94,25.94,25.94,25.94,25.94,25.94,25.94,25.94,25.94,25.94,25.94,25.94,25.94,25.94,25.94,25.94,25.94,25.94,25.94,25.94,25.94,25.94,25.94,25.94,25.94,25.94,25.94,25.94,0,0,0,0,0,0,0,0,0,0,0,0,0,25.49,25.47,25.45,25.45,25.47,25.49,0,0,0,0,0,0,0,0,0,0,0,0,0,0,0,0,0,0,0,0,0,0,0,0,0,0,0,0,0,0,0,0,0,0,0,0,0,0,0,0],
[0,0,0,0,0,0,0,33.44,33.44,33.44,33.44,33.44,33.44,33.44,33.44,33.44,33.44,33.44,33.44,33.48,33.10,32.56,32.02,31.49,31.49,31.49,31.49,31.49,31.49,31.49,31.49,31.49,31.49,31.49,31.49,31.49,0,0,0,0,0,0,0,0,0,0,0,0,0,0,0,0,0,0,0,0,0,0,0,0,0,0,0,0,0,26.69,26.69,26.69,26.69,26.69,26.69,26.69,26.69,26.69,26.68,26.67,26.65,26.64,26.64,26.45,26.11,25.89,25.86,25.84,25.84,0,0,0,0,0,25.84,25.84,25.84,25.84,25.84,25.84,25.84,25.84,25.84,0,0,0,0,0,0,0,0,0,25.94,25.94,0,0,0,25.94,25.94,25.94,25.94,25.94,25.94,25.94,25.94,25.94,25.94,25.94,25.94,25.94,25.94,25.94,25.94,25.94,25.94,25.94,25.94,25.94,25.94,25.94,25.94,25.94,25.94,0,0,0,0,0,0,0,0,0,0,0,0,0,0,0,26.14,26.12,26.07,26.07,26.10,26.12,0,0,0,0,0,0,0,0,0,0,0,0,0,0,0,0,0,0,0,0,0,0,0,0,0,0,0,0,0,0,0,0,0,0,0,0,0,0,0,0],
[0,0,0,0,0,0,0,33.44,33.44,33.44,33.44,33.44,33.44,33.44,33.44,33.44,33.44,33.44,33.44,0,0,0,0,31.49,31.49,31.49,31.49,31.49,31.49,31.49,31.49,31.49,31.49,31.49,31.49,31.49,0,0,0,0,0,0,0,0,0,0,0,0,0,0,0,0,0,0,0,0,0,0,0,0,0,0,0,0,0,26.69,26.69,26.69,26.69,26.69,26.69,26.69,26.69,26.69,26.68,26.67,26.66,26.66,26.65,26.54,26.31,25.98,25.88,25.84,25.84,25.84,0,0,0,25.84,25.84,25.84,25.84,25.84,25.84,25.84,25.84,25.84,25.84,0,0,0,0,0,0,0,0,0,0,0,0,0,0,0,25.94,25.94,25.94,25.94,25.94,25.94,25.94,25.94,25.94,25.94,25.94,25.94,25.94,25.94,25.94,25.94,25.94,25.94,25.94,25.94,25.94,25.94,25.94,25.94,25.94,0,0,0,0,0,0,0,0,0,0,0,0,0,0,0,26.43,26.43,26.43,26.42,26.40,26.39,0,0,0,0,0,0,0,0,0,0,0,0,0,0,0,0,0,0,0,0,0,0,0,0,0,0,0,0,0,0,0,0,0,0,0,0,0,0,0,0],
[0,0,0,0,0,0,0,33.44,33.44,33.44,33.44,33.44,33.44,33.44,33.44,33.44,33.44,33.44,33.44,0,0,0,0,0,0,0,0,0,0,0,0,0,0,0,0,0,0,0,0,0,0,0,0,0,0,0,0,0,0,0,0,0,0,0,0,0,0,0,0,0,0,0,0,0,0,26.69,26.69,26.69,26.69,26.69,26.69,26.69,26.69,26.69,26.69,26.68,26.68,26.67,26.67,26.56,26.35,26.11,25.91,25.84,25.84,25.84,25.84,25.84,25.84,25.84,25.84,25.84,25.84,25.84,25.84,25.84,25.84,25.84,25.84,0,0,0,0,0,0,0,0,0,0,0,0,0,0,0,0,25.94,25.94,25.94,25.94,25.94,25.94,25.94,25.94,0,0,25.94,25.94,25.94,25.94,25.94,25.94,25.94,25.94,25.94,25.94,25.94,25.94,25.94,0,0,0,0,0,0,0,0,0,0,0,0,0,0,0,0,26.41,26.41,26.41,26.41,26.40,26.39,0,0,0,0,0,0,0,0,0,0,0,0,0,0,0,0,0,0,0,0,0,0,0,0,0,0,0,0,0,0,0,0,0,0,0,0,0,0,0,0],
[0,0,0,0,0,0,0,33.44,33.44,33.44,33.44,33.44,33.44,33.44,33.44,33.44,33.44,33.44,33.44,0,0,0,0,0,0,0,0,0,0,0,0,0,0,0,0,0,0,0,0,0,0,0,0,0,0,0,0,0,0,0,0,0,0,0,0,0,0,0,0,0,0,0,0,0,0,26.69,26.69,26.69,26.69,0,0,0,0,26.69,26.69,26.69,26.69,26.69,26.69,26.57,26.34,26.11,25.89,25.84,25.84,25.84,25.84,25.84,25.84,25.84,25.84,25.84,25.84,25.84,25.84,25.84,25.84,25.84,25.84,0,0,0,0,0,0,0,0,0,0,0,0,0,0,0,0,0,0,0,25.94,0,0,0,0,0,0,25.94,25.94,25.94,25.94,25.94,25.94,25.94,25.94,25.94,25.94,25.94,25.94,25.94,0,0,0,0,0,0,0,0,0,0,0,0,0,0,0,0,26.39,26.39,26.39,26.39,26.39,26.39,0,0,0,0,0,0,0,0,0,0,0,0,0,0,0,0,0,0,0,0,0,0,0,0,0,0,0,0,0,0,0,0,0,0,0,0,0,0,0,0],
[0,0,0,0,0,0,0,33.44,33.44,33.44,33.44,33.44,33.44,33.44,33.44,33.44,33.44,33.44,33.44,0,0,0,0,0,0,0,0,0,0,0,0,0,0,0,0,0,0,0,0,0,0,0,0,0,0,0,0,0,0,0,0,0,0,0,0,0,0,0,0,0,0,0,0,0,0,26.69,26.69,26.69,26.69,0,0,0,0,26.69,26.70,26.70,26.70,26.70,26.69,26.53,26.31,26.07,25.84,25.84,25.84,25.84,25.84,25.84,25.84,25.84,25.84,25.84,25.84,25.84,25.84,25.84,25.84,25.84,25.84,0,0,0,0,0,0,0,0,0,0,0,0,0,0,0,0,0,0,0,0,0,0,0,0,0,0,25.94,25.94,25.94,25.94,25.94,25.94,25.94,25.94,0,0,0,0,0,0,0,0,0,0,0,0,0,0,0,0,0,0,0,0,0,26.39,26.39,26.39,26.39,26.39,26.39,0,0,0,0,0,0,0,0,0,0,0,0,0,0,0,0,0,0,0,0,0,0,0,0,0,0,0,0,0,0,0,0,0,0,0,0,0,0,0,0],
[0,0,0,0,0,0,0,0,0,0,0,0,0,0,0,0,0,0,0,0,0,0,0,0,0,0,0,0,0,0,0,0,0,0,0,0,0,0,0,0,0,0,0,0,0,0,0,0,0,0,0,0,0,0,0,0,0,0,0,0,0,0,0,0,0,26.69,26.69,26.69,26.69,0,0,0,0,26.69,26.70,26.72,26.73,26.71,26.65,26.46,26.26,26.03,25.84,25.84,25.84,25.84,25.84,25.84,25.84,25.84,25.84,25.84,25.84,25.84,25.84,25.84,25.84,25.84,25.84,25.84,0,0,0,0,0,0,0,0,0,0,0,0,0,0,0,0,0,0,0,0,0,0,0,0,0,25.94,25.94,25.94,25.94,25.94,25.94,25.94,0,0,0,0,0,0,0,0,0,0,0,0,0,0,0,0,0,0,0,0,0,0,26.39,26.39,26.39,26.39,26.39,26.39,0,0,0,0,0,0,0,0,0,0,0,0,0,0,0,0,0,0,0,0,0,0,0,0,0,0,0,0,0,0,0,0,0,0,0,0,0,0,0,0],
[0,0,0,0,0,0,0,0,0,0,0,0,0,0,0,0,0,0,0,0,0,0,0,0,0,0,0,0,0,0,0,0,0,0,0,0,0,0,0,0,0,0,0,0,0,0,0,0,0,0,0,0,0,0,0,0,0,0,0,0,0,0,0,0,0,26.69,26.69,26.69,26.69,26.69,26.69,26.69,26.69,26.69,26.69,26.69,26.69,26.67,26.53,26.30,26.09,25.94,25.84,25.84,25.84,25.84,25.84,25.84,25.84,25.84,25.84,25.84,25.84,25.84,25.84,25.84,25.84,25.84,25.84,25.84,0,0,0,0,0,0,0,0,0,0,0,0,0,0,0,0,0,0,0,0,0,0,0,0,0,0,0,0,0,0,25.94,25.94,0,0,0,0,0,0,0,0,0,0,0,0,0,0,0,0,0,0,0,0,0,0,26.39,26.39,26.39,26.39,26.39,26.39,0,0,0,0,0,0,0,0,0,0,0,0,0,0,0,0,0,0,0,0,0,0,0,0,0,0,0,0,0,0,0,0,0,0,0,0,0,0,0,0],
[0,0,0,0,0,0,0,0,0,0,0,0,0,0,0,0,0,0,0,0,0,0,0,0,0,0,0,0,0,0,0,0,0,0,0,0,0,0,0,0,0,0,0,0,0,0,0,0,0,0,0,0,0,0,0,0,0,0,0,0,0,0,0,0,0,26.69,26.69,26.69,26.69,26.69,26.69,26.69,26.69,26.69,26.69,26.69,26.66,26.64,26.44,26.18,25.95,25.86,25.84,25.84,25.84,25.84,25.84,25.84,25.84,25.84,25.84,25.84,25.84,25.84,25.84,25.84,25.84,25.84,25.84,25.84,0,0,0,0,0,0,0,0,0,0,0,0,0,0,0,0,0,0,0,0,0,0,0,0,0,0,0,0,0,0,0,0,0,0,0,0,0,0,0,0,0,0,0,0,0,0,0,0,0,0,0,0,0,0,0,26.39,26.39,26.39,26.39,26.39,0,0,0,0,0,0,0,0,0,0,0,0,0,0,0,0,0,0,0,0,0,0,0,0,0,0,0,0,0,0,0,0,0,0,0,0,0,0,0,0],
[0,0,0,0,0,0,0,0,0,0,0,0,0,0,0,0,0,0,0,0,0,0,0,0,0,0,0,0,0,0,0,0,0,0,0,0,0,0,0,0,0,0,0,0,0,0,0,0,0,0,0,0,0,0,0,0,0,0,0,0,0,0,0,0,0,26.69,26.69,26.69,26.69,26.69,26.69,26.69,26.69,26.69,26.69,26.69,0,0,0,0,0,0,0,0,0,25.84,25.84,25.84,25.84,25.84,25.84,25.84,25.84,25.84,25.84,25.84,25.84,25.84,25.84,0,0,0,0,0,0,0,0,0,0,0,0,0,0,0,0,0,0,0,0,0,0,0,0,0,0,0,0,0,0,0,0,0,0,0,0,0,0,0,0,0,0,0,0,0,0,0,0,0,0,0,0,0,0,0,0,0,26.39,26.39,0,0,0,0,0,0,0,0,0,0,0,0,0,0,0,0,0,0,0,0,0,0,0,0,0,0,0,0,0,0,0,0,0,0,0,0,0,0,0,0,0,0],
[0,0,0,0,0,0,0,0,0,0,0,0,0,0,0,0,0,0,0,0,0,0,0,0,0,0,0,0,0,0,0,0,0,0,0,0,0,0,0,0,0,0,0,0,0,0,0,0,0,0,0,0,0,0,0,0,0,0,0,0,0,0,0,0,0,26.69,26.69,26.69,26.69,26.69,26.69,26.69,26.69,26.69,26.69,26.69,0,0,0,0,0,0,0,0,0,0,0,0,25.84,0,25.84,25.84,0,25.84,25.84,25.84,25.84,0,0,0,0,0,0,0,0,0,0,0,0,0,0,0,0,0,0,0,0,0,0,0,0,0,0,0,0,0,0,0,0,0,0,0,0,0,0,0,0,0,0,0,0,0,0,0,0,0,0,0,0,0,0,0,0,0,0,0,0,0,0,0,0,0,0,0,0,0,0,0,0,0,0,0,0,0,0,0,0,0,0,0,0,0,0,0,0,0,0,0,0,0,0,0,0,0,0,0,0,0,0,0],
[0,0,0,0,0,0,0,0,0,0,0,0,0,0,0,0,0,0,0,0,0,0,0,0,0,0,0,0,0,0,0,0,0,0,0,0,0,0,0,0,0,0,0,0,0,0,0,0,0,0,0,0,0,0,0,0,0,0,0,0,0,0,0,0,0,0,0,0,0,0,0,0,0,0,0,0,0,0,0,0,0,0,0,0,0,0,0,0,0,0,0,0,0,0,0,0,0,0,0,0,0,0,0,0,0,0,0,0,0,0,0,0,0,0,0,0,0,0,0,0,0,0,0,0,0,0,0,0,0,0,0,0,0,0,0,0,0,0,0,0,0,0,0,0,0,0,0,0,0,0,0,0,0,0,0,0,0,0,0,0,0,0,0,0,0,0,0,0,0,0,0,0,0,0,0,0,0,0,0,0,0,0,0,0,0,0,0,0,0,0,0,0,0,0,0,0,0,0,0,0],
[0,0,0,0,0,0,0,0,0,0,0,0,0,0,0,0,0,0,0,0,0,0,0,0,0,0,0,0,0,0,0,0,0,0,0,0,0,0,0,0,0,0,0,0,0,0,0,0,0,0,0,0,0,0,0,0,0,0,0,0,0,0,0,0,0,0,0,0,0,0,0,0,0,0,0,0,0,0,0,0,0,0,0,0,0,0,0,0,0,0,0,0,0,0,0,0,0,0,0,0,0,0,0,0,0,0,0,0,0,0,0,0,0,0,0,0,0,0,0,0,0,0,0,0,0,0,0,0,0,0,0,0,0,0,0,0,0,0,0,0,0,0,0,0,0,0,0,0,0,0,0,0,0,0,0,0,0,0,0,0,0,0,0,0,0,0,0,0,0,0,0,0,0,0,0,0,0,0,0,0,0,0,0,0,0,0,0,0,0,0,0,0,0,0,0,0,0,0,0,0],
[0,0,0,0,0,0,0,0,0,0,0,0,0,0,0,0,0,0,0,0,0,0,0,0,0,0,0,0,0,0,0,0,0,0,0,0,0,0,0,0,0,0,0,0,0,0,0,0,0,0,0,0,0,0,0,0,0,0,0,0,0,0,0,0,0,0,0,0,0,0,0,0,0,0,0,0,0,0,0,0,0,0,0,0,0,0,0,0,0,0,0,0,0,0,0,0,0,0,0,0,0,0,0,0,0,0,0,0,0,0,0,0,0,0,0,0,0,0,0,0,0,0,0,0,0,0,0,0,0,0,0,0,0,0,0,0,0,0,0,0,0,0,0,0,0,0,0,0,0,0,0,0,0,0,0,0,0,0,0,0,0,0,0,0,0,0,0,0,0,0,0,0,0,0,0,0,0,0,0,0,0,0,0,0,0,0,0,0,0,0,0,0,0,0,0,0,0,0,0,0],
[0,0,0,0,0,0,0,0,0,0,0,0,0,0,0,0,0,0,0,0,0,0,0,0,0,0,0,0,0,0,0,0,0,0,0,0,0,0,0,0,0,0,0,0,0,0,0,0,0,0,0,0,0,0,0,0,0,0,0,0,0,0,0,0,0,0,0,0,0,0,0,0,0,0,0,0,0,0,0,0,0,0,0,0,0,0,0,0,0,0,0,0,0,0,0,0,0,0,0,0,0,0,0,0,0,0,0,0,0,0,0,0,0,0,0,0,0,0,0,0,0,0,0,0,0,0,0,0,0,0,0,0,0,0,0,0,0,0,0,0,0,0,0,0,0,0,0,0,0,0,0,0,0,0,0,0,0,0,0,0,0,0,0,0,0,0,0,0,0,0,0,0,0,0,0,0,0,0,0,0,0,0,0,0,0,0,0,0,0,0,0,0,0,0,0,0,0,0,0,0],
[0,0,0,0,0,0,0,0,0,0,0,0,0,0,0,0,0,0,0,0,0,0,0,0,0,0,0,0,0,0,0,0,0,0,0,0,0,0,0,0,0,0,0,0,0,0,0,0,0,0,0,0,0,0,0,0,0,0,0,0,0,0,0,0,0,0,0,0,0,0,0,0,0,0,0,0,0,0,0,0,0,0,0,0,0,0,0,0,0,0,0,0,0,0,0,0,0,0,0,0,0,0,0,0,0,0,0,0,0,0,0,0,0,0,0,0,0,0,0,0,0,0,0,0,0,0,0,0,0,0,0,0,0,0,0,0,0,0,0,0,0,0,0,0,0,0,0,0,0,0,0,0,0,0,0,0,0,0,0,0,0,0,0,0,0,0,0,0,0,0,0,0,0,0,0,0,0,0,0,0,0,0,0,0,0,0,0,0,0,0,0,0,0,0,0,0,0,0,0,0],
[0,0,0,0,0,0,0,0,0,0,0,0,0,0,0,0,0,0,0,0,0,0,0,0,0,0,0,0,0,0,0,0,0,0,0,0,0,0,0,0,0,0,0,0,0,0,0,0,0,0,0,0,0,0,0,0,0,0,0,0,0,0,0,0,0,0,0,0,0,0,0,0,0,0,0,0,0,0,0,0,0,0,0,0,0,0,0,0,0,0,0,0,0,0,0,0,0,0,0,0,0,0,0,0,0,0,0,0,0,0,0,0,0,0,0,0,0,0,0,0,0,0,0,0,0,0,0,0,0,0,0,0,0,0,0,0,0,0,0,0,0,0,0,0,0,0,0,0,0,0,0,0,0,0,0,0,0,0,0,0,0,0,0,0,0,0,0,0,0,0,0,0,0,0,0,0,0,0,0,0,0,0,0,0,0,0,0,0,0,0,0,0,0,0,0,0,0,0,0,0],
[0,0,0,0,0,0,0,0,0,0,0,0,0,0,0,0,0,0,0,0,0,0,0,0,0,0,0,0,0,0,0,0,0,0,0,0,0,0,0,0,0,0,0,0,0,0,0,0,0,0,0,0,0,0,0,0,0,0,0,0,0,0,0,0,0,0,0,0,0,0,0,0,0,0,0,0,0,0,0,0,0,0,0,0,0,0,0,0,0,0,0,0,0,0,0,0,0,0,0,0,0,0,0,0,0,0,0,0,0,0,0,0,0,0,0,0,0,0,0,0,0,0,0,0,0,0,0,0,0,0,0,0,0,0,0,0,0,0,0,0,0,0,0,0,0,0,0,0,0,0,0,0,0,0,0,0,0,0,0,0,0,0,0,0,0,0,0,0,0,0,0,0,0,0,0,0,0,0,0,0,0,0,0,0,0,0,0,0,0,0,0,0,0,0,0,0,0,0,0,0],
[0,0,0,0,0,0,0,0,0,0,0,0,0,0,0,0,0,0,0,0,0,0,0,0,0,0,0,0,0,0,0,0,0,0,0,0,0,0,0,0,0,0,0,0,0,0,0,0,0,0,0,0,0,0,0,0,0,0,0,0,0,0,0,0,0,0,0,0,0,0,0,0,0,0,0,0,0,0,0,0,0,0,0,0,0,0,0,0,0,0,0,0,0,0,0,0,0,0,0,0,0,0,0,0,0,0,0,0,0,0,0,0,0,0,0,0,0,0,0,0,0,0,0,0,0,0,0,0,0,0,0,0,0,0,0,0,0,0,0,0,0,0,0,0,0,0,0,0,0,0,0,0,0,0,0,0,0,0,0,0,0,0,0,0,0,0,0,0,0,0,0,0,0,0,0,0,0,0,0,0,0,0,0,0,0,0,0,0,0,0,0,0,0,0,0,0,0,0,0,0],
[0,0,0,0,0,0,0,0,0,0,0,0,0,0,0,0,0,0,0,0,0,0,0,0,0,0,0,0,0,0,0,0,0,0,0,0,0,0,0,0,0,0,0,0,0,0,0,0,0,0,0,0,0,0,0,0,0,0,0,0,0,0,0,0,0,0,0,0,0,0,0,0,0,0,0,0,0,0,0,0,0,0,0,0,0,0,0,0,0,0,0,0,0,0,0,0,0,0,0,0,0,0,0,0,0,0,0,0,0,0,0,0,0,0,0,0,0,0,0,0,0,0,0,0,0,0,0,0,0,0,0,0,0,0,0,0,0,0,0,0,0,0,0,0,0,0,0,0,0,0,0,0,0,0,0,0,0,0,0,0,0,0,0,0,0,0,0,0,0,0,0,0,0,0,0,0,0,0,0,0,0,0,0,0,0,0,0,0,0,0,0,0,0,0,0,0,0,0,0,0],
[0,0,0,0,0,0,0,0,0,0,0,0,0,0,0,0,0,0,0,0,0,0,0,0,0,0,0,0,0,0,0,0,0,0,0,0,0,0,0,0,0,0,0,0,0,0,0,0,0,0,0,0,0,0,0,0,0,0,0,0,0,0,0,0,0,0,0,0,0,0,0,0,0,0,0,0,0,0,0,0,0,0,0,0,0,0,0,0,0,0,0,0,0,0,0,0,0,0,0,0,0,0,0,0,0,0,0,0,0,0,0,0,0,0,0,0,0,0,0,0,0,0,0,0,0,0,0,0,0,0,0,0,0,0,0,0,0,0,0,0,0,0,0,0,0,0,0,0,0,0,0,0,0,0,0,0,0,0,0,0,0,0,0,0,0,0,0,0,0,0,0,0,0,0,0,0,0,0,0,0,0,0,0,0,0,0,0,0,0,0,0,0,0,0,0,0,0,0,0,0],
[0,0,0,0,0,0,0,0,0,0,0,0,0,0,0,0,0,0,0,0,0,0,0,0,0,0,0,0,0,0,0,0,0,0,0,0,0,0,0,0,0,0,0,0,0,0,0,0,0,0,0,0,0,0,0,0,0,0,0,0,0,0,0,0,0,0,0,0,0,0,0,0,0,0,0,0,0,0,0,0,0,0,0,0,0,0,0,0,0,0,0,0,0,0,0,0,0,0,0,0,0,0,0,0,0,0,0,0,0,0,0,0,0,0,0,0,0,0,0,0,0,0,0,0,0,0,0,0,0,0,0,0,0,0,0,0,0,0,0,0,0,0,0,0,0,0,0,0,0,0,0,0,0,0,0,0,0,0,0,0,0,0,0,0,0,0,0,0,0,0,0,0,0,0,0,0,0,0,0,0,0,0,0,0,0,0,0,0,0,0,0,0,0,0,0,0,0,0,0,0],
[0,0,0,0,0,0,0,0,0,0,0,0,0,0,0,0,0,0,0,0,0,0,0,0,0,0,0,0,0,0,0,0,0,0,0,0,0,0,0,0,0,0,0,0,0,0,0,0,0,0,0,0,0,0,0,0,0,0,0,0,0,0,0,0,0,0,0,0,0,0,0,0,0,0,0,0,0,0,0,0,0,0,0,0,0,0,0,0,0,0,0,0,0,0,0,0,0,0,0,0,0,0,0,0,0,0,0,0,0,0,0,0,0,0,0,0,0,0,0,0,0,0,0,0,0,0,0,0,0,0,0,0,0,0,0,0,0,0,0,0,0,0,0,0,0,0,0,0,0,0,0,0,0,0,0,0,0,0,0,0,0,0,0,0,0,0,0,0,0,0,0,0,0,0,0,0,0,0,0,0,0,0,0,0,0,0,0,0,0,0,0,0,0,0,0,0,0,0,0,0],
[0,0,0,0,0,0,0,0,0,0,0,0,0,0,0,0,0,0,0,0,0,0,0,0,0,0,0,0,0,0,0,0,0,0,0,0,0,0,0,0,0,0,0,0,0,0,0,0,0,0,0,0,0,0,0,0,0,0,0,0,0,0,0,0,0,0,0,0,0,0,0,0,0,0,0,0,0,0,0,0,0,0,0,0,0,0,0,0,0,0,0,0,0,0,0,0,0,0,0,0,0,0,0,0,0,0,0,0,0,0,0,0,0,0,0,0,0,0,0,0,0,0,0,0,0,0,0,0,0,0,0,0,0,0,0,0,0,0,0,0,0,0,0,0,0,0,0,0,0,0,0,0,0,0,0,0,0,0,0,0,0,0,0,0,0,0,0,0,0,0,0,0,0,0,0,0,0,0,0,0,0,0,0,0,0,0,0,0,0,0,0,0,0,0,0,0,0,0,0,0],
[0,0,0,0,0,0,0,0,0,0,0,0,0,0,0,0,0,0,0,0,0,0,0,0,0,0,0,0,0,0,0,0,0,0,0,0,0,0,0,0,0,0,0,0,0,0,0,0,0,0,0,0,0,0,0,0,0,0,0,0,0,0,0,0,0,0,0,0,0,0,0,0,0,0,0,0,0,0,0,0,0,0,0,0,0,0,0,0,0,0,0,0,0,0,0,0,0,0,0,0,0,0,0,0,0,0,0,0,0,0,0,0,0,0,0,0,0,0,0,0,0,0,0,0,0,0,0,0,0,0,0,0,0,0,0,0,0,0,0,0,0,0,0,0,0,0,0,0,0,0,0,0,0,0,0,0,0,0,0,0,0,0,0,0,0,0,0,0,0,0,0,0,0,0,0,0,0,0,0,0,0,0,0,0,0,0,0,0,0,0,0,0,0,0,0,0,0,0,0,0],
[0,0,0,0,0,0,0,0,0,0,0,0,0,0,0,0,0,0,0,0,0,0,0,0,0,0,0,0,0,0,0,0,0,0,0,0,0,0,0,0,0,0,0,0,0,0,0,0,0,0,0,0,0,0,0,0,0,0,0,0,0,0,0,0,0,0,0,0,0,0,0,0,0,0,0,0,0,0,0,0,0,0,0,0,0,0,0,0,0,0,0,0,0,0,0,0,0,0,0,0,0,0,0,0,0,0,0,0,0,0,0,0,0,0,0,0,0,0,0,0,0,0,0,0,0,0,0,0,0,0,0,0,0,0,0,0,0,0,0,0,0,0,0,0,0,0,0,0,0,0,0,0,0,0,0,0,0,0,0,0,0,0,0,0,0,0,0,0,0,0,0,0,0,0,0,0,0,0,0,0,0,0,0,0,0,0,0,0,0,0,0,0,0,0,0,0,0,0,0,0],
[0,0,0,0,0,0,0,0,0,0,0,0,0,0,0,0,0,0,0,0,0,0,0,0,0,0,0,0,0,0,0,0,0,0,0,0,0,0,0,0,0,0,0,0,0,0,0,0,0,0,0,0,0,0,0,0,0,0,0,0,0,0,0,0,0,0,0,0,0,0,0,0,0,0,0,0,0,0,0,0,0,0,0,0,0,0,0,0,0,0,0,0,0,0,0,0,0,0,0,0,0,0,0,0,0,0,0,0,0,0,0,0,0,0,0,0,0,0,0,0,0,0,0,0,0,0,0,0,0,0,0,0,0,0,0,0,0,0,0,0,0,0,0,0,0,0,0,0,0,0,0,0,0,0,0,0,0,0,0,0,0,0,0,0,0,0,0,0,0,0,0,0,0,0,0,0,0,0,0,0,0,0,0,0,0,0,0,0,0,0,0,0,0,0,0,0,0,0,0,0],
[0,0,0,0,0,0,0,0,0,0,0,0,0,0,0,0,0,0,0,0,0,0,0,0,0,0,0,0,0,0,0,0,0,0,0,0,0,0,0,0,0,0,0,0,0,0,0,0,0,0,0,0,0,0,0,0,0,0,0,0,0,0,0,0,0,0,0,0,0,0,0,0,0,0,0,0,0,0,0,0,0,0,0,0,0,0,0,0,0,0,0,0,0,0,0,0,0,0,0,0,0,0,0,0,0,0,0,0,0,0,0,0,0,0,0,0,0,0,0,0,0,0,0,0,0,0,0,0,0,0,0,0,0,0,0,0,0,0,0,0,0,0,0,0,0,0,0,0,0,0,0,0,0,0,0,0,0,0,0,0,0,0,0,0,0,0,0,0,0,0,0,0,0,0,0,0,0,0,0,0,0,0,0,0,0,0,0,0,0,0,0,0,0,0,0,0,0,0,0,0]]