[[0,0,0,0,0,0,0,0,0,0,0,0,0,0,0,0,0,0,0,0,0,0,0,0,0,0,0,0,0,0,0,0,0,0,0,0,0,0,0,0,0,0,0,0,0,0,0,0,0,0,0,0,0,0,0,0,0,0,0,0,0,0,0,0,0,0,0,0,0,0,0,0,0,0,0,0,0,0,0,0,0,0,0,0,0,0,0,0,0,0,0,0,0,0,0,0,0,0,0,0,0,0,0,0,0,0,0,0,0,0,0,0,0,0,0,0,0,0,0,0,0,0,0,0,0,0,0,0,0,0,0,0,0,0,0,0,0,0,0,0,0,0,0,0,0,0,0,0,0,0,0,0,0,0,0,0,0,0,0,0,0,0,0,0,0,0,0,0,0,0,0,0,0,0,0,0,0,0,0,0],
[0,0,0,0,0,0,0,0,0,0,0,0,0,0,0,0,0,0,0,0,0,0,0,0,0,0,0,0,0,0,0,0,0,0,0,0,0,0,0,0,0,0,0,0,0,0,0,0,0,0,0,0,0,0,0,0,0,0,0,0,0,0,0,0,0,0,0,0,0,0,0,0,0,0,0,0,0,0,0,0,0,0,0,0,0,0,0,0,0,0,0,0,0,0,0,0,0,0,0,0,0,0,0,0,0,0,0,0,0,0,0,0,0,0,0,0,0,0,0,0,0,0,0,0,0,0,0,0,0,0,0,0,0,0,0,0,0,0,0,0,0,0,0,0,0,0,0,0,0,0,0,0,0,0,0,0,0,0,0,0,0,0,0,0,0,0,0,0,0,0,0,0,0,0,0,0,0,0,0,0],
[0,0,0,0,0,0,0,0,0,0,0,0,0,0,0,0,0,0,0,0,0,0,0,0,0,0,0,0,0,0,0,0,0,0,0,0,0,0,0,0,0,0,0,0,0,0,0,0,0,0,0,0,0,0,0,0,0,0,0,0,0,0,0,0,0,0,0,0,0,0,0,0,0,0,0,0,0,0,0,0,0,0,0,0,0,0,0,0,0,0,0,0,0,0,0,0,0,0,0,0,0,0,0,0,0,0,0,0,0,0,0,0,0,0,0,0,0,0,0,0,0,0,0,0,0,0,0,0,0,0,0,0,0,0,0,0,0,0,0,0,0,0,0,0,0,0,0,0,0,0,0,0,0,0,0,0,0,0,0,0,0,0,0,0,0,0,0,0,0,0,0,0,0,0,0,0,0,0,0,0],
[0,0,0,0,0,0,0,0,0,0,0,0,0,0,0,0,0,0,0,0,0,0,0,0,0,0,0,0,0,0,0,0,0,0,0,0,0,0,0,0,0,0,0,0,0,0,0,0,0,0,0,0,0,0,0,0,0,0,0,0,0,0,0,0,0,0,0,0,0,0,0,0,0,0,0,0,0,0,0,0,0,0,0,0,0,0,0,0,0,0,0,0,0,0,0,0,0,0,0,0,0,0,0,0,0,0,0,0,0,0,0,0,0,0,0,0,0,0,0,0,0,0,0,0,0,0,0,0,0,0,0,0,0,0,0,0,0,0,0,0,0,0,0,0,0,0,0,0,0,0,0,0,0,0,0,0,0,0,0,0,0,0,0,0,0,0,0,0,0,0,0,0,0,0,0,0,0,0,0,0],
[0,0,0,0,0,0,0,0,0,0,0,0,0,0,0,0,0,0,0,0,0,0,0,0,0,0,0,0,0,0,0,0,0,0,0,0,0,0,0,0,0,0,0,0,0,0,0,0,0,0,0,0,0,0,0,0,0,0,0,0,0,0,0,0,0,0,0,0,0,0,0,0,0,0,0,0,0,0,0,0,0,0,0,0,0,0,0,0,0,0,0,0,0,0,0,0,0,0,0,0,0,0,0,0,0,0,0,0,0,0,0,0,0,0,0,0,0,0,0,0,0,0,0,0,0,0,0,0,0,0,0,0,0,0,0,0,0,0,0,0,0,0,0,0,0,0,0,0,0,0,0,0,0,0,0,0,0,0,0,0,0,0,0,0,0,0,0,0,0,0,0,0,0,0,0,0,0,0,0,0],
[0,0,0,0,0,0,0,0,0,0,0,0,0,0,0,0,0,0,0,0,0,0,0,0,0,0,0,0,0,0,0,0,0,0,0,0,0,0,0,0,0,0,0,0,0,0,0,0,0,0,0,0,0,0,0,0,0,0,0,0,0,0,0,0,0,0,0,0,0,0,0,0,0,0,0,0,0,0,0,0,0,0,0,0,0,0,0,0,0,0,0,0,0,0,0,0,0,0,0,0,0,0,0,0,0,0,0,0,0,0,0,0,0,0,0,0,0,0,0,0,0,0,0,0,0,0,0,0,0,0,0,0,0,0,0,0,0,0,0,0,0,0,0,0,0,0,0,0,0,0,0,0,0,0,0,0,0,0,0,0,0,0,0,0,0,0,0,0,0,0,0,0,0,0,0,0,0,0,0,0],
[0,0,0,0,0,0,0,0,0,0,0,0,0,0,0,0,0,0,0,0,0,0,0,0,0,0,0,0,0,0,0,0,0,0,0,0,0,0,0,0,0,0,0,0,0,0,0,0,0,0,0,0,0,0,0,0,0,0,0,0,0,0,0,0,0,0,0,0,0,0,0,0,0,0,0,0,0,0,0,0,0,0,0,0,0,0,0,0,0,0,0,0,0,0,0,0,0,0,0,0,0,0,0,0,0,0,0,0,0,0,0,0,0,0,0,0,0,0,0,0,0,0,0,0,0,0,0,0,0,0,0,0,0,0,0,0,0,0,0,0,0,0,0,0,0,0,0,0,0,0,0,0,0,0,0,0,0,0,0,0,0,0,0,0,0,0,0,0,0,0,0,0,0,0,0,0,0,0,0,0],
[0,0,0,0,0,0,0,0,0,0,0,0,0,0,0,0,0,0,0,0,0,0,0,0,0,0,0,0,0,0,0,0,0,0,0,0,0,0,0,0,0,0,0,0,0,0,0,0,0,0,0,0,0,0,0,0,0,0,0,0,0,0,0,0,0,0,0,0,0,0,0,0,0,0,0,0,0,0,0,0,0,0,0,0,0,0,0,0,0,0,0,0,0,0,0,0,0,0,0,0,0,0,0,0,0,0,0,0,0,0,0,0,0,0,0,0,0,0,0,0,0,0,0,0,0,0,0,0,0,0,0,0,0,0,0,0,0,0,0,0,0,0,0,0,0,0,0,0,0,0,0,0,0,0,0,0,0,0,0,0,0,0,0,0,0,0,0,0,0,0,0,0,0,0,0,0,0,0,0,0],
[0,0,0,0,0,0,0,0,0,0,0,0,0,0,0,0,0,0,0,0,0,0,0,0,0,0,0,0,0,0,0,0,0,0,0,0,0,0,0,0,0,0,0,0,0,0,0,0,0,0,0,0,0,0,0,0,3.52,3.52,3.52,3.52,3.52,3.52,3.52,3.52,3.52,3.52,3.52,3.52,3.52,3.52,3.52,3.52,3.52,3.52,3.52,3.52,3.52,3.52,3.52,3.52,3.52,3.52,3.52,3.52,3.52,3.52,3.52,3.52,3.52,3.52,3.52,3.52,3.52,3.52,3.52,3.52,3.52,3.52,3.52,3.52,3.52,3.52,3.52,3.52,3.52,3.52,3.52,3.52,3.52,3.52,3.52,3.52,3.52,3.52,3.52,0,0,0,0,0,0,0,0,0,0,0,0,0,0,0,0,0,0,0,0,0,0,0,0,0,0,0,0,0,0,0,0,0,0,0,0,0,0,0,0,0,0,0,0,0,0,0,0,0,0,0,0,0,0,0,0,0,0,0,0,0,0,0,0,0],
[0,0,0,0,0,0,0,0,0,0,0,0,0,0,0,0,0,0,0,0,0,0,0,0,0,0,0,0,0,0,0,0,0,0,0,0,0,0,0,0,0,0,0,0,0,0,0,0,0,0,0,0,0,0,0,0,3.52,3.52,3.52,3.52,3.52,3.52,3.52,3.52,3.52,3.52,3.52,3.52,3.52,3.52,3.52,3.52,3.52,3.52,3.52,3.52,3.52,3.52,3.52,3.52,3.52,3.52,3.52,3.52,3.52,3.52,3.52,3.52,3.52,3.52,3.52,3.52,3.52,3.52,3.52,3.52,3.52,3.52,3.52,3.52,3.52,3.52,3.52,3.52,3.52,3.52,3.52,3.52,3.52,3.52,3.52,3.52,3.52,3.52,3.52,0,0,0,0,0,0,0,0,0,0,0,0,0,0,0,0,0,0,0,0,0,0,0,0,0,0,0,0,0,0,0,0,0,0,0,0,0,0,0,0,0,0,0,0,0,0,0,0,0,0,0,0,0,0,0,0,0,0,0,0,0,0,0,0,0],
[0,0,0,0,0,0,0,0,0,0,0,0,0,0,0,0,0,0,0,0,0,0,0,0,0,0,0,0,0,0,0,0,0,0,0,0,0,0,0,0,0,0,0,0,0,0,0,0,0,0,0,0,0,0,0,0,3.52,3.52,3.52,3.52,3.52,3.52,3.52,3.52,3.52,3.52,3.52,3.52,3.52,3.52,3.52,3.52,3.52,3.52,3.52,3.52,3.52,3.52,3.52,3.52,3.52,3.52,3.52,3.52,3.52,3.52,3.52,3.52,3.52,3.52,3.52,3.52,3.52,3.52,3.52,3.52,3.52,3.52,3.52,3.52,3.52,3.52,3.52,3.52,3.52,3.52,3.52,3.52,3.52,3.52,3.52,3.52,3.52,3.52,3.52,0,0,0,0,0,0,0,0,0,0,0,0,0,0,0,0,0,0,0,0,0,0,0,0,0,0,0,0,0,0,0,0,0,0,0,0,0,0,0,0,0,0,0,0,0,0,0,0,0,0,0,0,0,0,0,0,0,0,0,0,0,0,0,0,0],
[0,0,0,0,0,0,0,0,0,0,0,0,0,0,0,0,0,0,0,0,0,0,0,0,0,0,0,0,0,0,0,0,0,0,0,0,0,0,0,0,0,0,0,0,0,0,0,0,0,0,0,0,0,0,0,0,3.52,3.52,3.52,3.52,3.52,3.52,3.52,3.52,3.52,3.52,3.52,3.52,3.52,3.52,3.52,3.52,3.52,3.52,3.52,3.52,3.52,3.52,3.52,3.52,3.52,3.52,3.52,3.52,3.52,3.52,3.52,3.52,3.52,3.52,3.52,3.52,3.52,3.52,3.52,3.52,3.52,3.52,3.52,3.52,3.52,3.52,3.52,3.52,3.52,3.52,3.52,3.52,3.52,3.52,3.52,3.52,3.52,3.52,3.52,0,0,0,0,0,0,0,0,0,0,0,0,0,0,0,0,0,0,0,0,0,0,0,0,0,0,0,0,0,0,0,0,0,0,0,0,0,0,0,0,0,0,0,0,0,0,0,0,0,0,0,0,0,0,0,0,0,0,0,0,0,0,0,0,0],
[0,0,0,0,0,0,0,0,0,0,0,0,0,0,0,0,0,0,0,0,0,0,0,0,0,0,0,0,0,0,0,0,0,0,0,0,0,0,0,0,0,0,0,0,0,0,0,0,0,0,0,0,0,0,0,0,3.52,3.52,3.52,3.52,3.52,3.52,3.52,3.52,3.52,3.52,3.52,3.52,3.52,3.52,3.52,3.52,3.52,3.52,3.52,3.52,3.52,3.52,3.52,3.52,3.52,3.52,3.52,3.52,3.52,3.52,3.52,3.52,3.52,3.52,3.52,3.52,3.52,3.52,3.52,3.52,3.52,3.52,3.52,3.52,3.52,3.52,3.52,3.52,3.52,3.52,3.52,3.52,3.52,3.52,3.52,3.52,3.52,3.52,3.52,0,0,0,0,0,0,0,0,0,0,0,0,0,0,0,0,0,0,0,0,0,0,0,0,0,0,0,0,0,0,0,0,0,0,0,0,0,0,0,0,0,0,0,0,0,0,0,0,0,0,0,0,0,0,0,0,0,0,0,0,0,0,0,0,0],
[0,0,0,0,0,0,0,0,0,0,0,0,0,0,0,0,0,0,0,0,0,0,0,0,0,0,0,0,0,0,0,0,0,0,0,0,0,0,0,0,0,0,0,0,0,0,0,0,0,0,0,0,0,0,0,0,3.52,3.52,3.52,3.52,3.52,3.52,3.52,3.52,3.52,3.52,3.52,3.52,3.52,3.52,3.52,3.52,3.52,3.52,3.52,3.52,3.52,3.52,3.52,3.52,3.52,3.52,3.52,3.52,3.52,3.52,3.52,3.52,3.52,3.52,3.52,3.52,3.52,3.52,3.52,3.52,3.52,3.52,3.52,3.52,3.52,3.52,3.52,3.52,3.52,3.52,3.52,3.52,3.52,3.52,3.52,3.52,3.52,3.52,3.52,0,0,0,0,0,0,0,0,0,0,0,0,0,0,0,0,0,0,0,0,0,0,0,0,0,0,0,0,0,0,0,0,0,0,0,0,0,0,0,0,0,0,0,0,0,0,0,0,0,0,0,0,0,0,0,0,0,0,0,0,0,0,0,0,0],
[0,0,0,0,0,0,0,0,0,0,0,0,0,0,0,0,0,0,0,0,0,0,0,0,0,0,0,0,0,0,0,0,0,0,0,0,0,0,0,0,0,0,0,0,0,0,0,0,0,0,0,0,0,0,0,0,3.52,3.52,3.52,3.52,3.52,3.52,3.52,3.52,3.52,3.52,3.52,3.52,3.52,3.52,3.52,3.52,3.52,3.52,3.52,3.52,3.52,3.52,3.52,3.52,3.52,3.52,3.52,3.52,3.52,3.52,3.52,3.52,3.52,3.52,3.52,3.52,3.52,3.52,3.52,3.52,3.52,3.52,3.52,3.52,3.52,3.52,3.52,3.52,3.52,3.52,3.52,3.52,3.52,3.52,3.52,3.52,3.52,3.52,3.52,0,0,0,0,0,0,0,0,0,0,0,0,0,0,0,0,0,0,0,0,0,0,0,0,0,0,0,0,0,0,0,0,0,0,0,0,0,0,0,0,0,0,0,0,0,0,0,0,0,0,0,0,0,0,0,0,0,0,0,0,0,0,0,0,0],
[0,0,0,0,0,0,0,0,0,0,0,0,0,0,0,0,0,0,0,0,0,0,0,0,0,0,0,0,0,0,0,0,0,0,0,0,0,0,0,0,0,0,0,0,0,0,0,0,0,0,0,0,0,0,0,0,3.52,3.52,3.52,3.52,3.52,3.52,3.52,3.52,3.52,3.52,3.52,3.52,3.52,3.52,3.52,3.52,3.52,3.52,3.52,3.52,3.52,3.52,3.52,3.52,3.52,3.52,3.52,3.52,3.52,3.52,3.52,3.52,3.52,3.52,3.52,3.52,3.52,3.52,3.52,3.52,3.52,3.52,3.52,3.52,3.52,3.52,3.52,3.52,3.52,3.52,3.52,3.52,3.52,3.52,3.52,3.52,3.52,3.52,3.52,0,0,0,0,0,0,0,0,0,0,0,0,0,0,0,0,0,0,0,0,0,0,0,0,0,0,0,0,0,0,0,0,0,0,0,0,0,0,0,0,0,0,0,0,0,0,0,0,0,0,0,0,0,0,0,0,0,0,0,0,0,0,0,0,0],
[0,0,0,0,0,0,0,0,0,0,0,0,0,0,0,0,0,0,0,0,0,0,0,0,0,0,0,0,0,0,0,0,0,0,0,0,0,0,0,0,0,0,0,0,0,0,0,0,0,0,0,0,0,0,0,0,3.52,3.52,3.52,3.52,3.52,3.52,3.52,3.52,3.52,3.52,3.52,3.52,3.52,3.52,3.52,3.52,3.52,3.52,3.52,3.52,3.52,3.52,3.52,3.52,3.52,3.52,3.52,3.52,3.52,3.52,3.52,3.52,3.52,3.52,3.52,3.52,3.52,3.52,3.52,3.52,3.52,3.52,3.52,3.52,3.52,3.52,3.52,3.52,3.52,3.52,3.52,3.52,3.52,3.52,3.52,3.52,3.52,3.52,3.52,0,0,0,0,0,0,0,0,0,0,0,0,0,0,0,0,0,0,0,0,0,0,0,0,0,0,0,0,0,0,0,0,0,0,0,0,0,0,0,0,0,0,0,0,0,0,0,0,0,0,0,0,0,0,0,0,0,0,0,0,0,0,0,0,0],
[0,0,0,0,0,0,0,0,0,0,0,0,0,0,0,0,0,0,0,0,0,0,0,0,0,0,0,0,0,0,0,0,0,0,0,0,0,0,0,0,0,0,0,0,0,0,0,0,0,0,0,0,0,0,0,0,3.52,3.52,3.52,3.52,3.52,3.52,3.52,3.52,3.52,3.52,3.52,3.52,3.52,3.52,3.52,3.52,3.52,3.52,3.52,3.52,3.52,3.52,3.52,3.52,3.52,3.52,3.52,3.52,3.52,3.52,3.52,3.52,3.52,3.52,3.52,3.52,3.52,3.52,3.52,3.52,3.52,3.52,3.52,3.52,3.52,3.52,3.52,3.52,3.52,3.52,3.52,3.52,3.52,3.52,3.52,3.52,3.52,3.52,3.52,0,0,0,0,0,0,0,0,0,0,0,0,0,0,0,0,0,0,0,0,0,0,0,0,0,0,0,0,0,0,0,0,0,0,0,0,0,0,0,0,0,0,0,0,0,0,0,0,0,0,0,0,0,0,0,0,0,0,0,0,0,0,0,0,0],
[0,0,0,0,0,0,0,0,0,0,0,0,0,0,0,0,0,0,0,0,0,0,0,0,0,0,0,0,0,0,0,0,0,0,0,0,0,0,0,0,0,0,0,0,0,0,0,0,0,0,0,0,0,0,0,0,3.52,3.52,3.52,3.52,3.52,3.52,3.52,3.52,3.52,3.52,3.52,3.52,3.52,3.52,3.52,3.52,3.52,3.52,3.52,3.52,3.52,3.52,3.52,3.52,3.52,3.52,3.52,3.52,3.52,3.52,3.52,3.52,3.52,3.52,3.52,3.52,3.52,3.52,3.52,3.52,3.52,3.52,3.52,3.52,3.52,3.52,3.52,3.52,3.52,3.52,3.52,3.52,3.52,3.52,3.52,3.52,3.52,3.52,3.52,0,0,0,0,0,0,0,0,0,0,0,0,0,0,0,0,0,0,0,0,0,0,0,0,0,0,0,0,0,0,0,0,0,0,0,0,0,0,0,0,0,0,0,0,0,0,0,0,0,0,0,0,0,0,0,0,0,0,0,0,0,0,0,0,0],
[0,0,0,0,0,0,0,0,0,0,0,0,0,0,0,0,0,0,0,0,0,0,0,0,0,0,0,0,0,0,0,0,0,0,0,0,0,0,0,0,0,0,0,0,0,0,0,0,0,0,0,0,0,0,0,0,3.52,3.52,3.52,3.52,3.52,3.52,3.52,3.52,3.52,3.52,3.52,3.52,3.52,3.52,3.52,3.52,3.52,3.52,3.52,3.52,3.52,3.52,3.52,3.52,3.52,3.52,3.52,3.52,3.52,3.52,3.52,3.52,3.52,3.52,3.52,3.52,3.52,3.52,3.52,3.52,3.52,3.52,3.52,3.52,3.52,3.52,3.52,3.52,3.52,3.52,3.52,3.52,3.52,3.52,3.52,3.52,3.52,3.52,3.52,0,0,0,0,0,0,0,0,0,0,0,0,0,0,0,0,0,0,0,0,0,0,0,0,0,0,0,0,0,0,0,0,0,0,0,0,0,0,0,0,0,0,0,0,0,0,0,0,0,0,0,0,0,0,0,0,0,0,0,0,0,0,0,0,0],
[0,0,0,0,0,0,0,0,0,0,0,0,0,0,0,0,0,0,0,0,0,0,0,0,0,0,0,0,0,0,0,0,0,0,0,0,0,0,0,0,0,0,0,0,0,0,0,0,0,0,0,0,0,0,0,0,3.52,3.52,3.52,3.52,3.52,3.52,3.52,3.52,3.52,3.52,3.52,3.52,3.52,3.52,3.52,3.52,3.52,3.52,3.52,3.52,3.52,3.52,3.52,3.52,3.52,3.52,3.52,3.52,3.52,3.52,3.52,3.52,3.52,3.52,3.52,3.52,3.52,3.52,3.52,3.52,3.52,3.52,3.52,3.52,3.52,3.52,3.52,3.52,3.52,3.52,3.52,3.52,3.52,3.52,3.52,3.52,3.52,3.52,3.52,0,0,0,0,0,0,0,0,0,0,0,0,0,0,0,0,0,0,0,0,0,0,0,0,0,0,0,0,0,0,0,0,0,0,0,0,0,0,0,0,0,0,0,0,0,0,0,0,0,0,0,0,0,0,0,0,0,0,0,0,0,0,0,0,0],
[0,0,0,0,0,0,0,0,0,0,0,0,0,0,0,0,0,0,0,0,0,0,0,0,0,0,0,0,0,0,0,0,0,0,0,0,0,0,0,0,0,0,0,0,0,0,0,0,0,0,0,0,0,0,0,0,3.52,3.52,3.52,3.52,3.52,3.52,3.52,3.52,3.52,3.52,3.52,3.52,3.52,3.52,3.52,3.52,3.52,3.52,3.52,3.52,3.52,3.52,3.52,3.52,3.52,3.52,3.52,3.52,3.52,3.52,3.52,3.52,3.52,3.52,3.52,3.52,3.52,3.52,3.52,3.52,3.52,3.52,3.52,3.52,3.52,3.52,3.52,3.52,3.52,3.52,3.52,3.52,3.52,3.52,3.52,3.52,3.52,3.52,3.52,0,0,0,0,0,0,0,0,0,0,0,0,0,0,0,0,0,0,0,0,0,0,0,0,0,0,0,0,0,0,0,0,0,0,0,0,0,0,0,0,0,0,0,0,0,0,0,0,0,0,0,0,0,0,0,0,0,0,0,0,0,0,0,0,0],
[0,0,0,0,0,0,0,0,0,0,0,0,0,0,0,0,0,0,0,0,0,0,0,0,0,0,0,0,0,0,0,0,0,0,0,0,0,0,0,0,0,0,0,0,0,0,0,0,0,0,0,0,0,0,0,0,0,0,0,0,0,0,3.52,3.52,3.52,3.52,3.52,3.52,3.52,3.52,3.52,3.52,3.52,3.52,3.52,3.52,3.52,3.52,3.52,3.52,3.52,3.52,3.52,3.52,3.52,3.52,3.52,3.52,3.52,3.52,3.52,3.52,3.52,3.52,3.52,3.52,3.52,3.52,3.52,3.52,3.52,3.52,3.52,3.52,3.52,3.52,3.52,3.52,3.52,3.52,3.52,3.52,3.52,3.52,3.52,0,0,0,0,0,0,0,0,0,3.52,3.52,3.52,3.52,3.52,3.52,3.52,3.52,3.52,3.52,3.52,3.52,3.52,3.52,3.52,3.52,3.52,3.52,3.52,3.52,0,0,0,0,0,0,0,0,0,0,0,0,0,0,0,0,0,0,0,0,0,0,0,0,0,0,0,0,0,0,0,0,0,0,0,0],
[0,0,0,0,0,0,0,0,0,0,0,0,0,0,0,0,0,0,0,0,0,0,0,0,0,0,0,0,0,0,0,0,0,0,0,0,0,0,0,0,0,0,0,0,0,0,0,0,0,0,0,0,0,0,0,0,0,0,0,0,0,0,0,3.52,3.52,3.52,3.52,3.52,3.52,3.52,3.52,3.52,3.52,3.52,3.52,3.52,3.52,3.52,3.52,3.52,3.52,3.52,3.52,3.52,3.52,3.52,3.52,3.52,3.52,3.52,3.52,3.52,3.52,3.52,3.52,3.52,3.52,3.52,3.52,3.52,3.52,3.52,3.52,3.52,3.52,3.52,3.52,3.52,3.52,3.52,3.52,3.52,3.52,3.52,3.52,0,0,0,0,0,0,0,0,3.52,3.52,3.52,3.52,3.52,3.52,3.52,3.52,3.52,3.52,3.52,3.52,3.52,3.52,3.52,3.52,3.52,3.52,3.52,3.52,3.52,3.52,0,0,0,0,0,0,0,0,0,0,0,0,0,0,0,0,0,0,0,0,0,0,0,0,0,0,0,0,0,0,0,0,0,0,0],
[0,0,0,0,0,0,0,0,0,0,0,0,0,0,0,0,0,0,0,0,0,0,0,0,0,0,0,0,0,0,0,0,0,0,0,0,0,0,0,0,0,0,0,0,0,0,0,0,0,0,0,0,0,0,0,0,0,0,0,0,0,0,0,3.52,3.52,3.52,3.52,3.52,3.52,3.52,3.52,3.52,3.52,3.52,3.52,3.52,3.52,3.52,3.52,3.52,3.52,3.52,3.52,3.52,3.52,3.52,3.52,3.52,3.52,3.52,3.52,3.52,3.52,3.52,3.52,3.52,3.52,3.52,3.52,3.52,3.52,3.52,3.52,3.52,3.52,3.52,3.52,3.52,3.52,3.52,3.52,3.52,3.52,3.52,3.52,0,0,0,0,0,0,0,0,3.52,3.52,3.52,3.52,3.52,3.52,3.52,3.52,3.52,3.52,3.52,3.52,3.52,3.52,3.52,3.52,3.52,3.52,3.52,3.52,3.52,3.52,0,0,0,0,0,0,0,0,0,0,0,0,0,0,0,0,0,0,0,0,0,0,0,0,0,0,0,0,0,0,0,0,0,0,0],
[0,0,0,0,0,0,0,0,0,0,0,0,0,0,0,0,0,0,0,0,0,0,0,0,0,0,0,0,0,0,0,0,0,0,0,0,0,0,0,0,0,0,0,0,0,0,0,0,0,0,0,0,0,0,0,0,0,0,0,0,0,0,3.52,3.52,3.52,3.52,3.52,3.52,3.52,3.52,3.52,3.52,3.52,3.52,3.52,3.52,3.52,3.52,3.52,3.52,3.52,3.52,3.52,3.52,3.52,3.52,3.52,3.52,3.52,3.52,3.52,3.52,3.52,3.52,3.52,3.52,3.52,3.52,3.52,3.52,3.52,3.52,3.52,3.52,3.52,3.52,3.52,3.52,3.52,3.52,3.52,3.52,3.52,3.52,3.52,0,0,0,0,0,0,0,0,3.52,3.52,3.52,3.52,3.52,3.52,3.52,3.52,3.52,3.52,3.52,3.52,3.52,3.52,3.52,3.52,3.52,3.52,3.52,3.52,3.52,3.52,0,0,0,0,0,0,0,0,0,0,0,0,0,0,0,0,0,0,0,0,0,0,0,0,0,0,0,0,0,0,0,0,0,0,0],
[0,0,0,0,0,0,0,0,0,0,0,0,0,0,0,0,0,0,0,0,0,0,0,0,0,0,0,0,0,0,0,0,0,0,0,0,0,0,0,0,0,0,0,0,0,0,0,0,0,0,0,0,0,0,0,0,0,0,0,0,0,3.52,3.52,3.52,3.52,3.52,3.52,3.52,3.52,3.52,3.52,3.52,3.52,3.52,3.52,3.52,3.52,3.52,3.52,3.52,3.52,3.52,3.52,3.52,3.52,3.52,3.52,3.52,3.52,3.52,3.52,3.52,3.52,3.52,3.52,3.52,3.52,3.52,3.52,3.52,3.52,3.52,3.52,3.52,3.52,3.52,3.52,3.52,3.52,3.52,3.52,3.52,3.52,3.52,3.52,0,0,0,0,0,0,0,0,3.52,3.52,3.52,3.52,3.52,3.52,3.52,3.52,3.52,3.52,3.52,3.52,3.52,3.52,3.52,3.52,3.52,3.52,3.52,3.52,3.52,3.52,0,0,0,0,0,0,0,0,0,0,0,0,0,0,0,0,0,0,0,0,0,0,0,0,0,0,0,0,0,0,0,0,0,0,0],
[0,0,0,0,0,0,0,0,13.02,13.02,13.02,13.02,13.02,13.02,13.02,13.02,13.02,13.02,13.02,13.02,13.02,13.02,13.02,13.02,13.02,0,0,0,0,0,0,0,0,0,0,0,0,0,0,0,0,0,0,0,0,0,0,0,0,0,0,0,0,0,0,0,0,0,0,3.52,3.52,3.52,3.52,3.52,3.52,3.52,3.52,3.52,3.52,3.52,3.52,3.52,3.52,3.52,3.52,3.52,3.52,3.52,3.52,3.52,3.52,3.52,3.52,3.52,3.52,3.52,3.52,3.52,3.52,3.52,3.52,3.52,3.52,3.52,3.52,3.52,3.52,3.52,3.52,3.52,3.52,3.52,3.52,3.52,3.52,3.52,3.52,3.52,3.52,3.52,3.52,3.52,3.52,3.52,3.52,0,0,0,0,0,0,0,0,3.52,3.52,3.52,3.52,3.52,3.52,3.52,3.52,3.52,3.52,3.52,3.52,3.52,3.52,3.52,3.52,3.52,3.52,3.52,3.52,3.52,3.52,0,0,0,0,0,0,0,0,0,0,0,0,0,0,0,0,0,0,0,0,0,0,0,0,0,0,0,0,0,0,0,0,0,0,0],
[0,0,0,0,0,0,0,0,13.02,13.02,13.02,13.02,13.02,13.02,13.02,13.02,13.02,13.02,13.02,13.02,13.02,13.02,13.02,13.02,13.02,13.02,0,0,0,0,0,0,0,0,0,0,0,0,0,0,0,0,0,0,0,0,0,0,0,0,0,0,0,0,0,0,0,0,0,3.52,3.52,3.52,3.52,3.52,3.52,3.52,3.52,3.52,3.52,3.52,3.52,3.52,3.52,3.52,3.52,3.52,3.52,3.52,3.52,3.52,3.52,3.52,3.52,3.52,3.52,3.52,3.52,3.52,3.52,3.52,3.52,3.52,3.52,3.52,3.52,3.52,3.52,3.52,3.52,3.52,3.52,3.52,3.52,3.52,3.52,3.52,3.52,3.52,3.52,3.52,3.52,3.52,3.52,3.52,3.52,0,0,0,0,0,0,0,0,3.52,3.52,3.52,3.52,3.52,3.52,3.52,3.52,3.52,3.52,3.52,3.52,3.52,3.52,3.52,3.52,3.52,3.52,3.52,3.52,3.52,3.52,0,0,0,0,0,0,0,0,0,0,0,0,0,0,0,0,0,0,0,0,0,0,0,0,0,0,0,0,0,0,0,0,0,0,0],
[0,0,0,0,0,0,0,0,13.02,13.02,13.02,13.02,13.02,13.02,13.02,13.02,13.02,13.02,13.02,13.02,13.02,13.02,13.02,13.02,13.02,13.02,0,0,0,0,0,0,0,0,0,0,0,0,0,0,0,0,0,0,0,0,0,0,0,0,0,0,0,0,0,0,0,0,0,3.52,3.52,3.52,3.52,3.52,3.52,3.52,3.52,3.52,3.52,3.52,3.52,3.52,3.52,3.52,3.52,3.52,3.52,3.52,3.52,3.52,3.52,3.52,3.52,3.52,3.52,3.52,3.52,3.52,3.52,3.52,3.52,3.52,3.52,3.52,3.52,3.52,3.52,3.52,3.52,3.52,3.52,3.52,3.52,3.52,3.52,3.52,3.52,3.52,3.52,3.52,3.52,3.52,3.52,3.52,3.52,0,0,0,0,0,0,0,0,3.52,3.52,3.52,3.52,3.52,3.52,3.52,3.52,3.52,3.52,3.52,3.52,3.52,3.52,3.52,3.52,3.52,3.52,3.52,3.52,3.52,3.52,0,0,0,0,0,0,0,0,0,0,0,0,0,0,0,0,0,0,0,0,0,0,0,0,0,0,0,0,0,0,0,0,0,0,0],
[0,0,0,0,0,0,0,0,13.02,13.02,13.02,13.02,13.02,13.02,13.02,13.02,13.02,13.02,13.02,13.02,13.02,13.02,13.02,13.02,13.02,13.02,0,0,0,0,0,0,0,0,0,0,0,0,0,0,0,0,0,0,0,0,0,0,0,0,0,0,0,0,0,0,0,0,0,3.52,3.52,3.52,3.52,3.52,3.52,3.52,3.52,3.52,3.52,3.52,3.52,3.52,3.52,3.52,3.52,3.52,3.52,3.52,3.52,3.52,3.52,3.52,3.52,3.52,3.52,3.52,3.52,3.52,3.52,3.52,3.52,3.52,3.52,3.52,3.52,3.52,3.52,3.52,3.52,3.52,3.52,3.52,3.52,3.52,3.52,3.52,3.52,3.52,3.52,3.52,3.52,3.52,3.52,3.52,3.52,0,0,0,0,0,0,0,0,3.52,3.52,3.52,3.52,3.52,3.52,3.52,3.52,3.52,3.52,3.52,3.52,3.52,3.52,3.52,3.52,3.52,3.52,3.52,3.52,3.52,3.52,0,0,0,0,0,0,0,0,0,0,0,0,0,0,0,0,0,0,0,0,0,0,0,0,0,0,0,0,0,0,0,0,0,0,0],
[0,0,0,0,0,0,0,0,13.02,13.02,13.02,13.02,13.02,13.02,13.02,13.02,13.02,13.02,13.02,13.02,13.02,13.02,13.02,13.02,13.02,13.02,0,0,0,0,0,0,0,0,0,0,0,0,0,0,0,0,0,0,0,0,0,0,0,0,0,0,0,0,0,0,0,0,0,3.52,3.52,3.52,3.52,3.52,3.52,3.52,3.52,3.52,3.52,3.52,3.52,3.52,3.52,3.52,3.52,3.52,3.52,3.52,3.52,3.52,3.52,3.52,3.52,3.52,3.52,3.52,3.52,3.52,3.52,3.52,3.52,3.52,3.52,3.52,3.52,3.52,3.52,3.52,3.52,3.52,3.52,3.52,3.52,3.52,3.52,3.52,3.52,3.52,3.52,3.52,3.52,3.52,3.52,3.52,3.52,0,0,0,0,0,0,0,0,3.52,3.52,3.52,3.52,3.52,3.52,3.52,3.52,3.52,3.52,3.52,3.52,3.52,3.52,3.52,3.52,3.52,3.52,3.52,3.52,3.52,3.52,0,0,0,0,0,0,0,0,0,0,0,0,0,0,0,0,0,0,0,0,0,0,0,0,0,0,0,0,0,0,0,0,0,0,0],
[0,0,0,0,0,0,0,0,13.02,13.02,13.02,13.02,13.02,13.02,13.02,13.02,13.02,13.02,13.02,13.02,13.02,13.02,13.02,13.02,13.02,13.02,0,0,0,0,0,0,0,0,0,0,0,0,0,0,0,0,0,0,0,0,0,0,0,0,0,0,0,0,0,0,0,0,0,3.52,3.52,3.52,3.52,3.52,3.52,3.52,3.52,3.52,3.52,3.52,3.52,3.52,3.52,3.52,3.52,3.52,3.52,3.52,3.52,3.52,3.52,3.52,3.52,3.52,3.52,3.52,3.52,3.52,3.52,3.52,3.52,3.52,3.52,3.52,3.52,3.52,3.52,3.52,3.52,3.52,3.52,3.52,3.52,3.52,3.52,3.52,3.52,3.52,3.52,3.52,3.52,3.52,3.52,3.52,3.52,0,0,0,0,0,0,0,0,3.52,3.52,3.52,3.52,3.52,3.52,3.52,3.52,3.52,3.52,3.52,3.52,3.52,3.52,3.52,3.52,3.52,3.52,3.52,3.52,3.52,3.52,0,0,0,0,0,0,0,0,0,0,0,0,0,0,0,0,0,0,0,0,0,0,0,0,0,0,0,0,0,0,0,0,0,0,0],
[0,0,0,0,0,0,0,0,13.02,13.02,13.02,13.02,13.02,13.02,13.02,13.02,13.02,13.02,13.02,13.02,13.02,13.02,13.02,13.02,13.02,13.02,0,0,0,0,0,0,0,0,0,0,0,0,0,0,0,0,0,0,0,0,0,0,0,0,0,0,0,0,0,0,0,0,0,3.52,3.52,3.52,3.52,3.52,3.52,3.52,3.52,3.52,3.52,3.52,3.52,3.52,3.52,3.52,3.52,3.52,3.52,3.52,3.52,3.52,3.52,3.52,3.52,3.52,3.52,3.52,3.52,3.52,3.52,3.52,3.52,3.52,3.52,3.52,3.52,3.52,3.52,3.52,3.52,3.52,3.52,3.52,3.52,3.52,3.52,3.52,3.52,3.52,3.52,3.52,3.52,3.52,3.52,3.52,3.52,0,0,0,0,0,0,0,0,3.52,3.52,3.52,3.52,3.52,3.52,3.52,3.52,3.52,3.52,3.52,3.52,3.52,3.52,3.52,3.52,3.52,3.52,3.52,3.52,3.52,3.52,0,0,0,0,0,0,0,0,0,0,0,0,0,0,0,0,0,0,0,0,0,0,0,0,0,0,0,0,0,0,0,0,0,0,0],
[0,0,0,0,0,0,13.02,13.02,13.02,13.02,13.02,13.02,13.02,13.02,13.02,13.02,13.02,13.02,13.02,13.02,13.02,13.02,13.02,13.02,13.02,13.02,0,0,0,0,0,0,0,0,0,0,0,0,0,0,0,0,0,0,0,0,0,0,0,0,0,0,0,0,0,0,0,0,0,3.52,3.52,3.52,3.52,3.52,3.52,3.52,3.52,3.52,3.52,3.52,3.52,3.52,3.52,3.52,3.52,3.52,3.52,3.52,3.52,3.52,3.52,3.52,3.52,3.52,3.52,3.52,3.52,3.52,3.52,3.52,3.52,3.52,3.52,3.52,3.52,3.52,3.52,3.52,3.52,3.52,3.52,3.52,3.52,3.52,3.52,3.52,3.52,3.52,3.52,3.52,3.52,3.52,3.52,3.52,3.52,0,0,0,0,0,0,0,0,3.52,3.52,3.52,3.52,3.52,3.52,3.52,3.52,3.52,3.52,3.52,3.52,3.52,3.52,3.52,3.52,3.52,3.52,3.52,3.52,3.52,3.52,0,0,0,0,0,0,0,0,0,0,0,0,0,0,0,0,0,0,0,0,0,0,0,0,0,0,0,0,0,0,0,0,0,0,0],
[0,0,0,0,0,0,13.02,13.02,13.02,13.02,13.02,13.02,13.02,13.02,13.02,13.02,13.02,13.02,13.02,13.02,13.02,13.02,13.02,13.02,13.02,13.02,0,0,0,0,0,0,0,0,0,0,0,0,0,0,0,0,0,0,0,0,0,0,0,0,0,0,0,0,0,0,0,0,0,3.52,3.52,3.52,3.52,3.52,3.52,3.52,3.52,3.52,3.52,3.52,3.52,3.52,3.52,3.52,3.52,3.52,3.52,3.52,3.52,3.52,3.52,3.52,3.52,3.52,3.52,3.52,3.52,3.52,3.52,3.52,3.52,3.52,3.52,3.52,3.52,3.52,3.52,3.52,3.52,3.52,3.52,3.52,3.52,3.52,3.52,3.52,3.52,3.52,3.52,3.52,3.52,3.52,3.52,3.52,3.52,0,0,0,0,0,0,0,0,3.52,3.52,3.52,3.52,3.52,3.52,3.52,3.52,3.52,3.52,3.52,3.52,3.52,3.52,3.52,3.52,3.52,3.52,3.52,3.52,3.52,3.52,0,0,0,0,0,0,0,0,0,0,0,0,0,0,3.52,3.52,3.52,3.52,3.52,3.52,3.52,3.52,3.52,3.52,3.52,3.52,3.52,3.52,3.52,3.52,3.52,3.52,3.52,3.52,3.52],
[13.02,13.02,13.02,13.02,13.02,0,13.02,13.02,13.02,13.02,13.02,13.02,13.02,13.02,13.02,13.02,13.02,13.02,13.02,13.02,13.02,13.02,13.02,13.02,13.02,13.02,0,0,0,0,0,0,0,0,0,0,0,0,0,0,0,0,0,0,0,0,0,0,0,0,0,0,0,0,0,0,0,0,0,3.52,3.52,3.52,3.52,3.52,3.52,3.52,3.52,3.52,3.52,3.52,3.52,3.52,3.52,3.52,3.52,3.52,3.52,3.52,3.52,3.52,3.52,3.52,3.52,3.52,3.52,3.52,3.52,3.52,3.52,3.52,3.52,3.52,3.52,3.52,3.52,3.52,3.52,3.52,3.52,3.52,3.52,3.52,3.52,3.52,3.52,3.52,3.52,3.52,3.52,3.52,3.52,3.52,3.52,3.52,3.52,0,0,0,0,0,0,0,0,3.52,3.52,3.52,3.52,3.52,3.52,3.52,3.52,3.52,3.52,3.52,3.52,3.52,3.52,3.52,3.52,3.52,3.52,3.52,3.52,3.52,3.52,0,0,0,0,0,0,0,0,0,0,0,0,0,0,3.52,3.52,3.52,3.52,3.52,3.52,3.52,3.52,3.52,3.52,3.52,3.52,3.52,3.52,3.52,3.52,3.52,3.52,3.52,3.52,3.52],
[13.02,13.02,13.02,13.02,13.02,13.02,13.02,13.02,13.02,13.02,13.02,13.02,13.02,13.02,13.02,13.02,13.02,13.02,13.02,13.02,13.02,13.02,13.02,13.02,13.02,13.02,0,0,0,0,0,0,0,0,0,0,0,0,0,0,0,0,0,0,0,0,0,0,0,0,0,0,0,0,0,0,0,0,0,3.52,3.52,3.52,3.52,3.52,3.52,3.52,3.52,3.52,3.52,3.52,3.52,3.52,3.52,3.52,3.52,3.52,3.52,3.52,3.52,3.52,3.52,3.52,3.52,3.52,3.52,3.52,3.52,3.52,3.52,3.52,3.52,3.52,3.52,3.52,3.52,3.52,3.52,3.52,3.52,3.52,3.52,3.52,3.52,3.52,3.52,3.52,3.52,3.52,3.52,3.52,3.52,3.52,3.52,3.52,3.52,0,0,0,0,0,0,0,0,0,3.52,3.52,3.52,3.52,3.52,3.52,3.52,3.52,3.52,3.52,3.52,3.52,3.52,3.52,3.52,3.52,3.52,3.52,3.52,3.52,3.52,0,0,0,0,0,0,0,0,0,0,0,0,0,0,3.52,3.52,3.52,3.52,3.52,3.52,3.52,3.52,3.52,3.52,3.52,3.52,3.52,3.52,3.52,3.52,3.52,3.52,3.52,3.52,3.52],
[13.02,13.02,13.02,13.02,13.02,13.02,13.02,13.02,13.02,13.02,13.02,13.02,13.02,13.02,13.02,13.02,13.02,13.02,13.02,13.02,13.02,13.02,13.02,13.02,13.02,13.02,0,0,0,0,0,0,0,0,0,0,0,0,0,0,0,0,0,0,0,0,0,0,0,0,0,0,0,0,0,0,0,0,0,3.52,3.52,3.52,3.52,3.52,3.52,3.52,3.52,3.52,3.52,3.52,3.52,3.52,3.52,3.52,3.52,3.52,3.52,3.52,3.52,3.52,3.52,3.52,3.52,3.52,3.52,3.52,3.52,3.52,3.52,3.52,3.52,3.52,3.52,3.52,3.52,3.52,3.52,3.52,3.52,3.52,3.52,3.52,3.52,3.52,3.52,3.52,3.52,3.52,3.52,3.52,3.52,3.52,3.52,3.52,3.52,0,0,0,0,0,0,0,0,0,0,0,0,3.52,3.52,3.52,3.52,3.52,3.52,3.52,3.52,3.52,3.52,3.52,3.52,3.52,3.52,3.52,3.52,3.52,3.52,0,0,0,0,0,0,0,0,0,0,0,0,0,0,3.52,3.52,3.52,3.52,3.52,3.52,3.52,3.52,3.52,3.52,3.52,3.52,3.52,3.52,3.52,3.52,3.52,3.52,3.52,3.52,3.52],
[13.02,13.02,13.02,13.02,13.02,13.02,13.02,13.02,13.02,13.02,13.02,13.02,13.02,13.02,13.02,13.02,13.02,13.02,13.02,13.02,13.02,13.02,13.02,13.02,13.02,13.02,0,0,0,0,0,0,0,0,0,0,0,0,0,0,0,0,0,0,0,0,0,0,0,0,0,0,0,0,0,0,0,0,0,3.52,3.52,3.52,3.52,3.52,3.52,3.52,3.52,3.52,3.52,3.52,3.52,3.52,3.52,3.52,3.52,3.52,3.52,3.52,3.52,3.52,3.52,3.52,3.52,3.52,3.52,3.52,3.52,3.52,3.52,3.52,3.52,3.52,3.52,3.52,3.52,3.52,3.52,3.52,3.52,3.52,3.52,3.52,3.52,3.52,3.52,3.52,3.52,3.52,3.52,3.52,3.52,3.52,3.52,3.52,3.52,0,0,0,0,0,0,0,0,0,0,0,0,0,3.52,3.52,3.52,3.52,3.52,3.52,3.52,3.52,3.52,3.52,3.52,3.52,3.52,3.52,3.52,3.52,3.52,0,0,0,0,0,0,0,0,0,0,0,0,0,0,3.52,3.52,3.52,3.52,3.52,3.52,3.52,3.52,3.52,3.52,3.52,3.52,3.52,3.52,3.52,3.52,3.52,3.52,3.52,3.52,3.52],
[13.02,13.02,13.02,13.02,13.02,13.02,13.02,13.02,13.02,13.02,13.02,13.02,13.02,13.02,13.02,13.02,13.02,13.02,13.02,13.02,13.02,13.02,13.02,13.02,13.02,13.02,0,0,0,0,0,0,0,0,0,0,0,0,0,0,0,0,0,0,0,0,0,0,0,0,0,0,0,0,0,0,0,0,0,0,0,0,3.52,3.52,3.52,3.52,3.52,3.52,3.52,3.52,3.52,3.52,3.52,3.52,3.52,3.52,3.52,3.52,3.52,3.52,3.52,3.52,3.52,3.52,3.52,3.52,3.52,3.52,3.52,3.52,3.52,3.52,3.52,3.52,3.52,3.52,3.52,3.52,3.52,3.52,3.52,3.52,3.52,3.52,3.52,3.52,3.52,3.52,3.52,3.52,3.52,3.52,3.52,3.52,3.52,0,0,0,0,0,0,0,0,0,0,0,0,0,3.52,3.52,3.52,3.52,3.52,3.52,3.52,3.52,3.52,3.52,3.52,3.52,3.52,3.52,3.52,3.52,3.52,0,0,0,0,0,0,0,0,0,0,0,0,0,0,3.52,3.52,3.52,3.52,3.52,3.52,3.52,3.52,3.52,3.52,3.52,3.52,3.52,3.52,3.52,3.52,3.52,3.52,3.52,3.52,3.52],
[13.02,13.02,13.02,13.02,13.02,13.02,13.02,13.02,13.02,13.02,13.02,13.02,13.02,13.02,13.02,13.02,13.02,13.02,13.02,13.02,13.02,13.02,13.02,13.02,13.02,13.02,0,0,0,0,0,0,0,0,0,0,0,0,0,0,0,0,0,0,0,0,0,0,0,0,0,0,0,0,0,0,0,0,0,0,0,0,0,3.52,3.52,3.52,3.52,3.52,3.52,3.52,3.52,3.52,3.52,3.52,3.52,3.52,3.52,3.52,3.52,3.52,3.52,3.52,3.52,3.52,3.52,3.52,3.52,3.52,3.52,3.52,3.52,3.52,3.52,3.52,3.52,3.52,3.52,3.52,3.52,3.52,3.52,3.52,3.52,3.52,3.52,3.52,3.52,3.52,3.52,3.52,3.52,3.52,3.52,3.52,3.52,0,0,0,0,0,0,0,0,0,0,0,3.52,3.52,3.52,3.52,3.52,3.52,3.52,3.52,3.52,3.52,3.52,3.52,3.52,3.52,3.52,3.52,3.52,3.52,3.52,0,0,0,0,0,0,0,0,0,0,0,0,0,0,3.52,3.52,3.52,3.52,3.52,3.52,3.52,3.52,3.52,3.52,3.52,3.52,3.52,3.52,3.52,3.52,3.52,3.52,3.52,3.52,3.52],
[13.02,13.02,13.02,13.02,13.02,13.02,13.02,13.02,13.02,13.02,13.02,13.02,13.02,13.02,13.02,13.02,13.02,13.02,13.02,13.02,13.02,13.02,13.02,13.02,13.02,13.02,0,0,0,0,0,0,0,0,0,0,0,0,0,0,0,0,0,0,0,0,0,0,0,0,0,0,0,0,0,0,0,0,0,0,0,0,0,3.52,3.52,3.52,3.52,3.52,0,0,3.52,3.52,3.52,3.52,3.52,3.52,3.52,3.52,3.52,3.52,3.52,3.52,3.52,3.52,3.52,3.52,3.52,3.52,3.52,3.52,3.52,3.52,3.52,3.52,3.52,3.52,3.52,3.52,3.52,3.52,3.52,3.52,3.52,3.52,3.52,3.52,3.52,3.52,3.52,3.52,3.52,3.52,3.52,3.52,3.52,0,0,0,0,0,0,3.52,3.52,3.52,3.52,3.52,3.52,3.52,3.52,3.52,3.52,3.52,3.52,3.52,3.52,3.52,3.52,3.52,3.52,3.52,3.52,3.52,3.52,3.52,3.52,3.52,3.52,3.52,3.52,3.52,3.52,3.52,3.52,3.52,3.52,3.52,3.52,3.52,3.52,3.52,3.52,3.52,3.52,3.52,3.52,3.52,3.52,3.52,3.52,3.52,3.52,3.52,3.52,3.52,3.52,3.52,3.52,3.52,3.52,3.52],
[13.02,13.02,13.02,13.02,13.02,13.02,13.02,13.02,13.02,13.02,13.02,13.02,13.02,13.02,13.02,13.02,13.02,13.02,13.02,13.02,13.02,13.02,13.02,13.02,13.02,13.02,0,0,0,0,0,0,0,0,0,0,0,0,0,0,0,0,0,0,0,0,0,0,0,0,0,0,0,0,0,0,0,0,0,0,0,0,0,3.52,3.52,3.52,3.52,3.52,0,0,3.52,3.52,3.52,3.52,3.52,3.52,3.52,3.52,3.52,3.52,3.52,3.52,3.52,3.52,3.52,3.52,3.52,3.52,3.52,3.52,3.52,3.52,3.52,3.52,3.52,3.52,3.52,3.52,3.52,3.52,3.52,3.52,3.52,3.52,3.52,3.52,3.52,3.52,3.52,3.52,3.52,3.52,3.52,3.52,3.52,0,0,0,0,0,0,3.52,3.52,3.52,3.52,3.52,3.52,3.52,3.52,3.52,3.52,3.52,3.52,3.52,3.52,3.52,3.52,3.52,3.52,3.52,3.52,3.52,3.52,3.52,3.52,3.52,3.52,3.52,3.52,3.52,3.52,3.52,3.52,3.52,3.52,3.52,3.52,3.52,3.52,3.52,3.52,3.52,3.52,3.52,3.52,3.52,3.52,3.52,3.52,3.52,3.52,3.52,3.52,3.52,3.52,3.52,3.52,3.52,3.52,3.52],
[13.02,13.02,13.02,13.02,13.02,13.02,13.02,13.02,13.02,13.02,13.02,13.02,13.02,13.02,13.02,13.02,13.02,13.02,13.02,13.02,13.02,13.02,13.02,13.02,13.02,13.02,0,0,0,0,0,0,0,0,0,0,0,0,0,0,0,8.35,8.35,8.35,8.35,8.35,8.35,8.35,8.35,8.35,8.35,8.35,8.35,8.35,0,0,0,0,0,0,0,0,0,0,0,0,0,0,0,0,3.52,3.52,3.52,3.52,3.52,3.52,3.52,3.52,3.52,3.52,3.52,3.52,3.52,3.52,3.52,3.52,3.52,3.52,3.52,3.52,3.52,3.52,3.52,3.52,3.52,3.52,3.52,3.52,3.52,3.52,3.52,3.52,3.52,3.52,3.52,3.52,3.52,3.52,3.52,3.52,3.52,3.52,3.52,3.52,3.52,0,0,0,0,0,0,3.52,3.52,3.52,3.52,3.52,3.52,3.52,3.52,3.52,3.52,3.52,3.52,3.52,3.52,3.52,3.52,3.52,3.52,3.52,3.52,3.52,3.52,3.52,3.52,3.52,3.52,3.52,3.52,3.52,3.52,3.52,3.52,3.52,3.52,3.52,3.52,3.52,3.52,3.52,3.52,3.52,3.52,3.52,3.52,3.52,3.52,3.52,3.52,3.52,3.52,3.52,3.52,3.52,3.52,3.52,3.52,3.52,3.52,3.52],
[13.02,13.02,13.02,13.02,13.02,13.02,13.02,13.02,13.02,13.02,13.02,13.02,13.02,13.02,13.02,13.02,13.02,13.02,13.02,13.02,13.02,13.02,13.02,13.02,13.02,13.01,12.96,12.78,12.43,12.09,11.74,11.39,11.04,10.70,10.35,10.00,9.65,9.31,8.96,8.63,8.41,8.35,8.35,8.35,8.35,8.35,8.35,8.35,8.35,8.35,8.35,8.35,8.35,8.35,8.35,8.35,8.05,7.71,7.38,7.04,6.71,6.37,6.04,5.70,5.37,5.03,4.69,4.36,4.02,3.69,3.52,3.52,3.52,3.52,3.52,3.52,3.52,3.52,3.52,3.52,3.52,3.52,3.52,3.52,3.52,3.52,3.52,3.52,3.52,3.52,3.52,3.52,3.52,3.52,3.52,3.52,3.52,3.52,3.52,3.52,3.52,3.52,3.52,3.52,3.52,3.52,3.52,3.52,3.52,3.52,3.52,3.52,3.52,3.52,3.52,0,0,0,0,0,0,3.52,3.52,3.52,3.52,3.52,3.52,3.52,3.52,3.52,3.52,3.52,3.52,3.52,3.52,3.52,3.52,3.52,3.52,3.52,3.52,3.52,3.52,3.52,3.52,3.52,3.52,3.52,3.52,3.52,3.52,3.52,3.52,3.52,3.52,3.52,3.52,3.52,3.52,3.52,3.52,3.52,3.52,3.52,3.52,3.52,3.52,3.52,3.52,3.52,3.52,3.52,3.52,3.52,3.52,3.52,3.52,3.52,3.52,3.52],
[13.02,13.02,13.02,13.02,13.02,13.02,13.02,13.02,13.02,13.02,13.02,13.02,13.02,13.02,13.02,13.02,13.02,13.02,13.02,13.02,13.02,13.02,13.02,13.02,13.02,13.01,12.97,12.78,12.42,12.07,11.72,11.38,11.03,10.68,10.33,9.99,9.64,9.29,8.95,8.64,8.42,8.36,8.35,8.35,8.35,8.35,8.35,8.35,8.35,8.35,8.35,8.35,8.35,8.36,8.35,8.35,8.05,7.71,7.38,7.04,6.71,6.37,6.04,5.70,5.37,5.03,4.69,4.36,4.02,3.69,3.53,3.52,3.52,3.52,3.52,3.52,3.52,3.52,3.52,3.52,3.52,3.52,3.52,3.52,3.52,3.52,3.52,3.52,3.52,3.52,3.52,3.52,3.52,3.52,3.52,3.52,3.52,3.52,3.52,3.52,3.52,3.52,3.52,3.52,3.52,3.52,3.52,3.52,3.52,3.52,3.52,3.52,3.52,3.52,3.52,0,0,0,0,0,0,0,0,3.52,3.52,3.52,3.52,3.52,3.52,3.52,3.52,3.52,3.52,3.52,3.52,3.52,3.52,3.52,3.52,3.52,3.52,3.52,3.52,3.52,3.52,3.52,3.52,3.52,3.52,3.52,3.52,3.52,3.52,3.52,3.52,3.52,3.52,3.52,3.52,3.52,3.52,3.52,3.52,3.52,3.52,3.52,3.52,3.52,3.52,3.52,3.52,3.52,3.52,3.52,3.52,3.52,3.52,3.52,3.52,3.52],
[13.02,13.02,13.02,13.02,13.02,13.02,13.02,13.02,13.02,13.02,13.02,13.02,13.02,13.02,13.02,13.02,13.02,13.02,13.02,13.02,13.03,13.03,13.04,13.04,13.04,13.04,13.00,12.77,12.42,12.07,11.71,11.36,11.01,10.66,10.31,9.95,9.60,9.25,8.92,8.64,8.43,8.38,8.36,8.35,8.35,8.35,8.35,8.35,8.35,8.35,8.35,8.35,8.36,8.37,8.32,8.32,8.05,7.71,7.38,7.04,6.71,6.37,6.04,5.70,5.37,5.03,4.70,4.37,4.03,3.70,3.54,3.54,3.54,3.53,3.53,3.52,3.52,3.52,3.52,3.52,3.52,3.52,3.52,3.52,3.52,3.52,3.52,3.52,3.52,3.52,3.52,3.52,3.52,3.52,3.52,3.52,3.52,3.52,3.52,3.52,3.52,3.52,3.52,3.52,3.52,3.52,3.52,3.52,3.52,3.52,3.52,3.52,3.52,3.52,3.52,0,0,0,0,0,0,0,0,3.52,3.52,3.52,3.52,3.52,3.52,3.52,3.52,3.52,3.52,3.52,3.52,3.52,3.52,3.52,3.52,3.52,3.52,3.52,3.52,3.52,3.52,3.52,3.52,3.52,3.52,3.52,3.52,3.52,3.52,3.52,3.52,3.52,3.52,3.52,3.52,3.52,3.52,3.52,3.52,3.52,3.52,3.52,3.52,3.52,3.52,3.52,3.52,3.52,3.52,3.52,3.52,3.52,3.52,3.52,3.52,3.52],
[13.02,13.02,13.02,13.02,13.02,13.02,13.02,13.02,13.02,13.02,13.02,13.02,13.02,13.02,13.02,13.03,13.03,13.03,13.04,13.04,13.05,13.05,13.05,13.06,13.06,13.07,13.01,12.76,12.41,12.06,11.71,11.35,11.00,10.65,10.30,9.96,9.61,9.27,8.93,8.63,8.45,8.39,8.38,8.37,8.36,8.35,8.35,8.35,8.35,8.35,8.35,8.37,8.38,8.39,8.37,8.30,8.05,7.71,7.38,7.04,6.71,6.37,6.04,5.71,5.37,5.04,4.71,4.37,4.04,3.71,3.56,3.56,3.56,3.55,3.55,3.54,3.54,3.54,3.53,3.53,3.52,3.52,3.52,3.52,3.52,3.52,3.52,3.52,3.52,3.52,3.52,3.52,3.52,3.52,3.52,3.52,3.52,3.52,3.52,3.52,3.52,3.52,3.52,3.52,3.52,3.52,3.52,3.52,3.52,3.52,3.52,3.52,3.52,3.52,3.52,3.52,3.52,3.52,3.52,3.52,3.52,3.52,3.52,3.52,3.52,3.52,3.52,3.52,3.52,3.52,3.52,3.52,3.52,3.52,3.52,3.52,3.52,3.52,3.52,3.52,3.52,3.52,3.52,3.52,3.52,3.52,3.52,3.52,3.52,3.52,3.52,3.52,3.52,3.52,3.52,3.52,3.52,3.52,3.52,3.52,3.52,3.52,3.52,3.52,3.52,3.52,3.52,3.52,3.52,3.52,3.52,3.52,3.52,3.52,3.52,3.52,3.52,3.52,3.52,3.52],
[13.02,13.02,13.02,13.02,13.02,13.02,13.02,13.02,13.02,13.02,13.02,13.03,13.03,13.04,13.04,13.04,13.05,13.05,13.06,13.06,13.06,13.07,13.07,13.08,13.08,13.08,12.99,12.75,12.40,12.05,11.70,11.35,11.01,10.67,10.32,9.98,9.64,9.29,8.95,8.63,8.47,8.41,8.40,8.39,8.38,8.36,8.35,8.35,8.35,8.36,8.37,8.38,8.39,8.41,8.42,8.31,8.05,7.72,7.38,7.05,6.72,6.38,6.05,5.71,5.38,5.05,4.71,4.38,4.05,3.71,3.58,3.58,3.57,3.57,3.57,3.56,3.56,3.55,3.55,3.55,3.54,3.54,3.53,3.53,3.53,3.52,3.52,3.52,3.52,3.52,3.52,3.52,3.52,3.52,3.52,3.52,3.52,3.52,3.52,3.52,3.52,3.52,3.52,3.52,3.52,3.52,3.52,3.52,3.52,3.52,3.52,3.52,3.52,3.52,3.52,3.52,3.52,3.52,3.52,3.52,3.52,3.52,3.52,3.52,3.52,3.52,3.52,3.52,3.52,3.52,3.52,3.52,3.52,3.52,3.52,3.52,3.52,3.52,3.52,3.52,3.52,3.52,3.52,3.52,3.52,3.52,3.52,3.52,3.52,3.52,3.52,3.52,3.52,3.52,3.52,3.52,3.52,3.52,3.52,3.52,3.52,3.52,3.52,3.52,3.52,3.52,3.52,3.52,3.52,3.52,3.52,3.52,3.52,3.52,3.52,3.52,3.52,3.52,3.52,3.52],
[13.02,13.02,13.02,13.02,13.02,13.02,13.03,13.03,13.03,13.04,13.04,13.05,13.05,13.05,13.06,13.06,13.07,13.07,13.07,13.08,13.08,13.09,13.09,13.10,13.10,13.10,12.98,12.75,12.40,12.06,11.72,11.37,11.03,10.69,10.35,10.00,9.66,9.32,8.97,8.63,8.49,8.43,8.42,8.41,8.39,8.38,8.37,8.36,8.36,8.37,8.39,8.40,8.41,8.42,8.44,8.30,8.05,7.72,7.39,7.05,6.72,6.39,6.05,5.72,5.39,5.05,4.72,4.39,4.06,3.72,3.60,3.60,3.59,3.59,3.59,3.58,3.58,3.57,3.57,3.57,3.56,3.56,3.55,3.55,3.55,3.54,3.54,3.53,3.53,3.53,3.52,3.52,3.52,3.52,3.52,3.52,3.52,3.52,3.52,3.52,3.52,3.52,3.52,3.52,3.52,3.52,3.52,3.52,3.52,3.52,3.52,3.52,3.52,3.52,3.52,3.52,3.52,3.52,3.52,3.52,3.52,3.52,3.52,3.52,3.52,3.52,3.52,3.52,3.52,3.52,3.52,3.52,3.52,3.52,3.52,3.52,3.52,3.52,3.52,3.52,3.52,3.52,3.52,3.52,3.52,3.52,3.52,3.52,3.52,3.52,3.52,3.52,3.52,3.52,3.52,3.52,3.52,3.52,3.52,3.52,3.52,3.52,3.52,3.52,3.52,3.52,3.52,3.52,3.52,3.52,3.52,3.52,3.52,3.52,3.52,3.52,3.52,3.52,3.52,3.52],
[13.02,13.02,13.02,13.02,13.02,13.02,13.02,13.02,13.02,13.02,13.02,13.03,13.03,13.03,13.04,13.04,13.05,13.05,13.05,13.06,13.06,13.07,13.07,13.07,13.08,13.08,12.99,12.75,12.40,12.05,11.70,11.35,11.01,10.66,10.32,9.98,9.63,9.29,8.95,8.63,8.47,8.41,8.40,8.39,8.37,8.36,8.35,8.35,8.35,8.36,8.37,8.38,8.39,8.41,8.42,8.32,8.05,7.72,7.39,7.05,6.72,6.39,6.05,5.72,5.38,5.05,4.72,4.38,4.05,3.71,3.58,3.58,3.57,3.57,3.56,3.56,3.56,3.55,3.55,3.54,3.54,3.54,3.53,3.53,3.52,3.52,3.52,3.52,3.52,3.52,3.52,3.52,3.52,3.52,3.52,3.52,3.52,3.52,3.52,3.52,3.52,3.52,3.52,3.52,3.52,3.52,3.52,3.52,3.52,3.52,3.52,3.52,3.52,3.52,3.52,3.52,3.52,3.52,3.52,3.52,3.52,3.52,3.52,3.52,3.52,3.52,3.52,3.52,3.52,3.52,3.52,3.52,3.52,3.52,3.52,3.52,3.52,3.52,3.52,3.52,3.52,3.52,3.52,3.52,3.52,3.52,3.52,3.52,3.52,3.52,3.52,3.52,3.52,3.52,3.52,3.52,3.52,3.52,3.52,3.52,3.52,3.52,3.52,3.52,3.52,3.52,3.52,3.52,3.52,3.52,3.52,3.52,3.52,3.52,3.52,3.52,3.52,3.52,3.52,3.52],
[13.02,13.02,13.02,13.02,13.02,13.02,13.02,13.02,13.02,13.02,13.02,13.02,13.02,13.02,13.02,13.02,13.03,13.03,13.03,13.04,13.04,13.05,13.05,13.05,13.06,13.06,13.01,12.76,12.41,12.06,11.71,11.36,11.00,10.65,10.30,9.95,9.61,9.26,8.92,8.64,8.45,8.39,8.38,8.37,8.35,8.35,8.35,8.35,8.35,8.35,8.35,8.36,8.38,8.39,8.42,8.33,8.05,7.72,7.38,7.05,6.71,6.38,6.04,5.71,5.38,5.04,4.71,4.37,4.04,3.71,3.56,3.56,3.55,3.55,3.54,3.54,3.54,3.53,3.53,3.52,3.52,3.52,3.52,3.52,3.52,3.52,3.52,3.52,3.52,3.52,3.52,3.52,3.52,3.52,3.52,3.52,3.52,3.52,3.52,3.52,3.52,3.52,3.52,3.52,3.52,3.52,3.52,3.52,3.52,3.52,3.52,3.52,3.52,3.52,3.52,3.52,3.52,3.52,3.52,3.52,3.52,3.52,3.52,3.52,3.52,3.52,3.52,3.52,3.52,3.52,3.52,3.52,3.52,3.52,3.52,3.52,3.52,3.52,3.52,3.52,3.52,3.52,3.52,3.52,3.52,3.52,3.52,3.52,3.52,3.52,3.52,3.52,3.52,3.52,3.52,3.52,3.52,3.52,3.52,3.52,3.52,3.52,3.52,3.52,3.52,3.52,3.52,3.52,3.52,3.52,3.52,3.52,3.52,3.52,3.52,3.52,3.52,3.52,3.52,3.52],
[13.02,13.02,13.02,13.02,13.02,13.02,13.02,13.02,13.02,13.02,13.02,13.02,13.02,13.02,13.02,13.02,13.02,13.02,13.02,13.02,13.02,13.03,13.03,13.03,13.04,13.03,12.99,12.77,12.42,12.07,11.72,11.36,11.01,10.66,10.31,9.96,9.61,9.26,8.92,8.64,8.43,8.37,8.36,8.35,8.35,8.35,8.35,8.35,8.35,8.35,8.35,8.35,8.36,8.37,8.41,8.35,8.05,7.71,7.38,7.04,6.71,6.37,6.04,5.70,5.37,5.03,4.70,4.37,4.03,3.70,3.54,3.54,3.53,3.53,3.52,3.52,3.52,3.52,3.52,3.52,3.52,3.52,3.52,3.52,3.52,3.52,3.52,3.52,3.52,3.52,3.52,3.52,3.52,3.52,3.52,3.52,3.52,3.52,3.52,3.52,3.52,3.52,3.52,3.52,3.52,3.52,3.52,3.52,3.52,3.52,3.52,3.52,3.52,3.52,3.52,0,0,0,0,0,0,0,0,3.52,3.52,3.52,3.52,3.52,3.52,3.52,3.52,3.52,3.52,3.52,3.52,3.52,3.52,3.52,3.52,3.52,3.52,3.52,3.52,3.52,3.52,3.52,3.52,3.52,3.52,3.52,3.52,3.52,3.52,3.52,3.52,3.52,3.52,3.52,3.52,3.52,3.52,3.52,3.52,3.52,3.52,3.52,3.52,3.52,3.52,3.52,3.52,3.52,3.52,3.52,3.52,3.52,3.52,3.52,3.52,3.52],
[13.02,13.02,13.02,13.02,13.02,13.02,13.02,13.02,13.02,13.02,13.02,13.02,13.02,13.02,13.02,13.02,13.02,13.02,13.02,13.02,13.02,13.02,13.02,13.02,13.02,13.01,12.96,12.78,12.43,12.09,11.74,11.39,11.04,10.70,10.35,10.00,9.65,9.31,8.96,8.63,8.41,8.35,8.35,8.35,8.35,8.35,8.35,8.35,8.35,8.35,8.35,8.35,8.35,8.35,8.35,8.35,8.05,7.71,7.38,7.04,6.71,6.37,6.04,5.70,5.37,5.03,4.69,4.36,4.02,3.69,3.52,3.52,3.52,3.52,3.52,3.52,3.52,3.52,3.52,3.52,3.52,3.52,3.52,3.52,3.52,3.52,3.52,3.52,3.52,3.52,3.52,3.52,3.52,3.52,3.52,3.52,3.52,3.52,3.52,3.52,3.52,3.52,3.52,3.52,3.52,3.52,3.52,3.52,3.52,3.52,3.52,3.52,3.52,3.52,3.52,0,0,0,0,0,0,0,3.52,3.52,3.52,3.52,3.52,3.52,3.52,3.52,3.52,3.52,3.52,3.52,3.52,3.52,3.52,3.52,3.52,3.52,3.52,3.52,3.52,3.52,3.52,3.52,3.52,3.52,3.52,3.52,3.52,3.52,3.52,3.52,3.52,3.52,3.52,3.52,3.52,3.52,3.52,3.52,3.52,3.52,3.52,3.52,3.52,3.52,3.52,3.52,3.52,3.52,3.52,3.52,3.52,3.52,3.52,3.52,3.52,3.52],
[13.02,13.02,13.02,13.02,13.02,13.02,13.02,13.02,13.02,13.02,13.02,13.02,13.02,13.02,13.02,13.02,13.02,13.02,13.02,13.02,13.02,13.02,13.02,13.02,13.02,13.02,0,0,0,0,0,0,0,0,0,0,0,0,0,0,0,8.35,8.35,8.35,8.35,8.35,8.35,8.35,8.35,8.35,8.35,8.35,8.35,8.35,0,0,0,0,0,0,0,0,0,0,0,0,0,0,0,0,3.52,3.52,3.52,3.52,3.52,3.52,3.52,3.52,3.52,3.52,3.52,3.52,3.52,3.52,3.52,3.52,3.52,3.52,3.52,3.52,3.52,3.52,3.52,3.52,3.52,3.52,3.52,3.52,3.52,3.52,3.52,3.52,3.52,3.52,3.52,3.52,3.52,3.52,3.52,3.52,3.52,3.52,3.52,3.52,3.52,0,0,0,0,0,0,3.52,3.52,3.52,3.52,3.52,3.52,3.52,3.52,3.52,3.52,3.52,3.52,3.52,3.52,3.52,3.52,3.52,3.52,3.52,3.52,3.52,3.52,3.52,3.52,3.52,3.52,3.52,3.52,3.52,3.52,3.52,3.52,3.52,3.52,3.52,3.52,3.52,3.52,3.52,3.52,3.52,3.52,3.52,3.52,3.52,3.52,3.52,3.52,3.52,3.52,3.52,3.52,3.52,3.52,3.52,3.52,3.52,3.52,3.52],
[13.02,13.02,13.02,13.02,13.02,13.02,13.02,13.02,13.02,13.02,13.02,13.02,13.02,13.02,13.02,13.02,13.02,13.02,13.02,13.02,13.02,13.02,13.02,13.02,13.02,13.02,0,0,0,0,0,0,0,0,0,0,0,0,0,0,0,8.35,8.35,8.35,8.35,8.35,8.35,8.35,8.35,8.35,8.35,8.35,8.35,8.35,0,0,0,0,0,0,0,0,0,0,3.52,3.52,3.52,0,0,0,3.52,3.52,3.52,3.52,3.52,3.52,3.52,3.52,3.52,3.52,3.52,3.52,3.52,3.52,3.52,3.52,3.52,3.52,3.52,3.52,3.52,3.52,3.52,3.52,3.52,3.52,3.52,3.52,3.52,3.52,3.52,3.52,3.52,3.52,3.52,3.52,3.52,3.52,3.52,3.52,3.52,3.52,3.52,3.52,3.52,0,0,0,0,0,0,3.52,3.52,3.52,3.52,3.52,3.52,3.52,3.52,3.52,3.52,3.52,3.52,3.52,3.52,3.52,3.52,3.52,3.52,3.52,3.52,3.52,3.52,3.52,3.52,3.52,3.52,3.52,3.52,3.52,3.52,3.52,3.52,3.52,3.52,3.52,3.52,3.52,3.52,3.52,3.52,3.52,3.52,3.52,3.52,3.52,3.52,3.52,3.52,3.52,3.52,3.52,3.52,3.52,3.52,3.52,3.52,3.52,3.52,3.52],
[13.02,13.02,13.02,13.02,13.02,13.02,13.02,13.02,13.02,13.02,13.02,13.02,13.02,13.02,13.02,13.02,13.02,13.02,13.02,13.02,13.02,13.02,13.02,13.02,13.02,13.02,0,0,0,0,0,0,0,0,0,0,0,0,0,0,0,0,0,0,0,0,0,0,0,0,0,0,0,0,0,0,0,0,0,0,0,0,0,3.52,3.52,3.52,3.52,3.52,0,0,3.52,3.52,3.52,3.52,3.52,3.52,3.52,3.52,3.52,3.52,3.52,3.52,3.52,3.52,3.52,3.52,3.52,3.52,3.52,3.52,3.52,3.52,3.52,3.52,3.52,3.52,3.52,3.52,3.52,3.52,3.52,3.52,3.52,3.52,3.52,3.52,3.52,3.52,3.52,3.52,3.52,3.52,3.52,3.52,3.52,0,0,0,0,0,0,3.52,3.52,3.52,3.52,3.52,3.52,3.52,3.52,3.52,3.52,3.52,3.52,3.52,3.52,3.52,3.52,3.52,3.52,3.52,3.52,3.52,3.52,3.52,3.52,3.52,3.52,3.52,3.52,3.52,3.52,3.52,3.52,3.52,3.52,3.52,3.52,3.52,3.52,3.52,3.52,3.52,3.52,3.52,3.52,3.52,3.52,3.52,3.52,3.52,3.52,3.52,3.52,3.52,3.52,3.52,3.52,3.52,3.52,3.52],
[13.02,13.02,13.02,13.02,13.02,13.02,13.02,13.02,13.02,13.02,13.02,13.02,13.02,13.02,13.02,13.02,13.02,13.02,13.02,13.02,13.02,13.02,13.02,13.02,13.02,13.02,0,0,0,0,0,0,0,0,0,0,0,0,0,0,0,0,0,0,0,0,0,0,0,0,0,0,0,0,0,0,0,0,0,0,0,0,0,3.52,3.52,3.52,3.52,3.52,3.52,3.52,3.52,3.52,3.52,3.52,3.52,3.52,3.52,3.52,3.52,3.52,3.52,3.52,3.52,3.52,3.52,3.52,3.52,3.52,3.52,3.52,3.52,3.52,3.52,3.52,3.52,3.52,3.52,3.52,3.52,3.52,3.52,3.52,3.52,3.52,3.52,3.52,3.52,3.52,3.52,3.52,3.52,3.52,3.52,3.52,3.52,0,0,0,0,0,0,3.52,3.52,3.52,3.52,3.52,3.52,3.52,3.52,3.52,3.52,3.52,3.52,3.52,3.52,3.52,3.52,3.52,3.52,3.52,3.52,3.52,3.52,3.52,3.52,0,0,0,0,0,0,0,0,0,0,0,0,0,0,3.52,3.52,3.52,3.52,3.52,3.52,3.52,3.52,3.52,3.52,3.52,3.52,3.52,3.52,3.52,3.52,3.52,3.52,3.52,3.52,3.52],
[13.02,13.02,13.02,13.02,13.02,13.02,13.02,13.02,13.02,13.02,13.02,13.02,13.02,13.02,13.02,13.02,13.02,13.02,13.02,13.02,13.02,13.02,13.02,13.02,13.02,13.02,0,0,0,0,0,0,0,0,0,0,0,0,0,0,0,0,0,0,0,0,0,0,0,0,0,0,0,0,0,0,0,0,0,0,0,0,0,3.52,3.52,3.52,3.52,3.52,3.52,3.52,3.52,3.52,3.52,3.52,3.52,3.52,3.52,3.52,3.52,3.52,3.52,3.52,3.52,3.52,3.52,3.52,3.52,3.52,3.52,3.52,3.52,3.52,3.52,3.52,3.52,3.52,3.52,3.52,3.52,3.52,3.52,3.52,3.52,3.52,3.52,3.52,3.52,3.52,3.52,3.52,3.52,3.52,3.52,3.52,3.52,0,0,0,0,0,0,0,0,0,0,0,0,3.52,3.52,3.52,3.52,3.52,3.52,3.52,3.52,3.52,3.52,3.52,3.52,3.52,3.52,3.52,3.52,3.52,3.52,0,0,0,0,0,0,0,0,0,0,0,0,0,0,3.52,3.52,3.52,3.52,3.52,3.52,3.52,3.52,3.52,3.52,3.52,3.52,3.52,3.52,3.52,3.52,3.52,3.52,3.52,3.52,3.52],
[13.02,13.02,13.02,13.02,13.02,13.02,13.02,13.02,13.02,13.02,13.02,13.02,13.02,13.02,13.02,13.02,13.02,13.02,13.02,13.02,13.02,13.02,13.02,13.02,13.02,13.02,0,0,0,0,0,0,0,0,0,0,0,0,0,0,0,0,0,0,0,0,0,0,0,0,0,0,0,0,0,0,0,0,0,0,0,0,3.52,3.52,3.52,3.52,3.52,3.52,3.52,3.52,3.52,3.52,3.52,3.52,3.52,3.52,3.52,3.52,3.52,3.52,3.52,3.52,3.52,3.52,3.52,3.52,3.52,3.52,3.52,3.52,3.52,3.52,3.52,3.52,3.52,3.52,3.52,3.52,3.52,3.52,3.52,3.52,3.52,3.52,3.52,3.52,3.52,3.52,3.52,3.52,3.52,3.52,3.52,3.52,3.52,0,0,0,0,0,0,0,0,0,0,0,0,0,3.52,3.52,3.52,3.52,3.52,3.52,3.52,3.52,3.52,3.52,3.52,3.52,3.52,3.52,3.52,3.52,3.52,0,0,0,0,0,0,0,0,0,0,0,0,0,0,3.52,3.52,3.52,3.52,3.52,3.52,3.52,3.52,3.52,3.52,3.52,3.52,3.52,3.52,3.52,3.52,3.52,3.52,3.52,3.52,3.52],
[13.02,13.02,13.02,13.02,13.02,13.02,13.02,13.02,13.02,13.02,13.02,13.02,13.02,13.02,13.02,13.02,13.02,13.02,13.02,13.02,13.02,13.02,13.02,13.02,13.02,13.02,0,0,0,0,0,0,0,0,0,0,0,0,0,0,0,0,0,0,0,0,0,0,0,0,0,0,0,0,0,0,0,0,0,3.52,3.52,3.52,3.52,3.52,3.52,3.52,3.52,3.52,3.52,3.52,3.52,3.52,3.52,3.52,3.52,3.52,3.52,3.52,3.52,3.52,3.52,3.52,3.52,3.52,3.52,3.52,3.52,3.52,3.52,3.52,3.52,3.52,3.52,3.52,3.52,3.52,3.52,3.52,3.52,3.52,3.52,3.52,3.52,3.52,3.52,3.52,3.52,3.52,3.52,3.52,3.52,3.52,3.52,3.52,3.52,0,0,0,0,0,0,0,0,0,0,0,0,0,3.52,3.52,3.52,3.52,3.52,3.52,3.52,3.52,3.52,3.52,3.52,3.52,3.52,3.52,3.52,3.52,3.52,0,0,0,0,0,0,0,0,0,0,0,0,0,0,3.52,3.52,3.52,3.52,3.52,3.52,3.52,3.52,3.52,3.52,3.52,3.52,3.52,3.52,3.52,3.52,3.52,3.52,3.52,3.52,3.52],
[13.02,13.02,13.02,13.02,13.02,13.02,13.02,13.02,13.02,13.02,13.02,13.02,13.02,13.02,13.02,13.02,13.02,13.02,13.02,13.02,13.02,13.02,13.02,13.02,13.02,13.02,0,0,0,0,0,0,0,0,0,0,0,0,0,0,0,0,0,0,0,0,0,0,0,0,0,0,0,0,0,0,0,0,0,3.52,3.52,3.52,3.52,3.52,3.52,3.52,3.52,3.52,3.52,3.52,3.52,3.52,3.52,3.52,3.52,3.52,3.52,3.52,3.52,3.52,3.52,3.52,3.52,3.52,3.52,3.52,3.52,3.52,3.52,3.52,3.52,3.52,3.52,3.52,3.52,3.52,3.52,3.52,3.52,3.52,3.52,3.52,3.52,3.52,3.52,3.52,3.52,3.52,3.52,3.52,3.52,3.52,3.52,3.52,3.52,0,0,0,0,0,0,0,0,0,0,0,0,3.52,3.52,3.52,3.52,3.52,3.52,3.52,3.52,3.52,3.52,3.52,3.52,3.52,3.52,3.52,3.52,3.52,3.52,0,0,0,0,0,0,0,0,0,0,0,0,0,0,3.52,3.52,3.52,3.52,3.52,3.52,3.52,3.52,3.52,3.52,3.52,3.52,3.52,3.52,3.52,3.52,3.52,3.52,3.52,3.52,3.52],
[13.02,13.02,13.02,13.02,0,0,13.02,13.02,13.02,13.02,13.02,13.02,13.02,13.02,13.02,13.02,13.02,13.02,13.02,13.02,13.02,13.02,13.02,13.02,13.02,13.02,0,0,0,0,0,0,0,0,0,0,0,0,0,0,0,0,0,0,0,0,0,0,0,0,0,0,0,0,0,0,0,0,0,3.52,3.52,3.52,3.52,3.52,3.52,3.52,3.52,3.52,3.52,3.52,3.52,3.52,3.52,3.52,3.52,3.52,3.52,3.52,3.52,3.52,3.52,3.52,3.52,3.52,3.52,3.52,3.52,3.52,3.52,3.52,3.52,3.52,3.52,3.52,3.52,3.52,3.52,3.52,3.52,3.52,3.52,3.52,3.52,3.52,3.52,3.52,3.52,3.52,3.52,3.52,3.52,3.52,3.52,3.52,3.52,0,0,0,0,0,0,0,0,3.52,3.52,3.52,3.52,3.52,3.52,3.52,3.52,3.52,3.52,3.52,3.52,3.52,3.52,3.52,3.52,3.52,3.52,3.52,3.52,3.52,3.52,0,0,0,0,0,0,0,0,0,0,0,0,0,0,3.52,3.52,3.52,3.52,3.52,3.52,3.52,3.52,3.52,3.52,3.52,3.52,3.52,3.52,3.52,3.52,3.52,3.52,3.52,3.52,3.52],
[13.02,13.02,13.02,13.02,0,0,13.02,13.02,13.02,13.02,13.02,13.02,13.02,13.02,13.02,13.02,13.02,13.02,13.02,13.02,13.02,13.02,13.02,13.02,13.02,13.02,0,0,0,0,0,0,0,0,0,0,0,0,0,0,0,0,0,0,0,0,0,0,0,0,0,0,0,0,0,0,0,0,0,3.52,3.52,3.52,3.52,3.52,3.52,3.52,3.52,3.52,3.52,3.52,3.52,3.52,3.52,3.52,3.52,3.52,3.52,3.52,3.52,3.52,3.52,3.52,3.52,3.52,3.52,3.52,3.52,3.52,3.52,3.52,3.52,3.52,3.52,3.52,3.52,3.52,3.52,3.52,3.52,3.52,3.52,3.52,3.52,3.52,3.52,3.52,3.52,3.52,3.52,3.52,3.52,3.52,3.52,3.52,3.52,0,0,0,0,0,0,0,0,3.52,3.52,3.52,3.52,3.52,3.52,3.52,3.52,3.52,3.52,3.52,3.52,3.52,3.52,3.52,3.52,3.52,3.52,3.52,3.52,3.52,3.52,0,0,0,0,0,0,0,0,0,0,0,0,0,0,3.52,3.52,3.52,3.52,3.52,3.52,3.52,3.52,3.52,3.52,3.52,3.52,3.52,3.52,3.52,3.52,3.52,3.52,3.52,3.52,3.52],
[13.02,13.02,13.02,13.02,0,0,13.02,13.02,13.02,13.02,13.02,13.02,13.02,13.02,13.02,13.02,13.02,13.02,13.02,13.02,13.02,13.02,13.02,13.02,13.02,13.02,0,0,0,0,0,0,0,0,0,0,0,0,0,0,0,0,0,0,0,0,0,0,0,0,0,0,0,0,0,0,0,0,0,3.52,3.52,3.52,3.52,3.52,3.52,3.52,3.52,3.52,3.52,3.52,3.52,3.52,3.52,3.52,3.52,3.52,3.52,3.52,3.52,3.52,3.52,3.52,3.52,3.52,3.52,3.52,3.52,3.52,3.52,3.52,3.52,3.52,3.52,3.52,3.52,3.52,3.52,3.52,3.52,3.52,3.52,3.52,3.52,3.52,3.52,3.52,3.52,3.52,3.52,3.52,3.52,3.52,3.52,3.52,3.52,0,0,0,0,0,0,0,0,3.52,3.52,3.52,3.52,3.52,3.52,3.52,3.52,3.52,3.52,3.52,3.52,3.52,3.52,3.52,3.52,3.52,3.52,3.52,3.52,3.52,3.52,0,0,0,0,0,0,0,0,0,0,0,0,0,0,3.52,3.52,3.52,3.52,3.52,3.52,3.52,3.52,3.52,3.52,3.52,3.52,3.52,3.52,3.52,3.52,3.52,3.52,3.52,3.52,0],
[0,0,0,0,0,0,13.02,13.02,13.02,13.02,13.02,13.02,13.02,13.02,13.02,13.02,13.02,13.02,13.02,13.02,13.02,13.02,13.02,13.02,13.02,13.02,0,0,0,0,0,0,0,0,0,0,0,0,0,0,0,0,0,0,0,0,0,0,0,0,0,0,0,0,0,0,0,0,0,3.52,3.52,3.52,3.52,3.52,3.52,3.52,3.52,3.52,3.52,3.52,3.52,3.52,3.52,3.52,3.52,3.52,3.52,3.52,3.52,3.52,3.52,3.52,3.52,3.52,3.52,3.52,3.52,3.52,3.52,3.52,3.52,3.52,3.52,3.52,3.52,3.52,3.52,3.52,3.52,3.52,3.52,3.52,3.52,3.52,3.52,3.52,3.52,3.52,3.52,3.52,3.52,3.52,3.52,3.52,3.52,0,0,0,0,0,0,0,0,3.52,3.52,3.52,3.52,3.52,3.52,3.52,3.52,3.52,3.52,3.52,3.52,3.52,3.52,3.52,3.52,3.52,3.52,3.52,3.52,3.52,3.52,0,0,0,0,0,0,0,0,0,0,0,0,0,0,0,0,0,0,0,0,0,0,0,0,0,0,0,0,0,0,0,0,0,0,0],
[0,0,0,0,0,0,0,0,13.02,13.02,13.02,13.02,13.02,13.02,13.02,13.02,13.02,13.02,13.02,13.02,13.02,13.02,13.02,13.02,13.02,13.02,0,0,0,0,0,0,0,0,0,0,0,0,0,0,0,0,0,0,0,0,0,0,0,0,0,0,0,0,0,0,0,0,0,3.52,3.52,3.52,3.52,3.52,3.52,3.52,3.52,3.52,3.52,3.52,3.52,3.52,3.52,3.52,3.52,3.52,3.52,3.52,3.52,3.52,3.52,3.52,3.52,3.52,3.52,3.52,3.52,3.52,3.52,3.52,3.52,3.52,3.52,3.52,3.52,3.52,3.52,3.52,3.52,3.52,3.52,3.52,3.52,3.52,3.52,3.52,3.52,3.52,3.52,3.52,3.52,3.52,3.52,3.52,3.52,0,0,0,0,0,0,0,0,3.52,3.52,3.52,3.52,3.52,3.52,3.52,3.52,3.52,3.52,3.52,3.52,3.52,3.52,3.52,3.52,3.52,3.52,3.52,3.52,3.52,3.52,0,0,0,0,0,0,0,0,0,0,0,0,0,0,0,0,0,0,0,0,0,0,0,0,0,0,0,0,0,0,0,0,0,0,0],
[0,0,0,0,0,0,0,0,13.02,13.02,13.02,13.02,13.02,13.02,13.02,13.02,13.02,13.02,13.02,13.02,13.02,13.02,13.02,13.02,13.02,13.02,0,0,0,0,0,0,0,0,0,0,0,0,0,0,0,0,0,0,0,0,0,0,0,0,0,0,0,0,0,0,0,0,0,3.52,3.52,3.52,3.52,3.52,3.52,3.52,3.52,3.52,3.52,3.52,3.52,3.52,3.52,3.52,3.52,3.52,3.52,3.52,3.52,3.52,3.52,3.52,3.52,3.52,3.52,3.52,3.52,3.52,3.52,3.52,3.52,3.52,3.52,3.52,3.52,3.52,3.52,3.52,3.52,3.52,3.52,3.52,3.52,3.52,3.52,3.52,3.52,3.52,3.52,3.52,3.52,3.52,3.52,3.52,3.52,0,0,0,0,0,0,0,0,3.52,3.52,3.52,3.52,3.52,3.52,3.52,3.52,3.52,3.52,3.52,3.52,3.52,3.52,3.52,3.52,3.52,3.52,3.52,3.52,3.52,3.52,0,0,0,0,0,0,0,0,0,0,0,0,0,0,0,0,0,0,0,0,0,0,0,0,0,0,0,0,0,0,0,0,0,0,0],
[0,0,0,0,0,0,0,0,13.02,13.02,13.02,13.02,13.02,13.02,13.02,13.02,13.02,13.02,13.02,13.02,13.02,13.02,13.02,13.02,13.02,13.02,0,0,0,0,0,0,0,0,0,0,0,0,0,0,0,0,0,0,0,0,0,0,0,0,0,0,0,0,0,0,0,0,0,3.52,3.52,3.52,3.52,3.52,3.52,3.52,3.52,3.52,3.52,3.52,3.52,3.52,3.52,3.52,3.52,3.52,3.52,3.52,3.52,3.52,3.52,3.52,3.52,3.52,3.52,3.52,3.52,3.52,3.52,3.52,3.52,3.52,3.52,3.52,3.52,3.52,3.52,3.52,3.52,3.52,3.52,3.52,3.52,3.52,3.52,3.52,3.52,3.52,3.52,3.52,3.52,3.52,3.52,3.52,3.52,0,0,0,0,0,0,0,0,3.52,3.52,3.52,3.52,3.52,3.52,3.52,3.52,3.52,3.52,3.52,3.52,3.52,3.52,3.52,3.52,3.52,3.52,3.52,3.52,3.52,3.52,0,0,0,0,0,0,0,0,0,0,0,0,0,0,0,0,0,0,0,0,0,0,0,0,0,0,0,0,0,0,0,0,0,0,0],
[0,0,0,0,0,0,0,0,13.02,13.02,13.02,13.02,13.02,13.02,13.02,13.02,13.02,13.02,13.02,13.02,13.02,13.02,13.02,13.02,13.02,13.02,0,0,0,0,0,0,0,0,0,0,0,0,0,0,0,0,0,0,0,0,0,0,0,0,0,0,0,0,0,0,0,0,0,3.52,3.52,3.52,3.52,3.52,3.52,3.52,3.52,3.52,3.52,3.52,3.52,3.52,3.52,3.52,3.52,3.52,3.52,3.52,3.52,3.52,3.52,3.52,3.52,3.52,3.52,3.52,3.52,3.52,3.52,3.52,3.52,3.52,3.52,3.52,3.52,3.52,3.52,3.52,3.52,3.52,3.52,3.52,3.52,3.52,3.52,3.52,3.52,3.52,3.52,3.52,3.52,3.52,3.52,3.52,3.52,0,0,0,0,0,0,0,0,3.52,3.52,3.52,3.52,3.52,3.52,3.52,3.52,3.52,3.52,3.52,3.52,3.52,3.52,3.52,3.52,3.52,3.52,3.52,3.52,3.52,3.52,0,0,0,0,0,0,0,0,0,0,0,0,0,0,0,0,0,0,0,0,0,0,0,0,0,0,0,0,0,0,0,0,0,0,0],
[0,0,0,0,0,0,0,0,13.02,13.02,13.02,13.02,13.02,13.02,13.02,13.02,13.02,13.02,13.02,13.02,13.02,13.02,13.02,13.02,13.02,13.02,0,0,0,0,0,0,0,0,0,0,0,0,0,0,0,0,0,0,0,0,0,0,0,0,0,0,0,0,0,0,0,0,0,3.52,3.52,3.52,3.52,3.52,3.52,3.52,3.52,3.52,3.52,3.52,3.52,3.52,3.52,3.52,3.52,3.52,3.52,3.52,3.52,3.52,3.52,3.52,3.52,3.52,3.52,3.52,3.52,3.52,3.52,3.52,3.52,3.52,3.52,3.52,3.52,3.52,3.52,3.52,3.52,3.52,3.52,3.52,3.52,3.52,3.52,3.52,3.52,3.52,3.52,3.52,3.52,3.52,3.52,3.52,3.52,0,0,0,0,0,0,0,0,3.52,3.52,3.52,3.52,3.52,3.52,3.52,3.52,3.52,3.52,3.52,3.52,3.52,3.52,3.52,3.52,3.52,3.52,3.52,3.52,3.52,3.52,0,0,0,0,0,0,0,0,0,0,0,0,0,0,0,0,0,0,0,0,0,0,0,0,0,0,0,0,0,0,0,0,0,0,0],
[0,0,0,0,0,0,0,0,13.02,13.02,13.02,13.02,13.02,13.02,13.02,13.02,13.02,13.02,13.02,13.02,13.02,13.02,13.02,13.02,13.02,13.02,0,0,0,0,0,0,0,0,0,0,0,0,0,0,0,0,0,0,0,0,0,0,0,0,0,0,0,0,0,0,0,0,0,3.52,3.52,3.52,3.52,3.52,3.52,3.52,3.52,3.52,3.52,3.52,3.52,3.52,3.52,3.52,3.52,3.52,3.52,3.52,3.52,3.52,3.52,3.52,3.52,3.52,3.52,3.52,3.52,3.52,3.52,3.52,3.52,3.52,3.52,3.52,3.52,3.52,3.52,3.52,3.52,3.52,3.52,3.52,3.52,3.52,3.52,3.52,3.52,3.52,3.52,3.52,3.52,3.52,3.52,3.52,3.52,0,0,0,0,0,0,0,0,3.52,3.52,3.52,3.52,3.52,3.52,3.52,3.52,3.52,3.52,3.52,3.52,3.52,3.52,3.52,3.52,3.52,3.52,3.52,3.52,3.52,3.52,0,0,0,0,0,0,0,0,0,0,0,0,0,0,0,0,0,0,0,0,0,0,0,0,0,0,0,0,0,0,0,0,0,0,0],
[0,0,0,0,0,0,0,0,13.02,13.02,13.02,13.02,13.02,13.02,13.02,13.02,13.02,13.02,13.02,13.02,13.02,13.02,13.02,13.02,13.02,0,0,0,0,0,0,0,0,0,0,0,0,0,0,0,0,0,0,0,0,0,0,0,0,0,0,0,0,0,0,0,0,0,0,3.52,3.52,3.52,3.52,3.52,3.52,3.52,3.52,3.52,3.52,3.52,3.52,3.52,3.52,3.52,3.52,3.52,3.52,3.52,3.52,3.52,3.52,3.52,3.52,3.52,3.52,3.52,3.52,3.52,3.52,3.52,3.52,3.52,3.52,3.52,3.52,3.52,3.52,3.52,3.52,3.52,3.52,3.52,3.52,3.52,3.52,3.52,3.52,3.52,3.52,3.52,3.52,3.52,3.52,3.52,3.52,0,0,0,0,0,0,0,0,3.52,3.52,3.52,3.52,3.52,3.52,3.52,3.52,3.52,3.52,3.52,3.52,3.52,3.52,3.52,3.52,3.52,3.52,3.52,3.52,3.52,3.52,0,0,0,0,0,0,0,0,0,0,0,0,0,0,0,0,0,0,0,0,0,0,0,0,0,0,0,0,0,0,0,0,0,0,0],
[0,0,0,0,0,0,0,0,0,0,0,0,0,0,0,0,0,0,0,0,0,0,0,0,0,0,0,0,0,0,0,0,0,0,0,0,0,0,0,0,0,0,0,0,0,0,0,0,0,0,0,0,0,0,0,0,0,0,0,0,0,3.52,3.52,3.52,3.52,3.52,3.52,3.52,3.52,3.52,3.52,3.52,3.52,3.52,3.52,3.52,3.52,3.52,3.52,3.52,3.52,3.52,3.52,3.52,3.52,3.52,3.52,3.52,3.52,3.52,3.52,3.52,3.52,3.52,3.52,3.52,3.52,3.52,3.52,3.52,3.52,3.52,3.52,3.52,3.52,3.52,3.52,3.52,3.52,3.52,3.52,3.52,3.52,3.52,3.52,0,0,0,0,0,0,0,0,3.52,3.52,3.52,3.52,3.52,3.52,3.52,3.52,3.52,3.52,3.52,3.52,3.52,3.52,3.52,3.52,3.52,3.52,3.52,3.52,3.52,3.52,0,0,0,0,0,0,0,0,0,0,0,0,0,0,0,0,0,0,0,0,0,0,0,0,0,0,0,0,0,0,0,0,0,0,0],
[0,0,0,0,0,0,0,0,0,0,0,0,0,0,0,0,0,0,0,0,0,0,0,0,0,0,0,0,0,0,0,0,0,0,0,0,0,0,0,0,0,0,0,0,0,0,0,0,0,0,0,0,0,0,0,0,0,0,0,0,0,0,3.52,3.52,3.52,3.52,3.52,3.52,3.52,3.52,3.52,3.52,3.52,3.52,3.52,3.52,3.52,3.52,3.52,3.52,3.52,3.52,3.52,3.52,3.52,3.52,3.52,3.52,3.52,3.52,3.52,3.52,3.52,3.52,3.52,3.52,3.52,3.52,3.52,3.52,3.52,3.52,3.52,3.52,3.52,3.52,3.52,3.52,3.52,3.52,3.52,3.52,3.52,3.52,3.52,0,0,0,0,0,0,0,0,3.52,3.52,3.52,3.52,3.52,3.52,3.52,3.52,3.52,3.52,3.52,3.52,3.52,3.52,3.52,3.52,3.52,3.52,3.52,3.52,3.52,3.52,0,0,0,0,0,0,0,0,0,0,0,0,0,0,0,0,0,0,0,0,0,0,0,0,0,0,0,0,0,0,0,0,0,0,0],
[0,0,0,0,0,0,0,0,0,0,0,0,0,0,0,0,0,0,0,0,0,0,0,0,0,0,0,0,0,0,0,0,0,0,0,0,0,0,0,0,0,0,0,0,0,0,0,0,0,0,0,0,0,0,0,0,0,0,0,0,0,0,0,3.52,3.52,3.52,3.52,3.52,3.52,3.52,3.52,3.52,3.52,3.52,3.52,3.52,3.52,3.52,3.52,3.52,3.52,3.52,3.52,3.52,3.52,3.52,3.52,3.52,3.52,3.52,3.52,3.52,3.52,3.52,3.52,3.52,3.52,3.52,3.52,3.52,3.52,3.52,3.52,3.52,3.52,3.52,3.52,3.52,3.52,3.52,3.52,3.52,3.52,3.52,3.52,0,0,0,0,0,0,0,0,3.52,3.52,3.52,3.52,3.52,3.52,3.52,3.52,3.52,3.52,3.52,3.52,3.52,3.52,3.52,3.52,3.52,3.52,3.52,3.52,3.52,3.52,0,0,0,0,0,0,0,0,0,0,0,0,0,0,0,0,0,0,0,0,0,0,0,0,0,0,0,0,0,0,0,0,0,0,0],
[0,0,0,0,0,0,0,0,0,0,0,0,0,0,0,0,0,0,0,0,0,0,0,0,0,0,0,0,0,0,0,0,0,0,0,0,0,0,0,0,0,0,0,0,0,0,0,0,0,0,0,0,0,0,0,0,0,0,0,0,0,0,0,3.52,3.52,3.52,3.52,3.52,3.52,3.52,3.52,3.52,3.52,3.52,3.52,3.52,3.52,3.52,3.52,3.52,3.52,3.52,3.52,3.52,3.52,3.52,3.52,3.52,3.52,3.52,3.52,3.52,3.52,3.52,3.52,3.52,3.52,3.52,3.52,3.52,3.52,3.52,3.52,3.52,3.52,3.52,3.52,3.52,3.52,3.52,3.52,3.52,3.52,3.52,3.52,0,0,0,0,0,0,0,0,3.52,3.52,3.52,3.52,3.52,3.52,3.52,3.52,3.52,3.52,3.52,3.52,3.52,3.52,3.52,3.52,3.52,3.52,3.52,3.52,3.52,3.52,0,0,0,0,0,0,0,0,0,0,0,0,0,0,0,0,0,0,0,0,0,0,0,0,0,0,0,0,0,0,0,0,0,0,0],
[0,0,0,0,0,0,0,0,0,0,0,0,0,0,0,0,0,0,0,0,0,0,0,0,0,0,0,0,0,0,0,0,0,0,0,0,0,0,0,0,0,0,0,0,0,0,0,0,0,0,0,0,0,0,0,0,0,0,0,0,0,0,3.52,3.52,3.52,3.52,3.52,3.52,3.52,3.52,3.52,3.52,3.52,3.52,3.52,3.52,3.52,3.52,3.52,3.52,3.52,3.52,3.52,3.52,3.52,3.52,3.52,3.52,3.52,3.52,3.52,3.52,3.52,3.52,3.52,3.52,3.52,3.52,3.52,3.52,3.52,3.52,3.52,3.52,3.52,3.52,3.52,3.52,3.52,3.52,3.52,3.52,3.52,3.52,3.52,0,0,0,0,0,0,0,0,0,3.52,3.52,3.52,3.52,3.52,3.52,3.52,3.52,3.52,3.52,3.52,3.52,3.52,3.52,3.52,3.52,3.52,3.52,3.52,3.52,0,0,0,0,0,0,0,0,0,0,0,0,0,0,0,0,0,0,0,0,0,0,0,0,0,0,0,0,0,0,0,0,0,0,0,0],
[0,0,0,0,0,0,0,0,0,0,0,0,0,0,0,0,0,0,0,0,0,0,0,0,0,0,0,0,0,0,0,0,0,0,0,0,0,0,0,0,0,0,0,0,0,0,0,0,0,0,0,0,0,0,0,0,3.52,3.52,3.52,3.52,3.52,3.52,3.52,3.52,3.52,3.52,3.52,3.52,3.52,3.52,3.52,3.52,3.52,3.52,3.52,3.52,3.52,3.52,3.52,3.52,3.52,3.52,3.52,3.52,3.52,3.52,3.52,3.52,3.52,3.52,3.52,3.52,3.52,3.52,3.52,3.52,3.52,3.52,3.52,3.52,3.52,3.52,3.52,3.52,3.52,3.52,3.52,3.52,3.52,3.52,3.52,3.52,3.52,3.52,3.52,0,0,0,0,0,0,0,0,0,0,0,0,0,0,0,0,0,0,0,0,0,0,0,0,0,0,0,0,0,0,0,0,0,0,0,0,0,0,0,0,0,0,0,0,0,0,0,0,0,0,0,0,0,0,0,0,0,0,0,0,0,0,0,0,0],
[0,0,0,0,0,0,0,0,0,0,0,0,0,0,0,0,0,0,0,0,0,0,0,0,0,0,0,0,0,0,0,0,0,0,0,0,0,0,0,0,0,0,0,0,0,0,0,0,0,0,0,0,0,0,0,0,3.52,3.52,3.52,3.52,3.52,3.52,3.52,3.52,3.52,3.52,3.52,3.52,3.52,3.52,3.52,3.52,3.52,3.52,3.52,3.52,3.52,3.52,3.52,3.52,3.52,3.52,3.52,3.52,3.52,3.52,3.52,3.52,3.52,3.52,3.52,3.52,3.52,3.52,3.52,3.52,3.52,3.52,3.52,3.52,3.52,3.52,3.52,3.52,3.52,3.52,3.52,3.52,3.52,3.52,3.52,3.52,3.52,3.52,3.52,0,0,0,0,0,0,0,0,0,0,0,0,0,0,0,0,0,0,0,0,0,0,0,0,0,0,0,0,0,0,0,0,0,0,0,0,0,0,0,0,0,0,0,0,0,0,0,0,0,0,0,0,0,0,0,0,0,0,0,0,0,0,0,0,0],
[0,0,0,0,0,0,0,0,0,0,0,0,0,0,0,0,0,0,0,0,0,0,0,0,0,0,0,0,0,0,0,0,0,0,0,0,0,0,0,0,0,0,0,0,0,0,0,0,0,0,0,0,0,0,0,0,3.52,3.52,3.52,3.52,3.52,3.52,3.52,3.52,3.52,3.52,3.52,3.52,3.52,3.52,3.52,3.52,3.52,3.52,3.52,3.52,3.52,3.52,3.52,3.52,3.52,3.52,3.52,3.52,3.52,3.52,3.52,3.52,3.52,3.52,3.52,3.52,3.52,3.52,3.52,3.52,3.52,3.52,3.52,3.52,3.52,3.52,3.52,3.52,3.52,3.52,3.52,3.52,3.52,3.52,3.52,3.52,3.52,3.52,3.52,0,0,0,0,0,0,0,0,0,0,0,0,0,0,0,0,0,0,0,0,0,0,0,0,0,0,0,0,0,0,0,0,0,0,0,0,0,0,0,0,0,0,0,0,0,0,0,0,0,0,0,0,0,0,0,0,0,0,0,0,0,0,0,0,0],
[0,0,0,0,0,0,0,0,0,0,0,0,0,0,0,0,0,0,0,0,0,0,0,0,0,0,0,0,0,0,0,0,0,0,0,0,0,0,0,0,0,0,0,0,0,0,0,0,0,0,0,0,0,0,0,0,3.52,3.52,3.52,3.52,3.52,3.52,3.52,3.52,3.52,3.52,3.52,3.52,3.52,3.52,3.52,3.52,3.52,3.52,3.52,3.52,3.52,3.52,3.52,3.52,3.52,3.52,3.52,3.52,3.52,3.52,3.52,3.52,3.52,3.52,3.52,3.52,3.52,3.52,3.52,3.52,3.52,3.52,3.52,3.52,3.52,3.52,3.52,3.52,3.52,3.52,3.52,3.52,3.52,3.52,3.52,3.52,3.52,3.52,3.52,0,0,0,0,0,0,0,0,0,0,0,0,0,0,0,0,0,0,0,0,0,0,0,0,0,0,0,0,0,0,0,0,0,0,0,0,0,0,0,0,0,0,0,0,0,0,0,0,0,0,0,0,0,0,0,0,0,0,0,0,0,0,0,0,0],
[0,0,0,0,0,0,0,0,0,0,0,0,0,0,0,0,0,0,0,0,0,0,0,0,0,0,0,0,0,0,0,0,0,0,0,0,0,0,0,0,0,0,0,0,0,0,0,0,0,0,0,0,0,0,0,0,3.52,3.52,3.52,3.52,3.52,3.52,3.52,3.52,3.52,3.52,3.52,3.52,3.52,3.52,3.52,3.52,3.52,3.52,3.52,3.52,3.52,3.52,3.52,3.52,3.52,3.52,3.52,3.52,3.52,3.52,3.52,3.52,3.52,3.52,3.52,3.52,3.52,3.52,3.52,3.52,3.52,3.52,3.52,3.52,3.52,3.52,3.52,3.52,3.52,3.52,3.52,3.52,3.52,3.52,3.52,3.52,3.52,3.52,3.52,0,0,0,0,0,0,0,0,0,0,0,0,0,0,0,0,0,0,0,0,0,0,0,0,0,0,0,0,0,0,0,0,0,0,0,0,0,0,0,0,0,0,0,0,0,0,0,0,0,0,0,0,0,0,0,0,0,0,0,0,0,0,0,0,0],
[0,0,0,0,0,0,0,0,0,0,0,0,0,0,0,0,0,0,0,0,0,0,0,0,0,0,0,0,0,0,0,0,0,0,0,0,0,0,0,0,0,0,0,0,0,0,0,0,0,0,0,0,0,0,0,0,3.52,3.52,3.52,3.52,3.52,3.52,3.52,3.52,3.52,3.52,3.52,3.52,3.52,3.52,3.52,3.52,3.52,3.52,3.52,3.52,3.52,3.52,3.52,3.52,3.52,3.52,3.52,3.52,3.52,3.52,3.52,3.52,3.52,3.52,3.52,3.52,3.52,3.52,3.52,3.52,3.52,3.52,3.52,3.52,3.52,3.52,3.52,3.52,3.52,3.52,3.52,3.52,3.52,3.52,3.52,3.52,3.52,3.52,3.52,0,0,0,0,0,0,0,0,0,0,0,0,0,0,0,0,0,0,0,0,0,0,0,0,0,0,0,0,0,0,0,0,0,0,0,0,0,0,0,0,0,0,0,0,0,0,0,0,0,0,0,0,0,0,0,0,0,0,0,0,0,0,0,0,0],
[0,0,0,0,0,0,0,0,0,0,0,0,0,0,0,0,0,0,0,0,0,0,0,0,0,0,0,0,0,0,0,0,0,0,0,0,0,0,0,0,0,0,0,0,0,0,0,0,0,0,0,0,0,0,0,0,3.52,3.52,3.52,3.52,3.52,3.52,3.52,3.52,3.52,3.52,3.52,3.52,3.52,3.52,3.52,3.52,3.52,3.52,3.52,3.52,3.52,3.52,3.52,3.52,3.52,3.52,3.52,3.52,3.52,3.52,3.52,3.52,3.52,3.52,3.52,3.52,3.52,3.52,3.52,3.52,3.52,3.52,3.52,3.52,3.52,3.52,3.52,3.52,3.52,3.52,3.52,3.52,3.52,3.52,3.52,3.52,3.52,3.52,3.52,0,0,0,0,0,0,0,0,0,0,0,0,0,0,0,0,0,0,0,0,0,0,0,0,0,0,0,0,0,0,0,0,0,0,0,0,0,0,0,0,0,0,0,0,0,0,0,0,0,0,0,0,0,0,0,0,0,0,0,0,0,0,0,0,0],
[0,0,0,0,0,0,0,0,0,0,0,0,0,0,0,0,0,0,0,0,0,0,0,0,0,0,0,0,0,0,0,0,0,0,0,0,0,0,0,0,0,0,0,0,0,0,0,0,0,0,0,0,0,0,0,0,3.52,3.52,3.52,3.52,3.52,3.52,3.52,3.52,3.52,3.52,3.52,3.52,3.52,3.52,3.52,3.52,3.52,3.52,3.52,3.52,3.52,3.52,3.52,3.52,3.52,3.52,3.52,3.52,3.52,3.52,3.52,3.52,3.52,3.52,3.52,3.52,3.52,3.52,3.52,3.52,3.52,3.52,3.52,3.52,3.52,3.52,3.52,3.52,3.52,3.52,3.52,3.52,3.52,3.52,3.52,3.52,3.52,3.52,3.52,0,0,0,0,0,0,0,0,0,0,0,0,0,0,0,0,0,0,0,0,0,0,0,0,0,0,0,0,0,0,0,0,0,0,0,0,0,0,0,0,0,0,0,0,0,0,0,0,0,0,0,0,0,0,0,0,0,0,0,0,0,0,0,0,0],
[0,0,0,0,0,0,0,0,0,0,0,0,0,0,0,0,0,0,0,0,0,0,0,0,0,0,0,0,0,0,0,0,0,0,0,0,0,0,0,0,0,0,0,0,0,0,0,0,0,0,0,0,0,0,0,0,3.52,3.52,3.52,3.52,3.52,3.52,3.52,3.52,3.52,3.52,3.52,3.52,3.52,3.52,3.52,3.52,3.52,3.52,3.52,3.52,3.52,3.52,3.52,3.52,3.52,3.52,3.52,3.52,3.52,3.52,3.52,3.52,3.52,3.52,3.52,3.52,3.52,3.52,3.52,3.52,3.52,3.52,3.52,3.52,3.52,3.52,3.52,3.52,3.52,3.52,3.52,3.52,3.52,3.52,3.52,3.52,3.52,3.52,3.52,0,0,0,0,0,0,0,0,0,0,0,0,0,0,0,0,0,0,0,0,0,0,0,0,0,0,0,0,0,0,0,0,0,0,0,0,0,0,0,0,0,0,0,0,0,0,0,0,0,0,0,0,0,0,0,0,0,0,0,0,0,0,0,0,0],
[0,0,0,0,0,0,0,0,0,0,0,0,0,0,0,0,0,0,0,0,0,0,0,0,0,0,0,0,0,0,0,0,0,0,0,0,0,0,0,0,0,0,0,0,0,0,0,0,0,0,0,0,0,0,0,0,3.52,3.52,3.52,3.52,3.52,3.52,3.52,3.52,3.52,3.52,3.52,3.52,3.52,3.52,3.52,3.52,3.52,3.52,3.52,3.52,3.52,3.52,3.52,3.52,3.52,3.52,3.52,3.52,3.52,3.52,3.52,3.52,3.52,3.52,3.52,3.52,3.52,3.52,3.52,3.52,3.52,3.52,3.52,3.52,3.52,3.52,3.52,3.52,3.52,3.52,3.52,3.52,3.52,3.52,3.52,3.52,3.52,3.52,3.52,0,0,0,0,0,0,0,0,0,0,0,0,0,0,0,0,0,0,0,0,0,0,0,0,0,0,0,0,0,0,0,0,0,0,0,0,0,0,0,0,0,0,0,0,0,0,0,0,0,0,0,0,0,0,0,0,0,0,0,0,0,0,0,0,0],
[0,0,0,0,0,0,0,0,0,0,0,0,0,0,0,0,0,0,0,0,0,0,0,0,0,0,0,0,0,0,0,0,0,0,0,0,0,0,0,0,0,0,0,0,0,0,0,0,0,0,0,0,0,0,0,0,3.52,3.52,3.52,3.52,3.52,3.52,3.52,3.52,3.52,3.52,3.52,3.52,3.52,3.52,3.52,3.52,3.52,3.52,3.52,3.52,3.52,3.52,3.52,3.52,3.52,3.52,3.52,3.52,3.52,3.52,3.52,3.52,3.52,3.52,3.52,3.52,3.52,3.52,3.52,3.52,3.52,3.52,3.52,3.52,3.52,3.52,3.52,3.52,3.52,3.52,3.52,3.52,3.52,3.52,3.52,3.52,3.52,3.52,3.52,0,0,0,0,0,0,0,0,0,0,0,0,0,0,0,0,0,0,0,0,0,0,0,0,0,0,0,0,0,0,0,0,0,0,0,0,0,0,0,0,0,0,0,0,0,0,0,0,0,0,0,0,0,0,0,0,0,0,0,0,0,0,0,0,0],
[0,0,0,0,0,0,0,0,0,0,0,0,0,0,0,0,0,0,0,0,0,0,0,0,0,0,0,0,0,0,0,0,0,0,0,0,0,0,0,0,0,0,0,0,0,0,0,0,0,0,0,0,0,0,0,0,3.52,3.52,3.52,3.52,3.52,3.52,3.52,3.52,3.52,3.52,3.52,3.52,3.52,3.52,3.52,3.52,3.52,3.52,3.52,3.52,3.52,3.52,3.52,3.52,3.52,3.52,3.52,3.52,3.52,3.52,3.52,3.52,3.52,3.52,3.52,3.52,3.52,3.52,3.52,3.52,3.52,3.52,3.52,3.52,3.52,3.52,3.52,3.52,3.52,3.52,3.52,3.52,3.52,3.52,3.52,3.52,3.52,3.52,3.52,0,0,0,0,0,0,0,0,0,0,0,0,0,0,0,0,0,0,0,0,0,0,0,0,0,0,0,0,0,0,0,0,0,0,0,0,0,0,0,0,0,0,0,0,0,0,0,0,0,0,0,0,0,0,0,0,0,0,0,0,0,0,0,0,0],
[0,0,0,0,0,0,0,0,0,0,0,0,0,0,0,0,0,0,0,0,0,0,0,0,0,0,0,0,0,0,0,0,0,0,0,0,0,0,0,0,0,0,0,0,0,0,0,0,0,0,0,0,0,0,0,0,3.52,3.52,3.52,3.52,3.52,3.52,3.52,3.52,3.52,3.52,3.52,3.52,3.52,3.52,3.52,3.52,3.52,3.52,3.52,3.52,3.52,3.52,3.52,3.52,3.52,3.52,3.52,3.52,3.52,3.52,3.52,3.52,3.52,3.52,3.52,3.52,3.52,3.52,3.52,3.52,3.52,3.52,3.52,3.52,3.52,3.52,3.52,3.52,3.52,3.52,3.52,3.52,3.52,3.52,3.52,3.52,3.52,3.52,3.52,0,0,0,0,0,0,0,0,0,0,0,0,0,0,0,0,0,0,0,0,0,0,0,0,0,0,0,0,0,0,0,0,0,0,0,0,0,0,0,0,0,0,0,0,0,0,0,0,0,0,0,0,0,0,0,0,0,0,0,0,0,0,0,0,0],
[0,0,0,0,0,0,0,0,0,0,0,0,0,0,0,0,0,0,0,0,0,0,0,0,0,0,0,0,0,0,0,0,0,0,0,0,0,0,0,0,0,0,0,0,0,0,0,0,0,0,0,0,0,0,0,0,3.52,3.52,3.52,3.52,3.52,3.52,3.52,3.52,3.52,3.52,3.52,3.52,3.52,3.52,3.52,3.52,3.52,3.52,3.52,3.52,3.52,3.52,3.52,3.52,3.52,3.52,3.52,3.52,3.52,3.52,3.52,3.52,3.52,3.52,3.52,3.52,3.52,3.52,3.52,3.52,3.52,3.52,3.52,3.52,3.52,3.52,3.52,3.52,3.52,3.52,3.52,3.52,3.52,3.52,3.52,3.52,3.52,3.52,3.52,0,0,0,0,0,0,0,0,0,0,0,0,0,0,0,0,0,0,0,0,0,0,0,0,0,0,0,0,0,0,0,0,0,0,0,0,0,0,0,0,0,0,0,0,0,0,0,0,0,0,0,0,0,0,0,0,0,0,0,0,0,0,0,0,0],
[0,0,0,0,0,0,0,0,0,0,0,0,0,0,0,0,0,0,0,0,0,0,0,0,0,0,0,0,0,0,0,0,0,0,0,0,0,0,0,0,0,0,0,0,0,0,0,0,0,0,0,0,0,0,0,0,0,0,0,0,0,0,0,0,0,0,0,0,0,0,0,0,0,0,0,0,0,0,0,0,0,0,0,0,0,0,0,0,0,0,0,0,0,0,0,0,0,0,0,0,0,0,0,0,0,0,0,0,0,0,0,0,0,0,0,0,0,0,0,0,0,0,0,0,0,0,0,0,0,0,0,0,0,0,0,0,0,0,0,0,0,0,0,0,0,0,0,0,0,0,0,0,0,0,0,0,0,0,0,0,0,0,0,0,0,0,0,0,0,0,0,0,0,0,0,0,0,0,0,0],
[0,0,0,0,0,0,0,0,0,0,0,0,0,0,0,0,0,0,0,0,0,0,0,0,0,0,0,0,0,0,0,0,0,0,0,0,0,0,0,0,0,0,0,0,0,0,0,0,0,0,0,0,0,0,0,0,0,0,0,0,0,0,0,0,0,0,0,0,0,0,0,0,0,0,0,0,0,0,0,0,0,0,0,0,0,0,0,0,0,0,0,0,0,0,0,0,0,0,0,0,0,0,0,0,0,0,0,0,0,0,0,0,0,0,0,0,0,0,0,0,0,0,0,0,0,0,0,0,0,0,0,0,0,0,0,0,0,0,0,0,0,0,0,0,0,0,0,0,0,0,0,0,0,0,0,0,0,0,0,0,0,0,0,0,0,0,0,0,0,0,0,0,0,0,0,0,0,0,0,0],
[0,0,0,0,0,0,0,0,0,0,0,0,0,0,0,0,0,0,0,0,0,0,0,0,0,0,0,0,0,0,0,0,0,0,0,0,0,0,0,0,0,0,0,0,0,0,0,0,0,0,0,0,0,0,0,0,0,0,0,0,0,0,0,0,0,0,0,0,0,0,0,0,0,0,0,0,0,0,0,0,0,0,0,0,0,0,0,0,0,0,0,0,0,0,0,0,0,0,0,0,0,0,0,0,0,0,0,0,0,0,0,0,0,0,0,0,0,0,0,0,0,0,0,0,0,0,0,0,0,0,0,0,0,0,0,0,0,0,0,0,0,0,0,0,0,0,0,0,0,0,0,0,0,0,0,0,0,0,0,0,0,0,0,0,0,0,0,0,0,0,0,0,0,0,0,0,0,0,0,0],
[0,0,0,0,0,0,0,0,0,0,0,0,0,0,0,0,0,0,0,0,0,0,0,0,0,0,0,0,0,0,0,0,0,0,0,0,0,0,0,0,0,0,0,0,0,0,0,0,0,0,0,0,0,0,0,0,0,0,0,0,0,0,0,0,0,0,0,0,0,0,0,0,0,0,0,0,0,0,0,0,0,0,0,0,0,0,0,0,0,0,0,0,0,0,0,0,0,0,0,0,0,0,0,0,0,0,0,0,0,0,0,0,0,0,0,0,0,0,0,0,0,0,0,0,0,0,0,0,0,0,0,0,0,0,0,0,0,0,0,0,0,0,0,0,0,0,0,0,0,0,0,0,0,0,0,0,0,0,0,0,0,0,0,0,0,0,0,0,0,0,0,0,0,0,0,0,0,0,0,0],
[0,0,0,0,0,0,0,0,0,0,0,0,0,0,0,0,0,0,0,0,0,0,0,0,0,0,0,0,0,0,0,0,0,0,0,0,0,0,0,0,0,0,0,0,0,0,0,0,0,0,0,0,0,0,0,0,0,0,0,0,0,0,0,0,0,0,0,0,0,0,0,0,0,0,0,0,0,0,0,0,0,0,0,0,0,0,0,0,0,0,0,0,0,0,0,0,0,0,0,0,0,0,0,0,0,0,0,0,0,0,0,0,0,0,0,0,0,0,0,0,0,0,0,0,0,0,0,0,0,0,0,0,0,0,0,0,0,0,0,0,0,0,0,0,0,0,0,0,0,0,0,0,0,0,0,0,0,0,0,0,0,0,0,0,0,0,0,0,0,0,0,0,0,0,0,0,0,0,0,0],
[0,0,0,0,0,0,0,0,0,0,0,0,0,0,0,0,0,0,0,0,0,0,0,0,0,0,0,0,0,0,0,0,0,0,0,0,0,0,0,0,0,0,0,0,0,0,0,0,0,0,0,0,0,0,0,0,0,0,0,0,0,0,0,0,0,0,0,0,0,0,0,0,0,0,0,0,0,0,0,0,0,0,0,0,0,0,0,0,0,0,0,0,0,0,0,0,0,0,0,0,0,0,0,0,0,0,0,0,0,0,0,0,0,0,0,0,0,0,0,0,0,0,0,0,0,0,0,0,0,0,0,0,0,0,0,0,0,0,0,0,0,0,0,0,0,0,0,0,0,0,0,0,0,0,0,0,0,0,0,0,0,0,0,0,0,0,0,0,0,0,0,0,0,0,0,0,0,0,0,0],
[0,0,0,0,0,0,0,0,0,0,0,0,0,0,0,0,0,0,0,0,0,0,0,0,0,0,0,0,0,0,0,0,0,0,0,0,0,0,0,0,0,0,0,0,0,0,0,0,0,0,0,0,0,0,0,0,0,0,0,0,0,0,0,0,0,0,0,0,0,0,0,0,0,0,0,0,0,0,0,0,0,0,0,0,0,0,0,0,0,0,0,0,0,0,0,0,0,0,0,0,0,0,0,0,0,0,0,0,0,0,0,0,0,0,0,0,0,0,0,0,0,0,0,0,0,0,0,0,0,0,0,0,0,0,0,0,0,0,0,0,0,0,0,0,0,0,0,0,0,0,0,0,0,0,0,0,0,0,0,0,0,0,0,0,0,0,0,0,0,0,0,0,0,0,0,0,0,0,0,0]]