[[0,0,0,0,0,0,0,0,0,0,0,0,0,0,0,0,0,0,0,0,0,0,0,0,0,0,0,0,0,0,0,0,0,0,0,0,0,0,0,0,0,0,0,0,0,0,0,0,0,0,0,0,0,0,0,0,0,0,0,0,0,0,0,0,0,0,0,0,0,0,0,0,0,0,0],
[0,0,0,0,0,0,0,0,0,0,0,0,0,0,0,0,0,0,0,0,0,0,0,0,0,0,0,0,0,0,0,0,0,0,0,0,0,0,0,0,0,0,0,0,0,0,0,0,0,0,0,0,0,0,0,0,0,0,0,0,0,0,0,0,0,0,0,0,0,0,0,0,0,0,0],
[0,0,0,0,0,0,0,0,0,0,0,0,0,0,0,0,0,0,0,0,0,0,0,0,0,0,0,0,0,0,0,0,0,0,0,0,0,0,0,0,0,0,0,0,0,0,0,0,0,0,0,0,0,0,0,0,0,0,0,0,0,0,0,0,0,0,0,0,0,0,0,0,0,0,0],
[0,0,0,0,0,0,0,0,0,0,0,0,0,0,0,0,0,0,0,0,0,0,0,0,0,0,0,0,0,0,0,0,0,0,0,0,0,0,0,0,0,0,0,0,0,0,0,0,0,0,0,0,0,0,0,0,0,0,0,0,0,0,0,0,0,0,0,0,0,0,0,0,0,0,0],
[0,0,0,0,0,0,0,0,0,0,0,0,0,0,0,0,0,0,0,0,0,0,0,0,0,0,0,0,0,0,0,0,0,0,0,0,0,0,0,0,0,0,0,0,0,0,0,0,0,0,0,0,0,0,0,0,0,0,0,0,0,0,0,0,0,0,0,0,0,0,0,0,0,0,0],
[0,0,0,0,0,0,0,0,0,0,0,0,0,0,0,0,0,0,0,0,0,0,0,0,0,0,0,0,0,0,0,0,8.80,8.80,8.80,8.80,8.80,8.80,8.80,8.80,8.80,0,0,0,0,0,0,0,0,0,0,0,0,0,0,0,0,0,0,0,0,0,0,0,0,0,0,0,0,0,0,0,0,0,0],
[0,0,0,0,0,0,0,0,0,0,0,0,0,0,0,0,0,0,0,0,0,0,0,0,0,0,0,0,0,0,0,8.80,8.80,8.80,8.80,8.80,8.80,8.80,8.80,8.80,8.80,8.80,0,0,0,0,0,0,0,0,0,0,0,0,0,0,0,0,0,0,0,0,0,0,0,0,0,0,0,0,0,0,0,0,0],
[0,0,0,0,0,0,0,0,0,0,0,0,0,0,0,0,0,0,0,0,0,0,0,0,0,0,8.80,8.80,8.80,8.80,8.80,8.80,8.80,8.80,8.80,8.80,8.80,8.80,8.80,8.80,8.80,8.80,8.80,8.80,8.80,8.80,8.80,0,0,0,0,0,0,0,0,0,0,0,0,0,0,0,0,0,0,0,0,0,0,0,0,0,0,0,0],
[0,0,0,0,0,8.80,8.80,8.80,8.80,8.80,8.80,8.80,8.80,8.80,0,0,0,0,0,0,0,0,0,0,0,8.80,8.80,8.80,8.80,8.80,8.80,8.80,8.80,8.80,8.80,8.80,8.80,8.80,8.80,8.80,8.80,8.80,8.80,8.80,8.80,8.80,8.80,8.80,0,0,0,0,0,0,0,0,0,0,0,8.80,8.80,8.80,8.80,8.80,8.80,8.80,8.80,8.80,0,0,0,0,0,0,0],
[0,0,0,8.80,8.80,8.80,8.80,8.80,8.80,8.80,8.80,8.80,8.80,8.80,8.80,8.80,0,0,0,0,0,0,0,0,0,8.80,8.80,8.80,8.80,8.80,8.80,8.80,8.80,8.80,8.80,8.80,8.80,8.80,8.80,8.80,8.80,8.80,8.80,8.80,8.80,8.80,8.80,8.80,0,0,0,0,0,0,0,0,0,8.80,8.80,8.80,8.80,8.80,8.80,8.80,8.80,8.80,8.80,8.80,8.80,8.80,0,0,0,0,0],
[0,0,8.80,8.80,8.80,8.80,8.80,8.80,8.80,8.80,8.80,8.80,8.80,8.80,8.80,8.80,0,0,0,0,0,0,0,0,0,8.80,8.80,8.80,8.80,8.80,8.80,8.80,8.80,8.80,8.80,8.80,8.80,8.80,8.80,8.80,8.80,8.80,8.80,8.80,8.80,8.80,8.80,8.80,0,0,0,0,0,0,0,0,0,8.80,8.80,8.80,8.80,8.80,8.80,8.80,8.80,8.80,8.80,8.80,8.80,8.80,8.80,0,0,0,0],
[0,0,8.80,8.80,8.80,8.80,8.80,8.80,8.80,8.80,8.80,8.80,8.80,8.80,8.80,8.80,8.80,0,0,0,0,0,0,0,0,8.80,8.80,8.80,8.80,8.80,8.80,8.80,8.80,8.80,8.80,8.80,8.80,8.80,8.80,8.80,8.80,8.80,8.80,8.80,8.80,8.80,8.80,8.80,0,0,0,0,0,0,0,0,8.80,8.80,8.80,8.80,8.80,8.80,8.80,8.80,8.80,8.80,8.80,8.80,8.80,8.80,8.80,0,0,0,0],
[0,8.80,8.80,8.80,8.80,8.80,8.80,8.80,8.80,8.80,8.80,8.80,8.80,8.80,8.80,8.80,8.80,8.80,8.80,8.80,8.80,8.80,8.80,8.80,0,8.80,8.80,8.80,8.80,8.80,8.80,8.80,8.80,8.80,8.80,8.80,8.80,8.80,8.80,8.80,8.80,8.80,8.80,8.80,8.80,8.80,8.80,8.80,0,8.80,8.80,8.80,8.80,8.80,8.80,8.80,8.80,8.80,8.80,8.80,8.80,8.80,8.80,8.80,8.80,8.80,8.80,8.80,8.80,8.80,8.80,8.80,0,0,0],
[0,8.80,8.80,8.80,8.80,8.80,8.80,8.80,8.80,8.80,8.80,8.80,8.80,8.80,8.80,8.80,8.80,8.80,8.80,8.80,8.80,8.80,8.80,8.80,8.80,8.80,8.80,8.80,8.80,8.80,8.80,8.80,8.80,8.80,8.80,8.80,8.80,8.80,8.80,8.80,8.80,8.80,8.80,8.80,8.80,8.80,8.80,8.80,8.80,8.80,8.80,8.80,8.80,8.80,8.80,8.80,8.80,8.80,8.80,8.80,8.80,8.80,8.80,8.80,8.80,8.80,8.80,8.80,8.80,8.80,8.80,8.80,0,0,0],
[0,8.80,8.80,8.80,8.80,8.80,8.80,8.80,8.80,8.80,8.80,8.80,8.80,8.80,8.80,8.80,8.80,8.80,8.80,8.80,8.80,8.80,8.80,8.80,8.80,8.80,8.80,8.80,8.80,8.80,8.80,8.80,8.80,8.80,8.80,8.80,8.80,8.80,8.80,8.80,8.80,8.80,8.80,8.80,8.80,8.80,8.80,8.80,8.80,8.80,8.80,8.80,8.80,8.80,8.80,8.80,8.80,8.80,8.80,8.80,8.80,8.80,8.80,8.80,8.80,8.80,8.80,8.80,8.80,8.80,8.80,8.80,0,0,0],
[0,8.80,8.80,8.80,8.80,8.80,8.80,8.80,8.80,8.80,8.80,8.80,8.80,8.80,8.80,8.80,8.80,8.80,8.80,8.80,8.80,8.80,8.80,8.80,8.80,8.80,8.80,8.80,8.80,8.80,8.80,8.80,8.80,8.80,8.80,8.80,8.80,8.80,8.80,8.80,8.80,8.80,8.80,8.80,8.80,8.80,8.80,8.80,8.80,8.80,8.80,8.80,8.80,8.80,8.80,8.80,8.80,8.80,8.80,8.80,8.80,8.80,8.80,8.80,8.80,8.80,8.80,8.80,8.80,8.80,8.80,8.80,0,0,0],
[0,8.80,8.80,8.80,8.80,8.80,8.80,8.80,8.80,8.80,8.80,8.80,8.80,8.80,8.80,8.80,8.80,8.80,8.80,8.80,8.80,8.80,8.80,8.80,8.80,8.80,8.80,8.80,8.80,8.80,8.80,8.80,8.80,8.80,8.80,8.80,8.80,8.80,8.80,8.80,8.80,8.80,8.80,8.80,8.80,8.80,8.80,8.80,8.80,8.80,8.80,8.80,8.80,8.80,8.80,8.80,8.80,8.80,8.80,8.80,8.80,8.80,8.80,8.80,8.80,8.80,8.80,8.80,8.80,8.80,8.80,8.80,0,0,0],
[0,8.80,8.80,8.80,8.80,8.80,8.80,8.80,8.80,8.80,8.80,8.80,8.80,8.80,8.80,8.80,8.80,8.80,8.80,8.80,8.80,8.80,8.80,8.80,8.80,8.80,8.80,8.80,8.80,8.80,8.80,8.80,8.80,8.80,8.80,8.80,8.80,8.80,8.80,8.80,8.80,8.80,8.80,8.80,8.80,8.80,8.80,8.80,8.80,8.80,8.80,8.80,8.80,8.80,8.80,8.80,8.80,8.80,8.80,8.80,8.80,8.80,8.80,8.80,8.80,8.80,8.80,8.80,8.80,8.80,8.80,8.80,0,0,0],
[0,8.80,8.80,8.80,8.80,8.80,8.80,8.80,8.80,8.80,8.80,8.80,8.80,8.80,8.80,8.80,8.80,8.80,8.80,8.80,8.80,8.80,8.80,8.80,0,8.80,8.80,8.80,8.80,8.80,8.80,8.80,8.80,8.80,8.80,8.80,8.80,8.80,8.80,8.80,8.80,8.80,8.80,8.80,8.80,8.80,8.80,8.80,0,8.80,8.80,8.80,8.80,8.80,8.80,8.80,8.80,8.80,8.80,8.80,8.80,8.80,8.80,8.80,8.80,8.80,8.80,8.80,8.80,8.80,8.80,8.80,0,0,0],
[0,0,8.80,8.80,8.80,8.80,8.80,8.80,8.80,8.80,8.80,8.80,8.80,8.80,8.80,8.80,8.80,0,0,0,0,0,0,0,0,8.80,8.80,8.80,8.80,8.80,8.80,8.80,8.80,8.80,8.80,8.80,8.80,8.80,8.80,8.80,8.80,8.80,8.80,8.80,8.80,8.80,8.80,8.80,0,0,0,0,0,0,0,0,8.80,8.80,8.80,8.80,8.80,8.80,8.80,8.80,8.80,8.80,8.80,8.80,8.80,8.80,8.80,0,0,0,0],
[0,0,8.80,8.80,8.80,8.80,8.80,8.80,8.80,8.80,8.80,8.80,8.80,8.80,8.80,8.80,0,0,0,0,0,0,0,0,0,8.80,8.80,8.80,8.80,8.80,8.80,8.80,8.80,8.80,8.80,8.80,8.80,8.80,8.80,8.80,8.80,8.80,8.80,8.80,8.80,8.80,8.80,8.80,0,0,0,0,0,0,0,0,0,8.80,8.80,8.80,8.80,8.80,8.80,8.80,8.80,8.80,8.80,8.80,8.80,8.80,8.80,0,0,0,0],
[0,0,0,8.80,8.80,8.80,8.80,8.80,8.80,8.80,8.80,8.80,8.80,8.80,8.80,8.80,0,0,0,0,0,0,0,0,0,8.80,8.80,8.80,8.80,8.80,8.80,8.80,8.80,8.80,8.80,8.80,8.80,8.80,8.80,8.80,8.80,8.80,8.80,8.80,8.80,8.80,8.80,8.80,0,0,0,0,0,0,0,0,0,8.80,8.80,8.80,8.80,8.80,8.80,8.80,8.80,8.80,8.80,8.80,8.80,8.80,0,0,0,0,0],
[0,0,0,0,0,8.80,8.80,8.80,8.80,8.80,8.80,8.80,8.80,8.80,0,0,0,0,0,0,0,0,0,0,0,0,8.80,8.80,8.80,8.80,8.80,8.80,8.80,8.80,8.80,8.80,8.80,8.80,8.80,8.80,8.80,8.80,8.80,8.80,8.80,8.80,8.80,0,0,0,0,0,0,0,0,0,0,0,0,8.80,8.80,8.80,8.80,8.80,8.80,8.80,8.80,8.80,0,0,0,0,0,0,0],
[0,0,0,0,0,0,0,0,0,0,0,0,0,0,0,0,0,0,0,0,0,0,0,0,0,0,8.80,8.80,8.80,8.80,8.80,8.80,8.80,8.80,8.80,8.80,8.80,8.80,8.80,8.80,8.80,8.80,8.80,8.80,8.80,8.80,8.80,0,0,0,0,0,0,0,0,0,0,0,0,0,0,0,0,0,0,0,0,0,0,0,0,0,0,0,0],
[0,0,0,0,0,0,0,0,0,0,0,0,0,0,0,0,0,0,0,0,0,0,0,0,0,0,0,0,0,0,0,8.80,8.80,8.80,8.80,8.80,8.80,8.80,8.80,8.80,8.80,8.80,0,0,0,0,0,0,0,0,0,0,0,0,0,0,0,0,0,0,0,0,0,0,0,0,0,0,0,0,0,0,0,0,0],
[0,0,0,0,0,0,0,0,0,0,0,0,0,0,0,0,0,0,0,0,0,0,0,0,0,0,0,0,0,0,0,0,8.80,8.80,8.80,8.80,8.80,8.80,8.80,8.80,8.80,0,0,0,0,0,0,0,0,0,0,0,0,0,0,0,0,0,0,0,0,0,0,0,0,0,0,0,0,0,0,0,0,0,0],
[0,0,0,0,0,0,0,0,0,0,0,0,0,0,0,0,0,0,0,0,0,0,0,0,0,0,0,0,0,0,0,0,0,0,0,0,0,0,0,0,0,0,0,0,0,0,0,0,0,0,0,0,0,0,0,0,0,0,0,0,0,0,0,0,0,0,0,0,0,0,0,0,0,0,0],
[0,0,0,0,0,0,0,0,0,0,0,0,0,0,0,0,0,0,0,0,0,0,0,0,0,0,0,0,0,0,0,0,0,0,0,0,0,0,0,0,0,0,0,0,0,0,0,0,0,0,0,0,0,0,0,0,0,0,0,0,0,0,0,0,0,0,0,0,0,0,0,0,0,0,0],
[0,0,0,0,0,0,0,0,0,0,0,0,0,0,0,0,0,0,0,0,0,0,0,0,0,0,0,0,0,0,0,0,0,0,0,0,0,0,0,0,0,0,0,0,0,0,0,0,0,0,0,0,0,0,0,0,0,0,0,0,0,0,0,0,0,0,0,0,0,0,0,0,0,0,0],
[0,0,0,0,0,0,0,0,0,0,0,0,0,0,0,0,0,0,0,0,0,0,0,0,0,0,0,0,0,0,0,0,0,0,0,0,0,0,0,0,0,0,0,0,0,0,0,0,0,0,0,0,0,0,0,0,0,0,0,0,0,0,0,0,0,0,0,0,0,0,0,0,0,0,0]]