[[0,0,0,0,0,0,0,0,0,0,0,0,0,0,0,0,0,0,0,0,0,0,0,0,0,0,0,0,0,0,0,0,0,0,0,0,0,0,0,0,0,0,0,0,0,0,0,0,0,0,0,0,0,0,0,0,0,0,0,0,0,0,0,0,0,0,0,0,0,0,0,0,0,0,0,0,0,0,0,0,0,0],
[0,0,0,0,0,0,0,0,0,0,0,0,0,0,0,0,0,0,0,0,0,0,0,0,0,0,0,0,0,0,0,0,0,0,0,0,0,0,0,0,0,0,0,0,0,0,0,0,0,0,0,0,0,0,0,0,0,0,0,0,0,0,0,0,0,0,0,0,0,0,0,0,0,0,0,0,0,0,0,0,0,0],
[0,0,0,0,0,0,0,0,0,0,0,0,0,0,0,0,0,0,0,0,0,0,0,0,0,0,0,0,0,0,0,0,0,0,0,0,0,0,0,0,0,0,0,0,0,0,0,0,0,0,0,0,0,0,0,0,0,0,0,0,0,0,0,0,0,0,0,0,0,0,0,0,0,0,0,0,0,0,0,0,0,0],
[0,0,0,0,0,0,0,0,0,0,0,0,0,0,0,0,0,0,0,0,0,0,0,0,0,0,0,0,0,0,0,0,0,0,0,0,0,0,0,0,0,0,0,0,0,0,0,0,0,0,0,0,0,0,0,0,0,0,0,0,0,0,0,0,0,0,0,0,0,0,0,0,0,0,0,0,0,0,0,0,0,0],
[0,0,0,0,0,0,0,0,0,0,0,0,0,0,0,0,0,0,0,0,0,0,0,0,0,0,0,0,0,0,0,0,0,0,0,0,0,0,0,0,0,0,0,0,0,0,0,0,0,0,0,0,0,0,0,0,0,0,0,0,0,0,0,0,0,0,0,0,0,0,0,0,0,0,0,0,0,0,0,0,0,0],
[0,0,0,0,0,0,0,0,0,0,0,0,0,0,0,0,0,0,0,0,0,0,0,0,0,0,0,0,0,0,0,0,0,0,0,0,0,0,0,0,0,0,0,0,0,0,0,0,0,0,0,0,0,0,0,0,0,0,0,0,0,0,0,0,0,0,0,0,0,0,0,0,0,0,0,0,0,0,0,0,0,0],
[0,0,0,0,0,0,0,0,0,0,0,0,0,0,0,0,0,0,0,0,0,0,0,0,0,0,0,0,0,0,0,0,0,0,0,0,0,0,0,0,0,0,0,0,0,0,0,0,0,0,0,0,0,0,0,0,0,0,0,0,0,0,0,0,0,0,0,0,0,0,0,0,0,0,0,0,0,0,0,0,0,0],
[0,0,0,0,0,0,0,0,0,0,0,0,0,0,0,0,0,0,0,0,0,0,0,0,0,0,0,0,0,0,0,0,0,0,0,0,0,0,0,0,0,0,0,0,0,0,0,0,0,0,0,0,0,0,0,0,0,0,0,0,0,0,0,0,0,0,0,0,0,0,0,0,0,0,0,0,0,0,0,0,0,0],
[0,0,0,0,0,0,0,0,0,0,0,0,0,0,0,0,0,0,0,0,0,0,0,0,0,0,0,0,0,0,0,0,0,0,0,0,0,0,0,0,0,0,0,0,0,0,0,0,0,0,0,0,0,0,0,0,0,0,0,0,0,0,0,0,0,0,0,0,0,0,0,0,0,0,0,0,0,0,0,0,0,0],
[0,0,0,0,0,0,0,0,0,0,0,0,0,0,0,0,0,0,0,0,0,0,0,0,0,0,0,0,0,0,0,0,0,0,0,0,0,0,0,0,0,0,0,0,0,0,0,0,0,0,0,0,0,9.50,9.50,9.50,9.50,9.50,9.50,9.50,9.50,9.50,9.50,9.50,9.50,9.50,9.50,9.50,9.50,9.50,9.50,9.50,9.50,0,0,0,0,0,0,0,0,0],
[0,0,0,0,0,0,0,0,0,0,0,0,0,0,0,0,0,0,0,0,0,0,0,0,0,0,0,0,0,0,0,0,0,0,0,0,0,0,0,0,0,0,0,0,0,0,0,0,0,0,0,0,0,9.50,9.50,9.50,9.50,9.50,9.50,9.50,9.50,9.50,9.50,9.50,9.50,9.50,9.50,9.50,9.50,9.50,9.50,9.50,9.50,0,0,0,0,0,0,0,0,0],
[0,0,0,0,0,0,0,0,0,0,0,0,0,0,0,0,0,0,0,0,0,0,0,0,0,0,0,0,0,0,0,0,0,0,0,0,0,0,0,0,0,0,0,0,0,0,0,0,0,0,0,0,0,9.50,9.50,9.50,9.50,9.50,9.50,9.50,9.50,9.50,9.50,9.50,9.50,9.50,9.50,9.50,9.50,9.50,9.50,9.50,9.50,0,0,0,0,0,0,0,0,0],
[0,0,0,0,0,0,0,0,0,0,0,0,0,0,0,0,0,0,0,0,0,0,0,0,0,0,0,0,0,0,0,0,0,0,0,0,0,0,0,0,0,0,0,0,0,0,0,0,0,0,0,0,0,9.50,9.50,9.50,9.50,9.50,9.50,9.50,9.50,9.50,9.50,9.50,9.50,9.50,9.50,9.50,9.50,9.50,9.50,9.50,9.50,0,0,0,0,0,0,0,0,0],
[0,0,0,0,0,0,0,0,0,0,0,0,0,0,0,0,0,0,0,0,0,0,0,0,0,0,0,0,0,0,0,0,0,0,0,0,0,0,0,0,0,0,0,0,0,0,0,0,0,0,0,0,0,9.50,9.50,9.50,9.50,9.50,9.50,9.50,9.50,9.50,9.50,9.50,9.50,9.50,9.50,9.50,9.50,9.50,9.50,9.50,9.50,0,0,0,0,0,0,0,0,0],
[0,0,0,0,0,0,0,0,0,0,0,0,0,0,0,0,0,0,0,0,0,0,0,0,0,0,0,0,0,0,0,0,0,0,0,0,0,0,0,0,0,0,0,0,0,0,0,0,0,0,0,0,0,9.50,9.50,9.50,9.50,9.50,9.50,9.50,9.50,9.50,9.50,9.50,9.50,9.50,9.50,9.50,9.50,9.50,9.50,9.50,9.50,0,0,0,0,0,0,0,0,0],
[0,0,0,0,0,0,0,0,0,0,0,0,0,0,0,0,0,0,0,0,0,0,0,0,0,0,0,0,0,0,0,0,0,0,0,0,0,0,0,0,0,0,0,0,0,0,0,0,0,0,0,0,0,9.50,9.50,9.50,9.50,9.50,9.50,9.50,9.50,9.50,9.50,9.50,9.50,9.50,9.50,9.50,9.50,9.50,9.50,9.50,9.50,0,0,0,0,0,0,0,0,0],
[0,0,0,0,0,0,0,0,0,0,0,0,0,0,0,0,0,0,0,0,0,0,0,0,0,0,0,0,0,0,0,0,0,0,0,0,0,0,0,0,0,0,0,0,0,0,0,0,0,0,0,0,0,9.50,9.50,9.50,9.50,9.50,9.50,9.50,9.50,9.50,9.50,9.50,9.50,9.50,9.50,9.50,9.50,9.50,9.50,9.50,9.50,0,0,0,0,0,0,0,0,0],
[0,0,0,0,0,0,0,0,0,0,0,0,0,0,0,0,0,0,0,0,0,0,0,0,0,0,0,0,0,0,0,0,0,0,0,0,0,0,0,0,0,0,0,0,0,0,0,0,0,0,0,0,0,9.50,9.50,9.50,9.50,9.50,9.50,9.50,9.50,9.50,9.50,9.50,9.50,9.50,9.50,9.50,9.50,9.50,9.50,9.50,9.50,0,0,0,0,0,0,0,0,0],
[0,0,0,0,0,0,0,0,0,0,0,0,0,0,0,0,0,0,0,0,0,0,0,0,0,0,0,0,0,0,0,0,0,0,0,0,0,0,0,0,0,0,0,0,0,0,0,0,0,0,0,0,0,9.50,9.50,9.50,9.50,9.50,9.50,9.50,9.50,9.50,9.50,9.50,9.50,9.50,9.50,9.50,9.50,9.50,9.50,9.50,9.50,0,0,0,0,0,0,0,0,0],
[0,0,0,0,0,0,0,0,0,0,0,0,0,0,0,0,0,0,0,0,0,0,0,0,0,0,0,0,0,0,0,0,0,0,0,0,0,0,0,0,0,0,0,0,0,0,0,0,0,0,0,0,0,9.50,9.50,9.50,9.50,9.50,9.50,9.50,9.50,9.50,9.50,9.50,9.50,9.50,9.50,9.50,9.50,9.50,9.50,9.50,9.50,0,0,0,0,0,0,0,0,0],
[0,0,0,0,0,0,0,0,0,0,0,0,0,0,0,0,0,0,0,0,0,0,0,0,0,0,0,0,0,0,0,0,0,0,0,0,0,0,0,0,0,0,0,0,0,0,0,0,0,0,0,0,0,9.50,9.50,9.50,9.50,9.50,9.50,9.50,9.50,9.50,9.50,9.50,9.50,9.50,9.50,9.50,9.50,9.50,9.50,9.50,9.50,0,0,0,0,0,0,0,0,0],
[0,0,0,0,0,0,0,0,0,0,0,0,0,0,0,0,0,0,0,0,0,0,0,0,0,0,0,0,0,0,0,0,0,0,0,0,0,0,0,0,0,0,0,0,0,0,0,0,0,0,0,0,0,9.50,9.50,9.50,9.50,9.50,9.50,9.50,9.50,9.50,9.50,9.50,9.50,9.50,9.50,9.50,9.50,9.50,9.50,9.50,9.50,0,0,0,0,0,0,0,0,0],
[0,0,0,0,0,0,0,0,0,0,0,0,0,0,0,0,0,0,0,0,0,0,0,0,0,0,0,0,0,0,0,0,0,0,0,0,0,0,0,0,0,0,0,0,0,0,0,0,0,0,0,0,0,9.50,9.50,9.50,9.50,9.50,9.50,9.50,9.50,9.50,9.50,9.50,9.50,9.50,9.50,9.50,9.50,9.50,9.50,9.50,9.50,0,0,0,0,0,0,0,0,0],
[0,0,0,0,0,0,0,0,0,0,0,0,0,0,0,0,0,0,0,0,0,0,0,0,0,0,0,0,0,0,0,0,0,0,0,0,0,0,0,0,0,0,0,0,0,0,0,0,0,0,0,0,0,9.50,9.50,9.50,9.50,9.50,9.50,9.50,9.50,9.50,9.50,9.50,9.50,9.50,9.50,9.50,9.50,9.50,9.50,9.50,9.50,0,0,0,0,0,0,0,0,0],
[0,0,0,0,0,0,0,0,0,0,0,0,0,0,0,0,0,0,0,0,0,0,0,0,0,0,0,0,0,0,0,0,0,0,0,0,0,0,0,0,0,0,0,0,0,0,0,0,0,0,0,0,0,9.50,9.50,9.50,9.50,9.50,9.50,9.50,9.50,9.50,9.50,9.50,9.50,9.50,9.50,9.50,9.50,9.50,9.50,9.50,9.50,0,0,0,0,0,0,0,0,0],
[0,0,0,0,0,0,0,0,0,0,0,0,0,0,0,0,0,0,0,0,0,0,0,0,0,0,0,0,0,0,0,0,0,0,0,0,0,0,0,0,0,0,0,0,0,0,0,0,0,0,0,0,0,9.50,9.50,9.50,9.50,9.50,9.50,9.50,9.50,9.50,9.50,9.50,9.50,9.50,9.50,9.50,9.50,9.50,9.50,9.50,9.50,0,0,0,0,0,0,0,0,0],
[0,0,0,0,0,0,0,0,0,0,0,0,0,0,0,0,0,0,0,0,0,0,0,0,0,0,0,0,0,0,0,0,0,0,0,0,0,0,0,0,0,0,0,0,0,0,0,0,0,0,0,0,0,9.50,9.50,9.50,9.50,9.50,9.50,9.50,9.50,9.50,9.50,9.50,9.50,9.50,9.50,9.50,9.50,9.50,9.50,9.50,9.50,0,0,0,0,0,0,0,0,0],
[0,0,0,0,0,0,0,0,0,0,0,0,0,0,0,0,0,0,0,0,0,0,0,0,0,0,0,0,0,0,0,0,0,0,0,0,0,0,0,0,0,0,0,0,0,0,0,0,0,0,0,0,0,9.50,9.50,9.50,9.50,9.50,9.50,9.50,9.50,9.50,9.50,9.50,9.50,9.50,9.50,9.50,9.50,9.50,9.50,9.50,9.50,0,0,0,0,0,0,0,0,0],
[0,0,0,0,0,0,0,0,0,0,0,0,0,0,0,0,0,0,0,0,0,0,0,0,0,0,0,0,0,0,0,0,0,0,0,0,0,0,0,0,0,0,0,0,0,0,0,0,0,0,0,0,0,9.50,9.50,9.50,9.50,9.50,9.50,0,9.54,9.56,9.58,9.59,9.60,9.56,0,9.50,9.50,9.50,9.50,9.50,9.50,0,0,0,0,0,0,0,0,0],
[0,0,0,0,0,0,0,0,0,0,0,0,0,0,0,0,0,0,0,0,0,0,0,0,0,0,0,0,0,0,0,0,0,0,0,0,0,0,0,0,0,0,0,0,0,0,0,0,0,0,0,0,0,0,0,0,0,0,0,0,9.84,9.81,9.79,9.77,9.75,9.79,0,0,0,0,0,0,0,0,0,0,0,0,0,0,0,0],
[0,0,0,0,0,0,0,0,0,0,0,0,0,0,0,0,0,0,0,0,0,0,0,0,0,0,0,0,0,0,0,0,0,0,0,0,0,0,0,0,0,0,0,0,0,0,0,0,0,0,0,0,0,0,0,0,0,0,0,0,10.33,10.28,10.26,10.24,10.23,10.25,0,0,0,0,0,0,0,0,0,0,0,0,0,0,0,0],
[0,0,0,0,0,0,0,0,0,0,0,0,0,0,0,0,0,0,0,0,0,0,0,0,0,0,0,0,0,0,0,0,0,0,0,0,0,0,0,0,0,0,0,0,0,0,0,0,0,0,0,0,0,0,0,0,0,0,0,0,10.81,10.75,10.73,10.72,10.73,10.74,0,0,0,0,0,0,0,0,0,0,0,0,0,0,0,0],
[0,0,0,0,0,0,0,0,0,0,0,0,0,0,0,0,0,0,0,0,0,0,0,0,0,0,0,0,0,0,0,0,0,0,0,0,0,0,0,0,0,0,0,0,0,0,0,0,0,0,0,0,0,0,0,0,0,0,0,0,11.30,11.22,11.20,11.21,11.22,11.24,0,0,0,0,0,0,0,0,0,0,0,0,0,0,0,0],
[0,0,0,0,0,0,0,0,0,0,0,0,0,0,0,0,0,0,0,0,0,0,0,0,0,0,0,0,0,0,0,0,0,0,0,0,0,0,0,0,0,0,0,0,0,0,0,0,0,0,0,0,0,0,0,0,0,0,0,0,11.79,11.70,11.69,11.70,11.72,11.73,0,0,0,0,0,0,0,0,0,0,0,0,0,0,0,0],
[0,0,0,0,0,0,0,0,0,0,0,0,0,0,0,0,0,0,0,0,0,0,0,0,0,0,0,0,0,0,0,0,0,0,0,0,0,0,0,0,0,0,0,0,0,0,0,0,0,0,0,0,0,0,0,0,0,0,0,0,12.28,12.17,12.18,12.20,12.21,12.22,12.24,0,0,0,0,0,0,0,0,0,0,0,0,0,0,0],
[0,0,0,0,0,0,0,0,0,0,0,0,0,0,0,0,0,0,0,0,0,0,0,0,0,0,0,0,0,0,0,0,0,0,0,0,0,0,0,0,0,0,0,0,0,0,0,0,0,0,0,0,0,0,0,0,0,0,0,0,12.77,12.69,12.68,12.69,12.70,12.72,12.73,0,0,0,0,0,0,0,0,0,0,0,0,0,0,0],
[0,0,0,0,0,0,0,0,0,0,0,0,0,0,0,0,0,0,0,0,0,0,0,0,0,0,0,0,0,0,0,0,0,0,0,0,0,0,0,0,0,0,0,0,0,0,0,0,0,0,0,0,0,0,0,0,0,0,0,0,13.26,13.21,13.20,13.19,13.20,13.21,13.23,0,0,0,0,0,0,0,0,0,0,0,0,0,0,0],
[0,0,0,0,0,0,0,0,0,0,0,0,0,0,0,0,0,0,0,0,0,0,0,0,0,0,0,0,0,0,0,0,0,0,0,0,0,0,0,0,0,0,0,0,0,0,0,0,0,0,0,0,0,0,0,0,0,0,0,0,13.75,13.73,13.72,13.71,13.71,13.71,13.72,0,0,0,0,0,0,0,0,0,0,0,0,0,0,0],
[0,0,0,18.08,18.08,18.08,18.08,18.08,18.08,18.08,18.08,18.08,18.08,18.08,18.08,18.08,18.08,18.08,18.08,18.08,18.08,18.08,18.08,18.08,18.08,18.08,18.08,18.08,18.08,18.08,18.08,18.08,18.08,18.08,18.08,18.08,18.08,0,0,0,0,0,0,0,0,0,13.83,13.83,13.83,13.83,13.83,13.83,13.83,13.83,13.83,13.83,13.83,13.83,13.83,13.83,13.86,13.86,13.86,13.86,13.86,13.86,13.83,13.83,13.83,13.83,13.83,13.83,13.83,13.83,13.83,13.83,13.83,13.83,13.83,13.83,0,0],
[0,0,0,18.08,18.08,18.08,18.08,18.08,18.08,18.08,18.08,18.08,18.08,18.08,18.08,18.08,18.08,18.08,18.08,18.08,18.08,18.08,18.08,18.08,18.08,18.08,18.08,18.08,18.08,18.08,18.08,18.08,18.08,18.08,18.08,18.08,18.08,0,0,0,0,0,0,0,0,0,13.83,13.83,13.83,13.83,13.83,13.83,13.83,13.83,13.83,13.83,13.83,13.83,13.83,13.83,13.83,13.83,13.83,13.83,13.83,13.83,13.83,13.83,13.83,13.83,13.83,13.83,13.83,13.83,13.83,13.83,13.83,13.83,13.83,13.83,0,0],
[0,0,0,18.08,18.08,18.08,18.08,18.08,18.08,18.08,18.08,18.08,18.08,18.08,18.08,18.08,18.08,18.08,18.08,18.08,18.08,18.08,18.08,18.08,18.08,18.08,18.08,18.08,18.08,18.08,18.08,18.08,18.08,18.08,18.08,18.08,18.08,0,0,0,0,0,0,0,0,0,13.83,13.83,13.83,13.83,13.83,13.83,13.83,13.83,13.83,13.83,13.83,13.83,13.83,13.83,13.83,13.83,13.83,13.83,13.83,13.83,13.83,13.83,13.83,13.83,13.83,13.83,13.83,13.83,13.83,13.83,13.83,13.83,13.83,13.83,0,0],
[0,0,0,18.08,18.08,18.08,18.08,18.08,18.08,18.08,18.08,18.08,18.08,18.08,18.08,18.08,18.08,18.08,18.08,18.08,18.08,18.08,18.08,18.08,18.08,18.08,18.08,18.08,18.08,18.08,18.08,18.08,18.08,18.08,18.08,18.08,18.08,0,0,0,0,0,0,0,0,0,13.83,13.83,13.83,13.83,13.83,13.83,13.83,13.83,13.83,13.83,13.83,13.83,13.83,13.83,13.83,13.83,13.83,13.83,13.83,13.83,13.83,13.83,13.83,13.83,13.83,13.83,13.83,13.83,13.83,13.83,13.83,13.83,13.83,13.83,0,0],
[0,0,0,18.08,18.08,18.08,18.08,18.08,18.08,18.08,18.08,18.08,18.08,18.08,18.08,18.08,18.08,18.08,18.08,18.08,18.08,18.08,18.08,18.08,18.08,18.08,18.08,18.08,18.08,18.08,18.08,18.08,18.08,18.08,18.08,18.08,18.08,0,0,0,0,0,0,0,0,0,13.83,13.83,13.83,13.83,13.83,13.83,13.83,13.83,13.83,13.83,13.83,13.83,13.83,13.83,13.83,13.83,13.83,13.83,13.83,13.83,13.83,13.83,13.83,13.83,13.83,13.83,13.83,13.83,13.83,13.83,13.83,13.83,13.83,13.83,0,0],
[0,0,0,18.08,18.08,18.08,18.08,18.08,18.08,18.08,18.08,18.08,18.08,18.08,18.08,18.08,18.08,18.08,18.08,18.08,18.08,18.08,18.08,18.08,18.08,18.08,18.08,18.08,18.08,18.08,18.08,18.08,18.08,18.08,18.08,18.08,18.08,0,0,0,0,0,0,0,0,0,13.83,13.83,13.83,13.83,13.83,13.83,13.83,13.83,13.83,13.83,13.83,13.83,13.83,13.83,13.83,13.83,13.83,13.83,13.83,13.83,13.83,13.83,13.83,13.83,13.83,13.83,13.83,13.83,13.83,13.83,13.83,13.83,13.83,13.83,0,0],
[0,0,0,18.08,18.08,18.08,18.08,18.08,18.08,18.08,18.08,18.08,18.08,18.08,18.08,18.08,18.08,18.08,18.08,18.08,18.08,18.08,18.08,18.08,18.08,18.08,18.08,18.08,18.08,18.08,18.08,18.08,18.08,18.08,18.08,18.08,18.08,0,0,0,0,0,0,0,0,0,13.83,13.83,13.83,13.83,13.83,13.83,13.83,13.83,13.83,13.83,13.83,13.83,13.83,13.83,13.83,13.83,13.83,13.83,13.83,13.83,13.83,13.83,13.83,13.83,13.83,13.83,13.83,13.83,13.83,13.83,13.83,13.83,13.83,13.83,0,0],
[0,0,0,18.08,18.08,18.08,18.08,18.08,18.08,18.08,18.08,18.08,18.08,18.08,18.08,18.08,18.08,18.08,18.08,18.08,18.08,18.08,18.08,18.08,18.08,18.08,18.08,18.08,18.08,18.08,18.08,18.08,18.08,18.08,18.08,18.08,18.08,0,0,0,0,0,0,0,0,0,13.83,13.83,13.83,13.83,13.83,13.83,13.83,13.83,13.83,13.83,13.83,13.83,13.83,13.83,13.83,13.83,13.83,13.83,13.83,13.83,13.83,13.83,13.83,13.83,13.83,13.83,13.83,13.83,13.83,13.83,13.83,13.83,13.83,13.83,0,0],
[0,0,0,18.08,18.08,18.08,18.08,18.08,18.08,18.08,18.08,18.08,18.08,18.08,18.08,18.08,18.08,18.08,18.08,18.08,18.08,18.08,18.08,18.08,18.08,18.08,18.08,18.08,18.08,18.08,18.08,18.08,18.08,18.08,18.08,18.08,18.08,0,0,0,0,0,0,0,0,0,13.83,13.83,13.83,13.83,13.83,13.83,13.83,13.83,13.83,13.83,13.83,13.83,13.83,13.83,13.83,13.83,13.83,13.83,13.83,13.83,13.83,13.83,13.83,13.83,13.83,13.83,13.83,13.83,13.83,13.83,13.83,13.83,13.83,13.83,0,0],
[0,0,0,18.08,18.08,18.08,18.08,18.08,18.08,18.08,18.08,18.08,18.08,18.08,18.08,18.08,18.08,18.08,18.08,18.08,18.08,18.08,18.08,18.08,18.08,18.08,18.08,18.08,18.08,18.08,18.08,18.08,18.08,18.08,18.08,18.08,18.08,0,0,0,0,0,0,0,0,0,13.83,13.83,13.83,13.83,13.83,13.83,13.83,13.83,13.83,13.83,13.83,13.83,13.83,13.83,13.83,13.83,13.83,13.83,13.83,13.83,13.83,13.83,13.83,13.83,13.83,13.83,13.83,13.83,13.83,13.83,13.83,13.83,13.83,13.83,0,0],
[0,0,0,18.08,18.08,18.08,18.08,18.08,18.08,18.08,18.08,18.08,18.08,18.08,18.08,18.08,18.08,18.08,18.08,18.08,18.08,18.08,18.08,18.08,18.08,18.08,18.08,18.08,18.08,18.08,18.08,18.08,18.08,18.08,18.08,18.08,18.08,0,0,0,0,0,0,0,0,0,13.83,13.83,13.83,13.83,13.83,13.83,13.83,13.83,13.83,13.83,13.83,13.83,13.83,13.83,13.83,13.83,13.83,13.83,13.83,13.83,13.83,13.83,13.83,13.83,13.83,13.83,13.83,13.83,13.83,13.83,13.83,13.83,13.83,13.83,0,0],
[0,0,0,18.08,18.08,18.08,18.08,18.08,18.08,18.08,18.08,18.08,18.08,18.08,18.08,18.08,18.08,18.08,18.08,18.08,18.08,18.08,18.08,18.08,18.08,18.08,18.08,18.08,18.08,18.08,18.08,18.08,18.08,18.08,18.08,18.08,18.08,0,0,0,0,0,0,0,0,0,13.83,13.83,13.83,13.83,13.83,13.83,13.83,13.83,13.83,13.83,13.83,13.83,13.83,13.83,13.83,13.83,13.83,13.83,13.83,13.83,13.83,13.83,13.83,13.83,13.83,13.83,13.83,13.83,13.83,13.83,13.83,13.83,13.83,13.83,0,0],
[0,0,0,18.08,18.08,18.08,18.08,18.08,18.08,18.08,18.08,18.08,18.08,18.08,18.08,18.08,18.08,18.08,18.08,18.08,18.08,18.08,18.08,18.08,18.08,18.08,18.08,18.08,18.08,18.08,18.08,18.08,18.08,18.08,18.08,18.08,18.08,0,0,0,0,0,0,0,0,0,13.83,13.83,13.83,13.83,13.83,13.83,13.83,13.83,13.83,13.83,13.83,13.83,13.83,13.83,13.83,13.83,13.83,13.83,13.83,13.83,13.83,13.83,13.83,13.83,13.83,13.83,13.83,13.83,13.83,13.83,13.83,13.83,13.83,13.83,0,0],
[0,0,0,18.08,18.08,18.08,18.08,18.08,18.08,18.08,18.08,18.08,18.08,18.08,18.08,18.08,18.08,18.08,18.08,18.08,18.08,18.08,18.08,18.08,18.08,18.08,18.08,18.08,18.08,18.08,18.08,18.08,18.08,18.08,18.08,18.08,18.08,0,0,0,0,0,0,0,0,0,13.83,13.83,13.83,13.83,13.83,13.83,13.83,13.83,13.83,13.83,13.83,13.83,13.83,13.83,13.83,13.83,13.83,13.83,13.83,13.83,13.83,13.83,13.83,13.83,13.83,13.83,13.83,13.83,13.83,13.83,13.83,13.83,13.83,13.83,0,0],
[0,0,0,18.08,18.08,18.08,18.08,18.08,18.08,18.08,18.08,18.08,18.08,18.08,18.08,18.08,18.08,18.08,18.08,18.08,18.08,18.08,18.08,18.08,18.08,18.08,18.08,18.08,18.08,18.08,18.08,18.08,18.08,18.08,18.08,18.08,18.08,18.11,17.68,17.18,16.68,16.17,15.70,15.23,14.77,14.30,13.96,13.83,13.83,13.83,13.83,13.83,13.83,13.83,13.83,13.83,13.83,13.83,13.83,13.83,13.83,13.83,13.83,13.83,13.83,13.83,13.83,13.83,13.83,13.83,13.83,13.83,13.83,13.83,13.83,13.83,13.83,13.83,13.83,13.83,0,0],
[0,0,0,18.08,18.08,18.08,18.08,18.08,18.08,18.08,18.08,18.08,18.08,18.08,18.08,18.08,18.08,18.08,18.08,18.08,18.08,18.08,18.08,18.08,18.08,18.08,18.08,18.08,18.08,18.08,18.08,18.08,18.08,18.08,18.08,18.08,18.08,18.10,17.67,17.17,16.67,16.17,15.70,15.23,14.76,14.30,13.96,13.83,13.83,13.83,13.83,13.83,13.83,13.83,13.83,13.83,13.83,13.83,13.83,13.83,13.83,13.83,13.83,13.83,13.83,13.83,13.83,13.83,13.83,13.83,13.83,13.83,13.83,13.83,13.83,13.83,13.83,13.83,13.83,13.83,0,0],
[0,0,0,18.08,18.08,18.08,18.08,18.08,18.08,18.08,18.08,18.08,18.08,18.08,18.08,18.08,18.08,18.08,18.08,18.08,18.08,18.08,18.08,18.08,18.08,18.08,18.08,18.08,18.08,18.08,18.08,18.08,18.08,18.08,18.08,18.08,18.08,18.10,17.67,17.17,16.67,16.17,15.68,15.22,14.75,14.30,13.96,13.83,13.83,13.83,13.83,13.83,13.83,13.83,13.83,13.83,13.83,13.83,13.83,13.83,13.83,13.83,13.83,13.83,13.83,13.83,13.83,13.83,13.83,13.83,13.83,13.83,13.83,13.83,13.83,13.83,13.83,13.83,13.83,13.83,0,0],
[0,0,0,18.08,18.08,18.08,18.08,18.08,18.08,18.08,18.08,18.08,18.08,18.08,18.08,18.08,18.08,18.08,18.08,18.08,18.08,18.08,18.08,18.08,18.08,18.08,18.08,18.08,18.08,18.08,18.08,18.08,18.08,18.08,18.08,18.08,18.08,18.10,17.67,17.17,16.67,16.17,15.67,15.20,14.75,14.30,13.96,13.83,13.83,13.83,13.83,13.83,13.83,13.83,13.83,13.83,13.83,13.83,13.83,13.83,13.83,13.83,13.83,13.83,13.83,13.83,13.83,13.83,13.83,13.83,13.83,13.83,13.83,13.83,13.83,13.83,13.83,13.83,13.83,13.83,0,0],
[0,0,0,18.08,18.08,18.08,18.08,18.08,18.08,18.08,18.08,18.08,18.08,18.08,18.08,18.08,18.08,18.08,18.08,18.08,18.08,18.08,18.08,18.08,18.08,18.08,18.08,18.08,18.08,18.08,18.08,18.08,18.08,18.08,18.08,18.08,18.08,18.10,17.67,17.17,16.67,16.17,15.66,15.20,14.75,14.30,13.96,13.83,13.83,13.83,13.83,13.83,13.83,13.83,13.83,13.83,13.83,13.83,13.83,13.83,13.83,13.83,13.83,13.83,13.83,13.83,13.83,13.83,13.83,13.83,13.83,13.83,13.83,13.83,13.83,13.83,13.83,13.83,13.83,13.83,0,0],
[0,0,0,18.08,18.08,18.08,18.08,18.08,18.08,18.08,18.08,18.08,18.08,18.08,18.08,18.08,18.08,18.08,18.08,18.08,18.08,18.08,18.08,18.08,18.08,18.08,18.08,18.08,18.08,18.08,18.08,18.08,18.08,18.08,18.08,18.08,18.08,18.10,17.67,17.17,16.67,16.17,15.69,15.23,14.76,14.30,13.96,13.83,13.83,13.83,13.83,13.83,13.83,13.83,13.83,13.83,13.83,13.83,13.83,13.83,13.83,13.83,13.83,13.83,13.83,13.83,13.83,13.83,13.83,13.83,13.83,13.83,13.83,13.83,13.83,13.83,13.83,13.83,13.83,13.83,0,0],
[0,0,0,18.08,18.08,18.08,18.08,18.08,18.08,18.08,18.08,18.08,18.08,18.08,18.08,18.08,18.08,18.08,18.08,18.08,18.08,18.08,18.08,18.08,18.08,18.08,18.08,18.08,18.08,18.08,18.08,18.08,18.08,18.08,18.08,18.08,18.08,18.11,17.68,17.18,16.68,16.17,15.70,15.23,14.77,14.30,13.96,13.83,13.83,13.83,13.83,13.83,13.83,13.83,13.83,13.83,13.83,13.83,13.83,13.83,13.83,13.83,13.83,13.83,13.83,13.83,13.83,13.83,13.83,13.83,13.83,13.83,13.83,13.83,13.83,13.83,13.83,13.83,13.83,13.83,0,0],
[0,0,0,18.08,18.08,18.08,18.08,18.08,18.08,18.08,18.08,18.08,18.08,18.08,18.08,18.08,18.08,18.08,18.08,18.08,18.08,18.08,18.08,18.08,18.08,18.08,18.08,18.08,18.08,18.08,18.08,18.08,18.08,18.08,18.08,18.08,18.08,0,0,0,0,0,0,0,0,0,13.83,13.83,13.83,13.83,13.83,13.83,13.83,13.83,13.83,13.83,13.83,13.83,13.83,13.83,13.83,13.83,13.83,13.83,13.83,13.83,13.83,13.83,13.83,13.83,13.83,13.83,13.83,13.83,13.83,13.83,13.83,13.83,13.83,13.83,0,0],
[0,0,0,18.08,18.08,18.08,18.08,18.08,18.08,18.08,18.08,18.08,18.08,18.08,18.08,18.08,18.08,18.08,18.08,18.08,18.08,18.08,18.08,18.08,18.08,18.08,18.08,18.08,18.08,18.08,18.08,18.08,18.08,18.08,18.08,18.08,18.08,0,0,0,0,0,0,0,0,0,13.83,13.83,13.83,13.83,13.83,13.83,13.83,13.83,13.83,13.83,13.83,13.83,13.83,13.83,13.83,13.83,13.83,13.83,13.83,13.83,13.83,13.83,13.83,13.83,13.83,13.83,13.83,13.83,13.83,13.83,13.83,13.83,13.83,13.83,0,0],
[0,0,0,18.08,18.08,18.08,18.08,18.08,18.08,18.08,18.08,18.08,18.08,18.08,18.08,18.08,18.08,18.08,18.08,18.08,18.08,18.08,18.08,18.08,18.08,18.08,18.08,18.08,18.08,18.08,18.08,18.08,18.08,18.08,18.08,18.08,18.08,0,0,0,0,0,0,0,0,0,13.83,13.83,13.83,13.83,13.83,13.83,13.83,13.83,13.83,13.83,13.83,13.83,13.83,13.83,13.83,13.83,13.83,13.83,13.83,13.83,13.83,13.83,13.83,13.83,13.83,13.83,13.83,13.83,13.83,13.83,13.83,13.83,13.83,13.83,0,0],
[0,0,0,18.08,18.08,18.08,18.08,18.08,18.08,18.08,18.08,18.08,18.08,18.08,18.08,18.08,18.08,18.08,18.08,18.08,18.08,18.08,18.08,18.08,18.08,18.08,18.08,18.08,18.08,18.08,18.08,18.08,18.08,18.08,18.08,18.08,18.08,0,0,0,0,0,0,0,0,0,13.83,13.83,13.83,13.83,13.83,13.83,13.83,13.83,13.83,13.83,13.83,13.83,13.83,13.83,13.83,13.83,13.83,13.83,13.83,13.83,13.83,13.83,13.83,13.83,13.83,13.83,13.83,13.83,13.83,13.83,13.83,13.83,13.83,13.83,0,0],
[0,0,0,18.08,18.08,18.08,18.08,18.08,18.08,18.08,18.08,18.08,18.08,18.08,18.08,18.08,18.08,18.08,18.08,18.08,18.08,18.08,18.08,18.08,18.08,18.08,18.08,18.08,18.08,18.08,18.08,18.08,18.08,18.08,18.08,18.08,18.08,0,0,0,0,0,0,0,0,0,13.83,13.83,13.83,13.83,13.83,13.83,13.83,13.83,13.83,13.83,13.83,13.83,13.83,13.83,13.83,13.83,13.83,13.83,13.83,13.83,13.83,13.83,13.83,13.83,13.83,13.83,13.83,13.83,13.83,13.83,13.83,13.83,13.83,13.83,0,0],
[0,0,0,18.08,18.08,18.08,18.08,18.08,18.08,18.08,18.08,18.08,18.08,18.08,18.08,18.08,18.08,18.08,18.08,18.08,18.08,18.08,18.08,18.08,18.08,18.08,18.08,18.08,18.08,18.08,18.08,18.08,18.08,18.08,18.08,18.08,18.08,0,0,0,0,0,0,0,0,0,13.83,13.83,13.83,13.83,13.83,13.83,13.83,13.83,13.83,13.83,13.83,13.83,13.83,13.83,13.83,13.83,13.83,13.83,13.83,13.83,13.83,13.83,13.83,13.83,13.83,13.83,13.83,13.83,13.83,13.83,13.83,13.83,13.83,13.83,0,0],
[0,0,0,18.08,18.08,18.08,18.08,18.08,18.08,18.08,18.08,18.08,18.08,18.08,18.08,18.08,18.08,18.08,18.08,18.08,18.08,18.08,18.08,18.08,18.08,18.08,18.08,18.08,18.08,18.08,18.08,18.08,18.08,18.08,18.08,18.08,18.08,0,0,0,0,0,0,0,0,0,13.83,13.83,13.83,13.83,13.83,13.83,13.83,13.83,13.83,13.83,13.83,13.83,13.83,13.83,13.83,13.83,13.83,13.83,13.83,13.83,13.83,13.83,13.83,13.83,13.83,13.83,13.83,13.83,13.83,13.83,13.83,13.83,13.83,13.83,0,0],
[0,0,0,18.08,18.08,18.08,18.08,18.08,18.08,18.08,18.08,18.08,18.08,18.08,18.08,18.08,18.08,18.08,18.08,18.08,18.08,18.08,18.08,18.08,18.08,18.08,18.08,18.08,18.08,18.08,18.08,18.08,18.08,18.08,18.08,18.08,18.08,0,0,0,0,0,0,0,0,0,13.83,13.83,13.83,13.83,13.83,13.83,13.83,13.83,13.83,13.83,13.83,13.83,13.83,13.83,13.83,13.83,13.83,13.83,13.83,13.83,13.83,13.83,13.83,13.83,13.83,13.83,13.83,13.83,13.83,13.83,13.83,13.83,13.83,13.83,0,0],
[0,0,0,18.08,18.08,18.08,18.08,18.08,18.08,18.08,18.08,18.08,18.08,18.08,18.08,18.08,18.08,18.08,18.08,18.08,18.08,18.08,18.08,18.08,18.08,18.08,18.08,18.08,18.08,18.08,18.08,18.08,18.08,18.08,18.08,18.08,18.08,0,0,0,0,0,0,0,0,0,13.83,13.83,13.83,13.83,13.83,13.83,13.83,13.83,13.83,13.83,13.83,13.83,13.83,13.83,13.83,13.83,13.83,13.83,13.83,13.83,13.83,13.83,13.83,13.83,13.83,13.83,13.83,13.83,13.83,13.83,13.83,13.83,13.83,13.83,0,0],
[0,0,0,18.08,18.08,18.08,18.08,18.08,18.08,18.08,18.08,18.08,18.08,18.08,18.08,18.08,18.08,18.08,18.08,18.08,18.08,18.08,18.08,18.08,18.08,18.08,18.08,18.08,18.08,18.08,18.08,18.08,18.08,18.08,18.08,18.08,18.08,0,0,0,0,0,0,0,0,0,13.83,13.83,13.83,13.83,13.83,13.83,13.83,13.83,13.83,13.83,13.83,13.83,13.83,13.83,13.83,13.83,13.83,13.83,13.83,13.83,13.83,13.83,13.83,13.83,13.83,13.83,13.83,13.83,13.83,13.83,13.83,13.83,13.83,13.83,0,0],
[0,0,0,18.08,18.08,18.08,18.08,18.08,18.08,18.08,18.08,18.08,18.08,18.08,18.08,18.08,18.08,18.08,18.08,18.08,18.08,18.08,18.08,18.08,18.08,18.08,18.08,18.08,18.08,18.08,18.08,18.08,18.08,18.08,18.08,18.08,18.08,0,0,0,0,0,0,0,0,0,13.83,13.83,13.83,13.83,13.83,13.83,13.83,13.83,13.83,13.83,13.83,13.83,13.83,13.83,13.83,13.83,13.83,13.83,13.83,13.83,13.83,13.83,13.83,13.83,13.83,13.83,13.83,13.83,13.83,13.83,13.83,13.83,13.83,13.83,0,0],
[0,0,0,18.08,18.08,18.08,18.08,18.08,18.08,18.08,18.08,18.08,18.08,18.08,18.08,18.08,18.08,18.08,18.08,18.08,18.08,18.08,18.08,18.08,18.08,18.08,18.08,18.08,18.08,18.08,18.08,18.08,18.08,18.08,18.08,18.08,18.08,0,0,0,0,0,0,0,0,0,13.83,13.83,13.83,13.83,13.83,13.83,13.83,13.83,13.83,13.83,13.83,13.83,13.83,13.83,13.83,13.83,13.83,13.83,13.83,13.83,13.83,13.83,13.83,13.83,13.83,13.83,13.83,13.83,13.83,13.83,13.83,13.83,13.83,13.83,0,0],
[0,0,0,18.08,18.08,18.08,18.08,18.08,18.08,18.08,18.08,18.08,18.08,18.08,18.08,18.08,0,18.15,18.13,18.13,18.13,18.13,18.13,0,18.08,18.08,18.08,18.08,18.08,18.08,18.08,18.08,18.08,18.08,18.08,18.08,18.08,0,0,0,0,0,0,0,0,0,13.83,13.83,13.83,13.83,13.83,13.83,13.83,13.83,13.83,13.83,13.83,13.83,13.83,13.83,13.83,13.83,13.83,13.83,13.83,13.83,13.83,13.83,13.83,13.83,13.83,13.83,13.83,13.83,13.83,13.83,13.83,13.83,13.83,13.83,0,0],
[0,0,0,18.08,18.08,18.08,18.08,18.08,18.08,18.08,18.08,18.08,18.08,18.08,18.08,18.08,0,18.29,18.27,18.25,18.23,18.23,18.23,0,18.08,18.08,18.08,18.08,18.08,18.08,18.08,18.08,18.08,18.08,18.08,18.08,18.08,0,0,0,0,0,0,0,0,0,13.83,13.83,13.83,13.83,13.83,13.83,13.83,13.83,13.83,13.83,13.83,13.83,13.83,13.83,13.83,13.83,13.83,13.83,13.83,13.83,13.83,13.83,13.83,13.83,13.83,13.83,13.83,13.83,13.83,13.83,13.83,13.83,13.83,13.83,0,0],
[0,0,0,0,0,0,0,0,0,0,0,0,0,0,0,0,0,18.70,18.68,18.67,18.67,18.56,18.67,0,0,0,0,0,0,0,0,0,0,0,0,0,0,0,0,0,0,0,0,0,0,0,0,0,0,0,0,0,0,0,0,0,0,0,0,0,0,0,0,0,0,0,0,0,0,0,0,0,0,0,0,0,0,0,0,0,0,0],
[0,0,0,0,0,0,0,0,0,0,0,0,0,0,0,0,0,19.21,19.18,19.17,19.16,19.17,19.19,0,0,0,0,0,0,0,0,0,0,0,0,0,0,0,0,0,0,0,0,0,0,0,0,0,0,0,0,0,0,0,0,0,0,0,0,0,0,0,0,0,0,0,0,0,0,0,0,0,0,0,0,0,0,0,0,0,0,0],
[0,0,0,0,0,0,0,0,0,0,0,0,0,0,0,0,0,19.72,19.67,19.66,19.67,19.69,19.71,0,0,0,0,0,0,0,0,0,0,0,0,0,0,0,0,0,0,0,0,0,0,0,0,0,0,0,0,0,0,0,0,0,0,0,0,0,0,0,0,0,0,0,0,0,0,0,0,0,0,0,0,0,0,0,0,0,0,0],
[0,0,0,0,0,0,0,0,0,0,0,0,0,0,0,0,0,20.23,20.18,20.17,20.18,20.20,20.22,0,0,0,0,0,0,0,0,0,0,0,0,0,0,0,0,0,0,0,0,0,0,0,0,0,0,0,0,0,0,0,0,0,0,0,0,0,0,0,0,0,0,0,0,0,0,0,0,0,0,0,0,0,0,0,0,0,0,0],
[0,0,0,0,0,0,0,0,0,0,0,0,0,0,0,0,0,20.74,20.69,20.68,20.70,20.72,20.74,0,0,0,0,0,0,0,0,0,0,0,0,0,0,0,0,0,0,0,0,0,0,0,0,0,0,0,0,0,0,0,0,0,0,0,0,0,0,0,0,0,0,0,0,0,0,0,0,0,0,0,0,0,0,0,0,0,0,0],
[0,0,0,0,0,0,0,0,0,0,0,0,0,0,0,0,0,21.24,21.21,21.19,21.22,21.24,21.26,0,0,0,0,0,0,0,0,0,0,0,0,0,0,0,0,0,0,0,0,0,0,0,0,0,0,0,0,0,0,0,0,0,0,0,0,0,0,0,0,0,0,0,0,0,0,0,0,0,0,0,0,0,0,0,0,0,0,0],
[0,0,0,0,0,0,0,0,0,0,0,0,0,0,0,0,0,21.72,21.75,21.73,21.73,21.75,21.77,0,0,0,0,0,0,0,0,0,0,0,0,0,0,0,0,0,0,0,0,0,0,0,0,0,0,0,0,0,0,0,0,0,0,0,0,0,0,0,0,0,0,0,0,0,0,0,0,0,0,0,0,0,0,0,0,0,0,0],
[0,0,0,0,0,0,0,0,0,0,0,0,0,0,0,0,0,22.17,22.20,22.23,22.24,22.26,22.26,0,0,0,0,0,0,0,0,0,0,0,0,0,0,0,0,0,0,0,0,0,0,0,0,0,0,0,0,0,0,0,0,0,0,0,0,0,0,0,0,0,0,0,0,0,0,0,0,0,0,0,0,0,0,0,0,0,0,0],
[0,0,0,0,0,0,0,0,0,0,0,0,0,0,0,0,0,22.47,22.46,22.46,22.46,22.46,22.46,0,0,0,0,0,0,0,0,0,0,0,0,0,0,0,0,0,0,0,0,0,0,0,0,0,0,0,0,0,0,0,0,0,0,0,0,0,0,0,0,0,0,0,0,0,0,0,0,0,0,0,0,0,0,0,0,0,0,0],
[0,0,0,22.42,22.42,22.42,22.42,22.42,22.42,22.42,22.42,22.42,22.42,22.42,22.42,22.42,22.42,22.42,22.42,22.42,22.42,22.42,22.42,22.42,22.42,22.42,22.42,22.42,22.42,22.42,22.42,22.42,22.42,22.42,22.42,22.42,22.42,0,0,0,0,0,0,0,0,0,0,0,0,0,0,0,0,0,0,0,0,0,0,0,0,0,0,0,0,0,0,0,0,0,0,0,0,0,0,0,0,0,0,0,0,0],
[0,0,0,22.42,22.42,22.42,22.42,22.42,22.42,22.42,22.42,22.42,22.42,22.42,22.42,22.42,22.42,22.42,22.42,22.42,22.42,22.42,22.42,22.42,22.42,22.42,22.42,22.42,22.42,22.42,22.42,22.42,22.42,22.42,22.42,22.42,22.42,0,0,0,0,0,0,0,0,0,0,0,0,0,0,0,0,0,0,0,0,0,0,0,0,0,0,0,0,0,0,0,0,0,0,0,0,0,0,0,0,0,0,0,0,0],
[0,0,0,22.42,22.42,22.42,22.42,22.42,22.42,22.42,22.42,22.42,22.42,22.42,22.42,22.42,22.42,22.42,22.42,22.42,22.42,22.42,22.42,22.42,22.42,22.42,22.42,22.42,22.42,22.42,22.42,22.42,22.42,22.42,22.42,22.42,22.42,0,0,0,0,0,0,0,0,0,0,0,0,0,0,0,0,0,0,0,0,0,0,0,0,0,0,0,0,0,0,0,0,0,0,0,0,0,0,0,0,0,0,0,0,0],
[0,0,0,22.42,22.42,22.42,22.42,22.42,22.42,22.42,22.42,22.42,22.42,22.42,22.42,22.42,22.42,22.42,22.42,22.42,22.42,22.42,22.42,22.42,22.42,22.42,22.42,22.42,22.42,22.42,22.42,22.42,22.42,22.42,22.42,22.42,22.42,0,0,0,0,0,0,0,0,0,0,0,0,0,0,0,0,0,0,0,0,0,0,0,0,0,0,0,0,0,0,0,0,0,0,0,0,0,0,0,0,0,0,0,0,0],
[0,0,0,22.42,22.42,22.42,22.42,22.42,22.42,22.42,22.42,22.42,22.42,22.42,22.42,22.42,22.42,22.42,22.42,22.42,22.42,22.42,22.42,22.42,22.42,22.42,22.42,22.42,22.42,22.42,22.42,22.42,22.42,22.42,22.42,22.42,22.42,0,0,0,0,0,0,0,0,0,0,0,0,0,0,0,0,0,0,0,0,0,0,0,0,0,0,0,0,0,0,0,0,0,0,0,0,0,0,0,0,0,0,0,0,0],
[0,0,0,22.42,22.42,22.42,22.42,22.42,22.42,22.42,22.42,22.42,22.42,22.42,22.42,22.42,22.42,22.42,22.42,22.42,22.42,22.42,22.42,22.42,22.42,22.42,22.42,22.42,22.42,22.42,22.42,22.42,22.42,22.42,22.42,22.42,22.42,0,0,0,0,0,0,0,0,0,0,0,0,0,0,0,0,0,0,0,0,0,0,0,0,0,0,0,0,0,0,0,0,0,0,0,0,0,0,0,0,0,0,0,0,0],
[0,0,0,22.42,22.42,22.42,22.42,22.42,22.42,22.42,22.42,22.42,22.42,22.42,22.42,22.42,22.42,22.42,22.42,22.42,22.42,22.42,22.42,22.42,22.42,22.42,22.42,22.42,22.42,22.42,22.42,22.42,22.42,22.42,22.42,22.42,22.42,0,0,0,0,0,0,0,0,0,0,0,0,0,0,0,0,0,0,0,0,0,0,0,0,0,0,0,0,0,0,0,0,0,0,0,0,0,0,0,0,0,0,0,0,0],
[0,0,0,22.42,22.42,22.42,22.42,22.42,22.42,22.42,22.42,22.42,22.42,22.42,22.42,22.42,22.42,22.42,22.42,22.42,22.42,22.42,22.42,22.42,22.42,22.42,22.42,22.42,22.42,22.42,22.42,22.42,22.42,22.42,22.42,22.42,22.42,0,0,0,0,0,0,0,0,0,0,0,0,0,0,0,0,0,0,0,0,0,0,0,0,0,0,0,0,0,0,0,0,0,0,0,0,0,0,0,0,0,0,0,0,0],
[0,0,0,22.42,22.42,22.42,22.42,22.42,22.42,22.42,22.42,22.42,22.42,22.42,22.42,22.42,22.42,22.42,22.42,22.42,22.42,22.42,22.42,22.42,22.42,22.42,22.42,22.42,22.42,22.42,22.42,22.42,22.42,22.42,22.42,22.42,22.42,0,0,0,0,0,0,0,0,0,0,0,0,0,0,0,0,0,0,0,0,0,0,0,0,0,0,0,0,0,0,0,0,0,0,0,0,0,0,0,0,0,0,0,0,0],
[0,0,0,22.42,22.42,22.42,22.42,22.42,22.42,22.42,22.42,22.42,22.42,22.42,22.42,22.42,22.42,22.42,22.42,22.42,22.42,22.42,22.42,22.42,22.42,22.42,22.42,22.42,22.42,22.42,22.42,22.42,22.42,22.42,22.42,22.42,22.42,0,0,0,0,0,0,0,0,0,0,0,0,0,0,0,0,0,0,0,0,0,0,0,0,0,0,0,0,0,0,0,0,0,0,0,0,0,0,0,0,0,0,0,0,0],
[0,0,0,22.42,22.42,22.42,22.42,22.42,22.42,22.42,22.42,22.42,22.42,22.42,22.42,22.42,22.42,22.42,22.42,22.42,22.42,22.42,22.42,22.42,22.42,22.42,22.42,22.42,22.42,22.42,22.42,22.42,22.42,22.42,22.42,22.42,22.42,0,0,0,0,0,0,0,0,0,0,0,0,0,0,0,0,0,0,0,0,0,0,0,0,0,0,0,0,0,0,0,0,0,0,0,0,0,0,0,0,0,0,0,0,0],
[0,0,0,22.42,22.42,22.42,22.42,22.42,22.42,22.42,22.42,22.42,22.42,22.42,22.42,22.42,22.42,22.42,22.42,22.42,22.42,22.42,22.42,22.42,22.42,22.42,22.42,22.42,22.42,22.42,22.42,22.42,22.42,22.42,22.42,22.42,22.42,0,0,0,0,0,0,0,0,0,0,0,0,0,0,0,0,0,0,0,0,0,0,0,0,0,0,0,0,0,0,0,0,0,0,0,0,0,0,0,0,0,0,0,0,0],
[0,0,0,22.42,22.42,22.42,22.42,22.42,22.42,22.42,22.42,22.42,22.42,22.42,22.42,22.42,22.42,22.42,22.42,22.42,22.42,22.42,22.42,22.42,22.42,22.42,22.42,22.42,22.42,22.42,22.42,22.42,22.42,22.42,22.42,22.42,22.42,0,0,0,0,0,0,0,0,0,0,0,0,0,0,0,0,0,0,0,0,0,0,0,0,0,0,0,0,0,0,0,0,0,0,0,0,0,0,0,0,0,0,0,0,0],
[0,0,0,22.42,22.42,22.42,22.42,22.42,22.42,22.42,22.42,22.42,22.42,22.42,22.42,22.42,22.42,22.42,22.42,22.42,22.42,22.42,22.42,22.42,22.42,22.42,22.42,22.42,22.42,22.42,22.42,22.42,22.42,22.42,22.42,22.42,22.42,0,0,0,0,0,0,0,0,0,0,0,0,0,0,0,0,0,0,0,0,0,0,0,0,0,0,0,0,0,0,0,0,0,0,0,0,0,0,0,0,0,0,0,0,0],
[0,0,0,22.42,22.42,22.42,22.42,22.42,22.42,22.42,22.42,22.42,22.42,22.42,22.42,22.42,22.42,22.42,22.42,22.42,22.42,22.42,22.42,22.42,22.42,22.42,22.42,22.42,22.42,22.42,22.42,22.42,22.42,22.42,22.42,22.42,22.42,0,0,0,0,0,0,0,0,0,0,0,0,0,0,0,0,0,0,0,0,0,0,0,0,0,0,0,0,0,0,0,0,0,0,0,0,0,0,0,0,0,0,0,0,0],
[0,0,0,22.42,22.42,22.42,22.42,22.42,22.42,22.42,22.42,22.42,22.42,22.42,22.42,22.42,22.42,22.42,22.42,22.42,22.42,22.42,22.42,22.42,22.42,22.42,22.42,22.42,22.42,22.42,22.42,22.42,22.42,22.42,22.42,22.42,22.42,0,0,0,0,0,0,0,0,0,0,0,0,0,0,0,0,0,0,0,0,0,0,0,0,0,0,0,0,0,0,0,0,0,0,0,0,0,0,0,0,0,0,0,0,0],
[0,0,0,22.42,22.42,22.42,22.42,22.42,22.42,22.42,22.42,22.42,22.42,22.42,22.42,22.42,22.42,22.42,22.42,22.42,22.42,22.42,22.42,22.42,22.42,22.42,22.42,22.42,22.42,22.42,22.42,22.42,22.42,22.42,22.42,22.42,22.42,0,0,0,0,0,0,0,0,0,0,0,0,0,0,0,0,0,0,0,0,0,0,0,0,0,0,0,0,0,0,0,0,0,0,0,0,0,0,0,0,0,0,0,0,0],
[0,0,0,22.42,22.42,22.42,22.42,22.42,22.42,22.42,22.42,22.42,22.42,22.42,22.42,22.42,22.42,22.42,22.42,22.42,22.42,22.42,22.42,22.42,22.42,22.42,22.42,22.42,22.42,22.42,22.42,22.42,22.42,22.42,22.42,22.42,22.42,0,0,0,0,0,0,0,0,0,0,0,0,0,0,0,0,0,0,0,0,0,0,0,0,0,0,0,0,0,0,0,0,0,0,0,0,0,0,0,0,0,0,0,0,0],
[0,0,0,22.42,22.42,22.42,22.42,22.42,22.42,22.42,22.42,22.42,22.42,22.42,22.42,22.42,22.42,22.42,22.42,22.42,22.42,22.42,22.42,22.42,22.42,22.42,22.42,22.42,22.42,22.42,22.42,22.42,22.42,22.42,22.42,22.42,22.42,0,0,0,0,0,0,0,0,0,0,0,0,0,0,0,0,0,0,0,0,0,0,0,0,0,0,0,0,0,0,0,0,0,0,0,0,0,0,0,0,0,0,0,0,0],
[0,0,0,22.42,22.42,22.42,22.42,22.42,22.42,22.42,22.42,22.42,22.42,22.42,22.42,22.42,22.42,22.42,22.42,22.42,22.42,22.42,22.42,22.42,22.42,22.42,22.42,22.42,22.42,22.42,22.42,22.42,22.42,22.42,22.42,22.42,22.42,0,0,0,0,0,0,0,0,0,0,0,0,0,0,0,0,0,0,0,0,0,0,0,0,0,0,0,0,0,0,0,0,0,0,0,0,0,0,0,0,0,0,0,0,0],
[0,0,0,22.42,22.42,22.42,22.42,22.42,22.42,22.42,22.42,22.42,22.42,22.42,22.42,22.42,22.42,22.42,22.42,22.42,22.42,22.42,22.42,22.42,22.42,22.42,22.42,22.42,22.42,22.42,22.42,22.42,22.42,22.42,22.42,22.42,22.42,0,0,0,0,0,0,0,0,0,0,0,0,0,0,0,0,0,0,0,0,0,0,0,0,0,0,0,0,0,0,0,0,0,0,0,0,0,0,0,0,0,0,0,0,0],
[0,0,0,22.42,22.42,22.42,22.42,22.42,22.42,22.42,22.42,22.42,22.42,22.42,22.42,22.42,22.42,22.42,22.42,22.42,22.42,22.42,22.42,22.42,22.42,22.42,22.42,22.42,22.42,22.42,22.42,22.42,22.42,22.42,22.42,22.42,22.42,0,0,0,0,0,0,0,0,0,0,0,0,0,0,0,0,0,0,0,0,0,0,0,0,0,0,0,0,0,0,0,0,0,0,0,0,0,0,0,0,0,0,0,0,0],
[0,0,0,22.42,22.42,22.42,22.42,22.42,22.42,22.42,22.42,22.42,22.42,22.42,22.42,22.42,22.42,22.42,22.42,22.42,22.42,22.42,22.42,22.42,22.42,22.42,22.42,22.42,22.42,22.42,22.42,22.42,22.42,22.42,22.42,22.42,22.42,0,0,0,0,0,0,0,0,0,0,0,0,0,0,0,0,0,0,0,0,0,0,0,0,0,0,0,0,0,0,0,0,0,0,0,0,0,0,0,0,0,0,0,0,0],
[0,0,0,22.42,22.42,22.42,22.42,22.42,22.42,22.42,22.42,22.42,22.42,22.42,22.42,22.42,22.42,22.42,22.42,22.42,22.42,22.42,22.42,22.42,22.42,22.42,22.42,22.42,22.42,22.42,22.42,22.42,22.42,22.42,22.42,22.42,22.42,0,0,0,0,0,0,0,0,0,0,0,0,0,0,0,0,0,0,0,0,0,0,0,0,0,0,0,0,0,0,0,0,0,0,0,0,0,0,0,0,0,0,0,0,0],
[0,0,0,22.42,22.42,22.42,22.42,22.42,22.42,22.42,22.42,22.42,22.42,22.42,22.42,22.42,22.42,22.42,22.42,22.42,22.42,22.42,22.42,22.42,22.42,22.42,22.42,22.42,22.42,22.42,22.42,22.42,22.42,22.42,22.42,22.42,22.42,0,0,0,0,0,0,0,0,0,0,0,0,0,0,0,0,0,0,0,0,0,0,0,0,0,0,0,0,0,0,0,0,0,0,0,0,0,0,0,0,0,0,0,0,0],
[0,0,0,22.42,22.42,22.42,22.42,22.42,22.42,22.42,22.42,22.42,22.42,22.42,22.42,22.42,22.42,22.42,22.42,22.42,22.42,22.42,22.42,22.42,22.42,22.42,22.42,22.42,22.42,22.42,22.42,22.42,22.42,22.42,22.42,22.42,22.42,0,0,0,0,0,0,0,0,0,0,0,0,0,0,0,0,0,0,0,0,0,0,0,0,0,0,0,0,0,0,0,0,0,0,0,0,0,0,0,0,0,0,0,0,0],
[0,0,0,22.42,22.42,22.42,22.42,22.42,22.42,22.42,22.42,22.42,22.42,22.42,22.42,22.42,22.42,22.42,22.42,22.42,22.42,22.42,22.42,22.42,22.42,22.42,22.42,22.42,22.42,22.42,22.42,22.42,22.42,22.42,22.42,22.42,22.42,0,0,0,0,0,0,0,0,0,0,0,0,0,0,0,0,0,0,0,0,0,0,0,0,0,0,0,0,0,0,0,0,0,0,0,0,0,0,0,0,0,0,0,0,0],
[0,0,0,22.42,22.42,22.42,22.42,22.42,22.42,22.42,22.42,22.42,22.42,22.42,22.42,22.42,22.42,22.42,22.42,22.42,22.42,22.42,22.42,22.42,22.42,22.42,22.42,22.42,22.42,22.42,22.42,22.42,22.42,22.42,22.42,22.42,22.42,0,0,0,0,0,0,0,0,0,0,0,0,0,0,0,0,0,0,0,0,0,0,0,0,0,0,0,0,0,0,0,0,0,0,0,0,0,0,0,0,0,0,0,0,0],
[0,0,0,22.42,22.42,22.42,22.42,22.42,22.42,22.42,22.42,22.42,22.42,22.42,22.42,22.42,22.42,22.42,22.42,22.42,22.42,22.42,22.42,22.42,22.42,22.42,22.42,22.42,22.42,22.42,22.42,22.42,22.42,22.42,22.42,22.42,22.42,0,0,0,0,0,0,0,0,0,0,0,0,0,0,0,0,0,0,0,0,0,0,0,0,0,0,0,0,0,0,0,0,0,0,0,0,0,0,0,0,0,0,0,0,0],
[0,0,0,22.42,22.42,22.42,22.42,22.42,22.42,22.42,22.42,22.42,22.42,22.42,22.42,22.42,22.42,22.42,22.42,22.42,22.42,22.42,22.42,22.42,22.42,22.42,22.42,22.42,22.42,22.42,22.42,22.42,22.42,22.42,22.42,22.42,22.42,0,0,0,0,0,0,0,0,0,0,0,0,0,0,0,0,0,0,0,0,0,0,0,0,0,0,0,0,0,0,0,0,0,0,0,0,0,0,0,0,0,0,0,0,0],
[0,0,0,22.42,22.42,22.42,22.42,22.42,22.42,22.42,22.42,22.42,22.42,22.42,22.42,22.42,22.42,22.42,22.42,22.42,22.42,22.42,22.42,22.42,22.42,22.42,22.42,22.42,22.42,22.42,22.42,22.42,22.42,22.42,22.42,22.42,22.42,0,0,0,0,0,0,0,0,0,0,0,0,0,0,0,0,0,0,0,0,0,0,0,0,0,0,0,0,0,0,0,0,0,0,0,0,0,0,0,0,0,0,0,0,0],
[0,0,0,22.42,22.42,22.42,22.42,22.42,22.42,22.42,22.42,22.42,22.42,22.42,22.42,22.42,22.42,22.42,22.42,22.42,22.42,22.42,22.42,22.42,22.42,22.42,22.42,22.42,22.42,22.42,22.42,22.42,22.42,22.42,22.42,22.42,22.42,0,0,0,0,0,0,0,0,0,0,0,0,0,0,0,0,0,0,0,0,0,0,0,0,0,0,0,0,0,0,0,0,0,0,0,0,0,0,0,0,0,0,0,0,0],
[0,0,0,22.42,22.42,22.42,22.42,22.42,22.42,22.42,22.42,22.42,22.42,22.42,22.42,22.42,22.42,22.42,22.42,22.42,22.42,22.42,22.42,22.42,22.42,22.42,22.42,22.42,22.42,22.42,22.42,22.42,22.42,22.42,22.42,22.42,22.42,0,0,0,0,0,0,0,0,0,0,0,0,0,0,0,0,0,0,0,0,0,0,0,0,0,0,0,0,0,0,0,0,0,0,0,0,0,0,0,0,0,0,0,0,0],
[0,0,0,0,0,0,0,0,0,0,0,0,0,0,0,0,0,0,0,0,0,0,0,0,0,0,0,0,0,0,0,0,0,0,0,0,0,0,0,0,0,0,0,0,0,0,0,0,0,0,0,0,0,0,0,0,0,0,0,0,0,0,0,0,0,0,0,0,0,0,0,0,0,0,0,0,0,0,0,0,0,0],
[0,0,0,0,0,0,0,0,0,0,0,0,0,0,0,0,0,0,0,0,0,0,0,0,0,0,0,0,0,0,0,0,0,0,0,0,0,0,0,0,0,0,0,0,0,0,0,0,0,0,0,0,0,0,0,0,0,0,0,0,0,0,0,0,0,0,0,0,0,0,0,0,0,0,0,0,0,0,0,0,0,0],
[0,0,0,0,0,0,0,0,0,0,0,0,0,0,0,0,0,0,0,0,0,0,0,0,0,0,0,0,0,0,0,0,0,0,0,0,0,0,0,0,0,0,0,0,0,0,0,0,0,0,0,0,0,0,0,0,0,0,0,0,0,0,0,0,0,0,0,0,0,0,0,0,0,0,0,0,0,0,0,0,0,0]]