[[0,0,0,0,0,0,0,0,0,0,0,0,0,0,0,0,0,0,0,0,0,0,0,0,0,0,0,0,0,0,0,0,0,0,0,0,0,0,0,0,0,0,0,0,0,0,0,0,0,0,0,0,0,0,0,0,0,0,0,0,0,0,0,0,0,0,0,0,0,0,0,0,0,0,0,0,0,0,0,0,0,0,0,0,0,0,0,0,0,0,0,0,0,0,0,0,0,0,0,0,0,0,0,0,0,0,0,0,0,0,0,0,0,0,0,0,0,0,0,0,0,0,0,0,0,0,0,0,0,0,0,0,0,0,0,0,0,0,0,0,0,0,0,0,0,0,0,0,0,0],
[0,0,0,0,0,0,0,0,0,0,0,0,0,0,0,0,0,0,0,0,0,0,0,0,0,0,0,0,0,0,0,0,0,0,0,0,0,0,0,0,0,0,0,0,0,0,0,0,0,0,0,0,0,0,0,0,0,0,0,0,0,0,0,0,0,0,0,0,0,0,0,0,0,0,0,0,0,0,0,0,0,0,0,0,0,0,0,0,0,0,0,0,0,0,0,0,0,0,0,0,0,0,0,0,0,0,0,0,0,0,0,0,0,0,0,0,0,0,0,0,0,0,0,0,0,0,0,0,0,0,0,0,0,0,0,0,0,0,0,0,0,0,0,0,0,0,0,0,0,0],
[0,0,0,0,0,0,0,0,0,0,0,0,0,0,0,0,0,0,0,0,0,0,0,0,0,0,0,0,0,0,0,0,0,0,0,0,0,0,0,0,0,0,0,0,0,0,0,0,0,0,0,0,0,0,0,0,0,0,0,0,0,0,0,0,0,0,0,0,0,0,0,0,0,0,0,0,0,0,0,0,0,0,0,0,0,0,0,0,0,0,0,0,0,0,0,0,0,0,0,0,0,0,0,0,0,0,0,0,0,0,0,0,0,0,0,0,0,0,0,0,0,0,0,0,0,0,0,0,0,0,0,0,0,0,0,0,0,0,0,0,0,0,0,0,0,0,0,0,0,0],
[0,0,0,0,0,0,0,0,0,0,0,0,0,0,0,0,0,0,0,0,0,0,0,0,0,0,0,0,0,0,0,0,0,0,0,0,0,0,0,0,0,0,0,0,0,0,0,0,0,0,0,0,0,0,0,0,0,0,0,0,0,0,0,0,0,0,0,0,0,0,0,0,0,0,0,0,0,0,0,0,0,0,0,0,0,0,0,0,0,0,0,0,0,0,0,0,0,0,0,0,0,0,0,0,0,0,0,0,0,0,0,0,0,0,0,0,0,0,0,0,0,0,0,0,0,0,0,0,0,0,0,0,0,0,0,0,0,0,0,0,0,0,0,0,0,0,0,0,0,0],
[0,0,0,0,0,0,0,0,0,0,0,0,0,0,0,0,0,0,0,0,0,0,0,0,0,0,0,0,0,0,0,0,0,0,0,0,0,0,0,0,0,0,0,0,0,0,0,0,0,0,0,0,0,0,0,0,0,0,0,0,0,0,0,0,0,0,0,0,0,0,0,0,0,0,0,0,0,0,0,0,0,0,0,0,0,0,0,0,0,0,0,0,0,0,0,0,0,0,0,0,0,0,0,0,0,0,0,0,0,0,0,0,0,0,0,0,0,0,0,0,0,0,0,0,0,0,0,0,0,0,0,0,0,0,0,0,0,0,0,0,0,0,0,0,0,0,0,0,0,0],
[0,0,0,0,0,0,0,0,0,0,0,0,0,0,0,0,0,0,0,0,0,0,0,0,0,0,0,0,0,0,0,0,0,0,0,0,0,0,0,0,0,0,0,0,0,0,0,0,0,0,0,0,0,0,0,0,0,0,0,0,0,0,0,0,0,0,0,0,0,0,0,0,0,0,0,0,0,0,0,0,0,0,0,0,0,0,0,0,0,0,0,0,0,0,0,0,0,0,0,0,0,0,0,0,0,0,0,0,0,0,0,0,0,0,0,0,0,0,0,0,0,0,0,0,0,0,0,0,0,0,0,0,0,0,0,0,0,0,0,0,0,0,0,0,0,0,0,0,0,0],
[0,0,0,0,0,0,0,0,0,0,0,0,0,0,0,0,0,0,0,0,0,0,0,0,0,0,0,0,0,0,0,0,0,0,0,0,0,0,0,0,0,0,0,0,0,0,0,0,0,0,0,0,0,0,0,0,0,0,0,0,0,0,0,0,0,0,0,0,0,0,0,0,0,0,0,0,0,0,0,0,0,0,0,0,0,0,0,0,0,0,0,0,0,0,0,0,0,0,0,0,0,0,0,0,0,0,0,0,0,0,0,0,0,0,0,0,0,0,0,0,0,0,0,0,0,0,0,0,0,0,0,0,0,0,0,0,0,0,0,0,0,0,0,0,0,0,0,0,0,0],
[0,0,0,0,0,0,0,0,0,0,0,0,0,0,0,0,0,0,0,0,0,0,0,0,0,0,0,0,0,0,0,0,0,0,0,0,0,0,0,0,0,0,0,0,0,0,0,0,0,0,0,0,0,0,0,0,0,0,0,0,0,0,0,0,0,0,0,0,0,0,0,0,0,0,0,0,0,0,0,0,0,0,0,0,0,0,0,0,0,0,0,0,0,0,0,0,0,0,0,0,0,0,0,0,0,0,0,0,0,0,0,0,0,0,0,0,0,0,0,0,0,0,0,0,0,0,0,0,0,0,0,0,0,0,0,0,0,0,0,0,0,0,0,0,0,0,0,0,0,0],
[0,0,0,0,0,0,0,0,0,0,0,0,0,0,0,0,0,0,0,0,0,0,0,0,0,0,0,0,0,0,0,0,0,0,0,0,0,0,0,0,0,0,0,0,0,0,0,0,0,0,0,0,0,0,0,0,0,0,0,0,0,0,0,0,0,0,0,0,0,0,0,0,0,0,0,0,0,0,0,0,0,0,0,0,0,0,0,0,0,0,0,0,0,0,0,0,0,0,0,0,0,0,0,0,0,0,0,0,0,0,0,0,0,0,0,0,0,0,0,0,0,0,0,0,0,0,0,0,0,0,0,0,0,0,0,0,0,0,0,0,0,0,0,0,0,0,0,0,0,0],
[0,0,0,0,0,0,0,0,0,0,0,0,0,0,0,0,0,0,0,0,0,0,0,0,0,0,0,0,0,0,0,0,0,0,0,0,0,0,0,0,0,0,0,0,0,0,0,0,0,0,0,0,0,0,0,0,0,0,0,0,0,0,0,0,0,0,0,0,0,0,0,0,0,0,0,0,0,0,0,0,0,0,0,0,0,0,0,0,0,0,0,0,0,0,0,0,0,0,0,0,0,0,0,0,0,0,0,0,0,0,0,0,0,0,0,0,0,0,0,0,0,0,0,0,0,0,0,0,0,0,0,0,0,0,0,0,0,0,0,0,0,0,0,0,0,0,0,0,0,0],
[0,0,0,0,0,0,0,0,0,0,0,0,0,0,0,0,0,0,0,0,0,0,0,0,0,0,0,0,0,0,0,0,0,0,0,0,0,0,0,0,0,0,0,0,0,0,0,0,0,0,0,0,0,0,0,0,0,0,0,0,0,0,0,0,0,0,0,0,0,0,0,0,0,0,0,0,0,0,0,0,0,0,0,0,0,0,0,0,0,0,0,0,0,0,0,0,0,0,0,0,0,0,0,0,0,0,0,0,0,0,0,0,0,0,0,0,0,0,0,0,0,0,0,0,0,0,0,0,0,0,0,0,0,0,0,0,0,0,0,0,0,0,0,0,0,0,0,0,0,0],
[0,0,0,0,0,0,0,0,0,0,0,0,0,0,0,0,0,0,0,0,0,0,0,0,0,0,0,0,0,0,0,0,0,0,0,0,0,0,0,0,0,0,0,0,0,0,0,0,0,0,0,0,0,0,0,0,0,0,0,0,0,0,0,0,0,0,0,0,0,0,0,0,0,0,0,0,0,0,0,0,0,0,0,0,0,0,0,0,0,0,0,0,0,0,0,0,0,0,0,0,0,0,0,0,0,0,0,0,0,0,0,0,0,0,0,0,0,0,0,0,0,0,0,0,0,0,0,0,0,0,0,0,0,0,0,0,0,0,0,0,0,0,0,0,0,0,0,0,0,0],
[0,0,0,0,0,0,0,0,0,0,0,0,0,0,0,0,0,0,0,0,0,0,0,0,0,0,0,0,0,0,0,0,0,0,0,0,0,0,0,0,0,0,0,0,0,0,0,0,0,0,0,0,0,0,0,0,0,0,0,0,0,0,0,0,0,0,0,0,0,0,0,0,0,0,0,0,0,0,0,0,0,0,0,0,0,0,0,0,0,0,0,0,0,0,0,0,0,0,0,0,0,0,0,0,0,0,0,0,0,0,0,0,0,0,0,0,0,0,0,0,0,0,0,0,0,0,0,0,0,0,0,0,0,0,0,0,0,0,0,0,0,0,0,0,0,0,0,0,0,0],
[0,0,0,0,0,0,0,0,0,0,0,0,0,0,0,0,0,0,0,0,0,0,0,0,0,0,0,0,0,0,0,0,0,0,0,0,0,0,0,0,0,0,0,0,0,0,0,0,0,0,0,0,0,0,0,0,0,0,0,0,0,0,0,0,0,0,0,0,0,0,0,0,0,0,0,0,0,0,0,0,0,0,0,0,0,0,0,0,0,0,0,0,0,0,0,0,0,0,0,0,0,0,0,0,0,0,0,0,0,0,0,0,0,0,0,0,0,0,0,0,0,0,0,0,0,0,0,0,0,0,0,0,0,0,0,0,0,0,0,0,0,0,0,0,0,0,0,0,0,0],
[0,0,0,0,0,0,0,0,0,0,0,0,0,0,0,0,0,0,0,0,0,0,0,0,0,0,0,0,0,0,0,0,0,0,0,0,0,0,0,0,0,0,0,0,0,0,0,0,0,0,0,0,0,0,0,0,0,0,0,0,0,0,0,0,0,0,0,0,0,0,0,0,0,0,0,0,0,0,0,0,0,0,0,0,0,0,0,0,0,0,0,0,0,0,0,0,0,0,0,0,0,0,0,0,0,0,0,0,0,0,0,0,0,0,0,0,0,0,0,0,0,0,0,0,0,0,0,0,0,0,0,0,0,0,0,0,0,0,0,0,0,0,0,0,0,0,0,0,0,0],
[0,0,0,0,0,0,0,0,0,0,0,0,0,0,0,0,0,0,0,0,0,0,0,0,0,0,0,0,0,0,0,0,0,0,0,0,0,0,0,0,0,0,0,0,0,0,0,0,0,0,0,0,0,0,0,0,0,0,0,0,0,0,0,0,0,0,0,0,0,0,0,0,0,0,0,0,0,0,0,0,0,0,0,0,0,0,0,0,0,0,0,0,0,0,0,0,0,0,0,0,0,0,0,0,0,0,0,0,0,0,0,0,0,0,0,0,0,0,0,0,0,0,0,0,0,0,0,0,0,0,0,0,0,0,0,0,0,0,0,0,0,0,0,0,0,0,0,0,0,0],
[0,0,0,0,0,0,0,0,0,0,0,0,0,0,0,0,0,0,0,0,0,0,0,0,0,0,0,0,0,0,0,0,0,0,0,0,0,0,0,0,0,0,0,0,0,0,0,0,0,0,0,0,0,0,0,0,0,0,0,0,0,0,0,0,0,0,0,0,0,0,0,0,0,0,0,0,0,0,0,0,0,0,0,0,0,0,0,0,0,0,0,0,0,0,0,0,0,0,0,0,0,0,0,0,0,0,0,0,0,0,0,0,0,0,0,0,0,0,0,0,0,0,0,0,0,0,0,0,0,0,0,0,0,0,0,0,0,0,0,0,0,0,0,0,0,0,0,0,0,0],
[0,0,0,0,0,0,0,0,0,0,0,0,0,0,0,0,0,0,0,0,0,0,0,0,0,0,0,0,0,0,0,0,0,0,0,0,0,0,0,0,0,0,0,0,0,0,0,0,0,0,0,0,0,0,0,0,0,0,0,0,0,0,0,0,0,0,0,0,0,0,0,0,0,0,0,0,0,0,0,0,0,0,0,0,0,0,0,0,0,0,0,0,0,0,0,0,0,0,0,0,0,0,0,0,0,0,0,0,0,0,0,0,0,0,0,0,0,0,0,0,0,0,0,0,0,0,0,0,0,0,0,0,0,0,0,0,0,0,0,0,0,0,0,0,0,0,0,0,0,0],
[0,0,0,0,0,0,0,0,0,0,0,0,0,0,0,0,0,0,0,0,0,0,0,0,0,0,0,0,0,0,0,0,0,0,0,0,0,0,0,0,0,0,0,0,0,0,0,0,0,0,0,0,0,0,0,0,0,0,0,0,0,0,0,0,0,0,0,0,0,0,0,0,0,0,0,0,0,0,0,0,0,0,0,0,0,0,0,0,0,0,0,0,0,0,0,0,0,0,0,0,0,0,0,0,0,0,0,0,0,0,0,0,0,0,0,0,0,0,0,0,0,0,0,0,0,0,0,0,0,0,0,0,0,0,0,0,0,0,0,0,0,0,0,0,0,0,0,0,0,0],
[0,0,0,0,0,0,0,0,0,0,0,0,0,0,0,0,0,0,0,0,0,0,0,0,0,0,0,0,0,0,0,0,0,0,0,0,0,0,0,0,0,0,0,0,0,0,0,0,0,0,0,0,0,0,0,0,0,0,0,0,0,0,0,0,0,0,0,0,0,0,0,0,0,0,0,0,0,0,0,0,0,0,0,0,0,0,0,0,0,0,0,0,0,0,0,0,0,0,0,0,0,0,0,0,0,0,0,0,0,0,0,0,0,0,0,0,0,0,0,0,0,0,0,0,0,0,0,0,0,0,0,0,0,0,0,0,0,0,0,0,0,0,0,0,0,0,0,0,0,0],
[0,0,0,0,0,0,0,0,0,0,0,0,0,0,0,0,0,0,0,0,0,0,0,0,0,0,0,0,0,0,0,0,0,0,0,0,0,0,0,0,0,0,0,0,0,0,0,0,0,0,0,0,0,0,0,0,0,0,0,0,0,0,0,0,0,0,0,0,0,0,0,0,0,0,0,0,0,0,0,0,0,0,0,0,0,0,0,0,0,0,0,0,0,0,0,0,0,0,0,0,0,0,0,0,0,0,0,0,0,0,0,0,0,0,0,0,0,0,0,0,0,0,0,0,0,0,0,0,0,0,0,0,0,0,0,0,0,0,0,0,0,0,0,0,0,0,0,0,0,0],
[0,0,0,0,0,0,0,0,0,0,0,0,0,0,0,0,0,0,0,0,0,0,0,0,0,0,0,0,0,0,0,0,0,0,0,0,0,0,0,0,0,0,0,0,0,0,0,0,0,0,0,0,0,0,0,0,0,0,0,0,0,0,0,0,0,0,0,0,0,0,0,0,0,0,0,0,0,0,0,0,0,0,0,0,0,0,0,0,0,0,0,0,0,0,0,0,0,0,0,0,0,0,0,0,0,0,0,0,0,0,0,0,0,0,0,0,0,0,0,0,0,0,0,0,0,0,0,0,0,0,0,0,0,0,0,0,0,0,0,0,0,0,0,0,0,0,0,0,0,0],
[0,0,0,0,0,0,0,0,0,0,0,0,0,0,0,0,0,0,0,0,0,0,0,0,0,0,0,0,0,0,0,0,0,0,0,0,0,0,0,0,0,0,0,0,0,0,0,0,0,0,0,0,0,0,0,0,0,0,0,0,0,0,0,0,0,0,0,0,0,0,0,0,0,0,0,0,0,0,0,0,0,0,0,0,0,0,0,0,0,0,0,0,0,0,0,0,0,0,0,0,0,0,0,0,0,0,0,0,0,0,0,0,0,0,0,0,0,0,0,0,0,0,0,0,0,0,0,0,0,0,0,0,0,0,0,0,0,0,0,0,0,0,0,0,0,0,0,0,0,0],
[0,0,0,0,0,0,0,0,0,0,0,0,0,0,0,0,0,0,0,0,0,0,0,0,0,0,0,0,0,0,0,0,0,0,0,0,0,0,0,0,0,0,0,0,0,0,0,0,0,0,0,0,0,0,0,0,0,0,0,0,0,0,0,0,0,0,0,0,0,0,0,0,0,0,0,0,0,0,0,0,0,0,0,0,0,0,0,0,0,0,0,0,0,0,0,0,0,0,0,0,0,0,0,0,0,0,0,0,0,0,0,0,0,0,0,0,0,0,0,0,0,0,0,0,0,0,0,0,0,0,0,0,0,0,0,0,0,0,0,0,0,0,0,0,0,0,0,0,0,0],
[0,0,0,0,0,0,0,0,0,0,0,0,0,0,0,0,0,0,0,0,0,0,0,0,0,0,0,0,0,0,0,0,0,0,0,0,0,0,0,0,0,0,0,0,0,0,0,0,0,0,0,0,0,0,0,0,0,0,0,0,0,0,0,0,0,0,0,0,0,0,0,0,0,0,0,0,0,0,0,0,0,0,0,0,0,0,0,0,0,0,0,0,0,0,0,0,0,0,0,0,0,0,0,0,0,0,0,0,0,0,0,0,0,0,0,0,0,0,0,0,0,0,0,0,0,0,0,0,0,0,0,0,0,0,0,0,0,0,0,0,0,0,0,0,0,0,0,0,0,0],
[0,0,0,0,0,0,0,0,0,0,0,0,0,0,0,0,0,0,0,0,0,0,0,0,0,0,0,0,0,0,0,0,0,0,0,0,0,0,0,0,0,0,0,0,0,0,0,0,0,0,0,0,0,0,0,0,0,0,0,0,0,0,0,0,0,0,0,0,0,0,0,0,0,0,0,0,0,0,0,0,0,0,0,0,0,0,0,0,0,0,0,0,0,0,0,0,0,0,0,0,0,0,0,0,0,0,0,0,0,0,0,0,0,0,0,0,0,0,0,0,0,0,0,0,0,0,0,0,0,0,0,0,0,0,0,0,0,0,0,0,0,0,0,0,0,0,0,0,0,0],
[0,0,0,0,0,0,0,0,0,0,0,0,0,0,0,0,0,0,0,0,0,0,0,0,0,0,0,0,0,0,0,0,0,0,0,0,0,0,0,0,0,0,0,0,0,0,0,0,0,0,0,0,0,0,0,0,0,0,0,0,0,0,0,0,0,0,0,0,0,0,0,0,0,0,0,0,0,0,0,0,0,0,0,0,0,0,0,0,0,0,0,0,0,0,0,0,0,0,0,0,0,0,0,0,0,0,0,0,0,0,0,0,0,0,0,0,0,0,0,0,0,0,0,0,0,0,0,0,0,0,0,0,0,0,0,0,0,0,0,0,0,0,0,0,0,0,0,0,0,0],
[0,0,0,0,0,0,0,22.50,0,0,0,22.50,0,0,0,0,0,0,0,0,0,0,0,0,0,0,0,0,0,0,0,0,0,0,0,0,0,0,0,0,0,0,0,0,0,0,0,0,0,0,0,0,0,0,0,0,0,0,0,0,0,0,0,0,0,0,0,0,0,0,0,0,0,0,0,0,0,0,0,0,0,0,0,0,0,0,0,0,0,0,0,0,0,0,0,0,0,0,0,0,0,0,0,0,0,0,0,0,0,0,0,0,0,0,0,0,0,0,0,0,0,0,0,0,0,0,0,0,0,0,0,0,0,0,0,0,0,0,0,0,0,0,0,0,0,0,0,0,0,0],
[0,0,0,0,0,22.50,22.50,22.50,22.50,0,22.50,22.50,22.50,22.50,0,0,0,0,0,0,0,0,0,0,0,0,0,0,0,0,0,0,0,0,0,0,0,0,0,0,0,0,0,0,0,0,0,0,0,0,0,0,0,0,0,0,0,0,0,0,0,0,0,0,0,0,0,0,0,0,0,0,0,0,0,0,0,0,0,0,0,0,0,0,0,0,0,0,0,0,0,0,0,0,0,0,0,0,0,0,0,0,0,0,0,0,0,0,0,0,0,0,0,0,0,0,0,0,0,0,0,0,0,0,0,0,0,0,0,0,0,0,0,0,0,0,0,22.50,22.50,22.50,22.50,0,22.50,22.50,22.50,0,0,0,0,0],
[0,0,0,0,22.50,22.50,22.50,22.50,22.50,22.50,22.50,22.50,22.50,22.50,22.50,0,0,0,0,0,0,0,0,0,0,0,0,0,0,0,0,0,0,0,0,0,0,0,0,0,0,0,0,0,0,0,0,0,0,0,0,0,0,0,0,0,0,0,0,0,0,0,0,0,0,0,0,0,0,0,0,0,0,0,0,0,0,0,0,0,0,0,0,0,0,0,0,0,0,0,0,0,0,0,0,0,0,0,0,0,0,0,0,0,0,0,0,0,0,0,0,0,0,0,0,0,0,0,0,0,0,0,0,0,0,0,0,0,0,0,0,0,0,0,0,0,22.50,22.50,22.50,22.50,22.50,22.50,22.50,22.50,22.50,22.50,22.50,0,0,0],
[0,0,0,22.50,22.50,22.50,22.50,22.50,22.50,22.50,22.50,22.50,22.50,22.50,22.50,22.50,0,0,0,0,0,0,0,0,0,0,0,0,0,0,0,0,0,0,0,0,0,0,0,0,0,0,0,0,0,0,0,0,0,0,0,0,0,0,0,0,0,0,0,0,0,0,0,0,0,0,0,0,0,0,0,0,0,0,0,0,0,0,0,0,0,0,0,0,0,0,0,0,0,0,0,0,0,0,0,0,0,0,0,0,0,0,0,0,0,0,0,0,0,0,0,0,0,0,0,0,0,0,0,0,0,0,0,0,0,0,0,0,0,0,0,0,0,0,0,22.50,22.50,22.50,22.50,22.50,22.50,22.50,22.50,22.50,22.50,22.50,22.50,0,0,0],
[0,0,0,22.50,22.50,22.50,22.50,22.50,22.50,22.50,22.50,22.50,22.50,22.50,22.50,22.50,0,0,0,0,0,0,0,0,0,0,0,0,0,0,0,0,0,0,0,0,0,0,0,0,0,0,0,0,0,0,0,0,0,0,0,0,0,0,0,0,0,0,0,0,0,0,0,0,0,0,0,0,0,0,0,0,0,0,0,0,0,0,0,0,0,0,0,0,0,0,0,0,0,0,0,0,0,0,0,0,0,0,0,0,0,0,0,0,0,0,0,0,0,0,0,0,0,0,0,0,0,0,0,0,0,0,0,0,0,0,0,0,0,0,0,0,0,0,0,22.50,22.50,22.50,22.50,22.50,22.50,22.50,22.50,22.50,22.50,22.50,22.50,22.50,0,0],
[0,0,0,22.50,22.50,22.50,22.50,22.50,22.50,22.50,22.50,22.50,22.50,22.50,22.50,22.50,0,0,0,0,0,0,0,0,0,0,0,0,0,0,0,0,0,0,0,0,0,0,0,0,0,0,0,0,0,0,0,0,0,0,0,0,0,0,0,0,0,0,0,0,0,0,0,0,0,0,0,0,0,0,0,0,0,0,0,0,0,0,0,0,0,0,0,0,0,0,0,0,0,0,0,0,0,0,0,0,0,0,0,0,0,0,0,0,0,0,0,0,0,0,0,0,0,0,0,0,0,0,0,0,0,0,0,0,0,0,0,0,0,0,0,0,0,0,0,22.50,22.50,22.50,22.50,22.50,22.50,22.50,22.50,22.50,22.50,22.50,22.50,22.50,0,0],
[0,0,0,22.50,22.50,22.50,22.50,22.50,22.50,22.50,22.50,22.50,22.50,22.50,22.50,22.50,0,0,0,0,0,0,0,0,0,0,0,0,0,0,0,0,0,0,0,0,0,0,0,0,0,0,0,0,0,0,0,0,0,0,0,0,0,0,0,0,0,0,0,0,0,0,0,0,0,0,0,0,0,0,0,0,0,0,0,0,0,0,0,0,0,0,0,0,0,0,0,0,0,0,0,0,0,0,0,0,0,0,0,0,0,0,0,0,0,0,0,0,0,0,0,0,0,0,0,0,0,0,0,0,0,0,0,0,0,0,0,0,0,0,0,0,0,0,0,22.50,22.50,22.50,22.50,22.50,22.50,22.50,22.50,22.50,22.50,22.50,22.50,22.50,0,0],
[0,0,0,0,22.50,22.50,22.50,22.50,22.50,22.50,22.50,22.50,22.50,22.50,22.50,0,0,0,0,0,0,0,0,0,0,0,0,0,0,0,0,0,0,0,0,0,0,0,0,0,0,0,0,0,0,0,0,0,0,0,0,0,0,0,0,0,0,0,0,0,0,0,0,0,0,0,0,0,0,0,0,0,0,0,0,0,0,0,0,0,0,0,0,0,0,0,0,0,0,0,0,0,0,0,0,0,0,0,0,0,0,0,0,0,0,0,0,0,0,0,0,0,0,0,0,0,0,0,0,0,0,0,0,0,0,0,0,0,0,0,0,0,0,0,0,0,22.50,22.50,22.50,22.50,22.50,22.50,22.50,22.50,22.50,22.50,22.50,0,0,0],
[0,0,0,22.50,22.50,22.50,22.50,22.50,22.50,22.50,22.50,22.50,22.50,22.50,22.50,0,0,0,0,0,0,0,0,0,0,0,0,0,0,0,0,0,0,0,0,0,0,0,0,0,0,0,0,0,0,0,0,0,0,0,0,0,0,0,0,0,0,0,0,0,0,0,0,0,0,0,0,0,0,0,0,0,0,0,0,0,0,0,0,0,0,0,0,0,0,0,0,0,0,0,0,0,0,0,0,0,0,0,0,0,0,0,0,0,0,0,0,0,0,0,0,0,0,0,0,0,0,0,0,0,0,0,0,0,0,0,0,0,0,0,0,0,0,0,0,0,22.50,22.50,22.50,22.50,22.50,22.50,22.50,22.50,22.50,22.50,22.50,22.50,0,0],
[0,0,22.50,22.50,22.50,22.50,22.50,22.50,22.50,22.50,22.50,22.50,22.50,22.50,22.50,22.66,0,0,0,0,0,0,0,0,0,0,0,0,0,0,0,0,0,24.66,24.66,0,0,0,0,0,0,0,0,0,0,0,0,0,0,0,0,0,0,0,0,0,0,0,0,0,0,0,0,0,0,0,0,0,0,0,0,0,0,0,0,0,0,0,0,0,0,0,0,0,0,0,0,0,0,0,0,0,0,0,0,0,0,0,0,0,0,0,0,0,0,0,0,0,0,0,0,0,0,0,0,24.66,24.66,24.66,0,0,0,0,0,0,0,0,0,0,0,0,0,0,0,0,0,22.50,22.50,22.50,22.50,22.50,22.50,22.50,22.50,22.50,22.50,22.50,22.50,22.50,0,0],
[0,0,0,22.50,22.50,22.50,22.50,22.50,22.50,22.50,22.50,22.50,22.50,22.50,22.66,22.93,23.25,0,0,0,0,0,0,0,0,0,0,0,0,0,0,0,24.66,24.66,24.66,24.66,0,0,0,0,0,0,0,0,0,0,0,0,0,0,0,0,0,0,0,0,0,0,0,0,0,0,0,0,0,0,0,0,0,0,0,0,0,0,0,0,0,0,0,0,0,0,0,0,0,0,0,0,0,0,0,0,0,0,0,0,0,0,0,0,0,0,0,0,0,0,0,0,0,0,0,0,0,0,24.66,24.66,24.66,24.66,24.66,0,0,0,0,0,0,0,0,0,0,0,0,0,0,0,23.08,22.83,22.50,22.50,22.50,22.50,22.50,22.50,22.50,22.50,22.50,22.50,22.50,22.50,0,0],
[0,0,0,22.50,22.50,22.50,22.50,22.50,22.50,22.50,22.50,22.50,22.50,22.66,22.91,23.23,23.56,23.87,0,0,0,0,0,0,0,0,0,0,0,0,0,24.66,24.66,24.66,24.66,24.66,24.66,0,0,0,0,0,0,0,0,0,0,0,0,0,0,0,0,0,0,0,0,0,0,0,0,0,0,0,0,0,0,0,0,0,0,0,0,0,0,0,0,0,0,0,0,0,0,0,0,0,0,0,0,0,0,0,0,0,0,0,0,0,0,0,0,0,0,0,0,0,0,0,0,0,0,0,0,24.66,24.66,24.66,24.66,24.66,24.66,24.66,0,0,0,0,0,0,0,0,0,0,0,0,0,23.63,23.35,23.06,22.76,22.50,22.50,22.50,22.50,22.50,22.50,22.50,22.50,22.50,22.50,22.50,0,0],
[0,0,0,0,22.50,22.50,22.50,22.50,22.50,22.50,22.50,22.50,22.66,22.92,23.23,23.55,23.87,24.15,24.37,24.66,24.66,0,0,0,0,0,0,0,0,0,24.66,24.66,24.66,24.66,24.66,24.66,24.66,24.66,0,0,0,0,0,0,0,0,0,0,0,0,0,0,0,0,0,0,0,0,0,0,0,0,0,0,0,0,0,0,0,0,0,0,0,0,0,0,0,0,0,0,0,0,0,0,0,0,0,0,0,0,0,0,0,0,0,0,0,0,0,0,0,0,0,0,0,0,0,0,0,0,0,0,24.66,24.66,24.66,24.66,24.66,24.66,24.66,24.66,24.66,0,0,0,0,0,0,0,0,0,24.66,24.66,24.19,23.91,23.63,23.35,23.06,22.76,22.50,22.50,22.50,22.50,22.50,22.50,22.50,22.50,22.50,0,0,0],
[0,0,0,0,0,0,22.50,22.50,22.50,0,0,22.66,22.93,23.24,23.55,23.87,24.15,24.37,24.59,24.66,24.66,24.66,0,0,0,0,0,0,0,24.66,24.66,24.66,24.66,24.66,24.66,24.66,24.66,24.66,24.66,0,0,0,0,0,0,0,0,0,0,0,0,0,0,0,0,0,0,0,0,0,0,0,0,0,0,0,0,0,0,0,0,0,0,0,0,0,0,0,0,0,0,0,0,0,0,0,0,0,0,0,0,0,0,0,0,0,0,0,0,0,0,0,0,0,0,0,0,0,0,0,0,24.66,24.66,24.66,24.66,24.66,24.66,24.66,24.66,24.66,24.66,24.66,0,0,0,0,0,0,0,24.66,24.66,24.66,24.47,24.19,23.91,23.63,23.35,23.06,22.81,22.50,22.50,0,22.50,22.50,22.50,22.50,0,0,0,0],
[0,0,0,0,0,0,0,0,0,0,0,0,23.25,23.56,23.87,24.15,24.37,24.59,24.66,24.66,24.66,24.66,24.66,0,0,0,0,0,24.66,24.66,24.66,24.66,24.66,24.66,24.66,24.66,24.66,24.66,24.66,24.66,0,0,0,0,0,0,0,0,0,0,0,0,0,0,0,0,0,0,0,0,0,0,0,0,0,0,0,0,0,0,0,0,0,0,0,0,0,0,0,0,0,0,0,0,0,0,0,0,0,0,0,0,0,0,0,0,0,0,0,0,0,0,0,0,0,0,0,0,0,0,24.66,24.66,24.66,24.66,24.66,24.66,24.66,24.66,24.66,24.66,24.66,24.66,24.66,0,0,0,0,0,24.66,24.66,24.66,24.66,24.66,24.47,24.19,23.91,23.63,23.35,23.08,0,0,0,0,22.50,0,0,0,0,0,0],
[0,0,0,0,0,0,0,0,0,0,0,0,0,23.87,24.15,24.37,24.59,24.66,24.66,24.66,24.66,24.66,24.66,24.66,0,0,0,24.66,24.66,24.66,24.66,24.66,24.66,24.66,24.66,24.66,24.66,24.66,24.66,24.66,24.66,0,0,0,0,0,0,0,0,0,0,0,0,0,0,0,0,0,0,0,0,0,0,0,0,0,0,0,0,0,0,0,0,0,0,0,0,0,0,0,0,0,0,0,0,0,0,0,0,0,0,0,0,0,0,0,0,0,0,0,0,0,0,0,0,0,0,0,0,24.66,24.66,24.66,24.66,24.66,24.66,24.66,24.66,24.66,24.66,24.66,24.66,24.66,24.66,24.66,0,0,0,24.66,24.66,24.66,24.66,24.66,24.66,24.66,24.47,24.19,23.91,23.63,0,0,0,0,0,0,0,0,0,0,0,0],
[0,0,0,0,0,0,0,0,0,0,0,0,0,0,24.37,24.59,24.66,24.66,24.66,24.66,24.66,24.66,24.66,24.66,24.66,0,24.66,24.66,24.66,24.66,24.66,24.66,24.66,24.66,24.66,24.66,24.66,24.66,24.66,24.66,24.66,24.66,0,0,0,0,0,0,0,0,0,0,0,0,0,0,0,0,0,0,0,0,0,0,0,0,0,0,0,0,0,0,0,0,0,0,0,0,0,0,0,0,0,0,0,0,0,0,0,0,0,0,0,0,0,0,0,0,0,0,0,0,0,0,0,0,0,0,24.66,24.66,24.66,24.66,24.66,24.66,24.66,24.66,24.66,24.66,24.66,24.66,24.66,24.66,24.66,24.66,24.66,0,24.66,24.66,24.66,24.66,24.66,24.66,24.66,24.66,24.66,24.47,24.19,0,0,0,0,0,0,0,0,0,0,0,0,0],
[0,0,0,0,0,0,0,0,0,0,0,0,0,0,24.66,24.66,24.66,24.66,24.66,24.66,24.66,24.66,24.66,24.66,24.66,24.66,24.66,24.66,24.66,24.66,24.66,24.66,24.66,24.66,24.66,24.66,24.66,24.66,24.66,24.66,24.66,24.66,24.66,0,0,0,0,0,0,0,0,0,0,0,0,0,0,0,0,0,0,0,0,0,0,0,0,0,25.50,25.50,25.50,25.50,25.50,25.50,25.50,25.50,25.50,25.50,25.50,25.50,25.50,25.50,25.50,0,0,0,0,0,0,0,0,0,0,0,0,0,0,0,0,0,0,0,0,0,0,0,0,24.66,24.66,24.66,24.66,24.66,24.66,24.66,24.66,24.66,24.66,24.66,24.66,24.66,24.66,24.66,24.66,24.66,24.66,24.66,24.66,24.66,24.66,24.66,24.66,24.66,24.66,24.66,24.66,24.66,24.66,0,0,0,0,0,0,0,0,0,0,0,0,0],
[0,0,0,0,0,0,0,0,0,0,0,0,0,0,24.66,24.66,24.66,24.66,24.66,24.66,24.66,24.66,24.66,24.66,24.66,24.66,24.66,24.66,24.66,24.66,24.66,24.66,24.66,24.66,24.66,24.66,24.66,24.66,24.66,24.66,24.66,24.66,24.66,24.66,0,0,0,0,0,0,0,0,0,0,0,0,0,0,0,0,0,0,25.50,25.50,25.50,25.50,25.50,25.50,25.50,25.50,25.50,25.50,25.50,25.50,25.50,25.50,25.50,25.50,25.50,25.50,25.50,25.50,25.50,25.50,25.50,25.50,25.50,25.50,25.50,0,0,0,0,0,0,0,0,0,0,0,0,0,0,0,0,0,24.66,24.66,24.66,24.66,24.66,24.66,24.66,24.66,24.66,24.66,24.66,24.66,24.66,24.66,24.66,24.66,24.66,24.66,24.66,24.66,24.66,24.66,24.66,24.66,24.66,24.66,24.66,24.66,24.66,24.66,24.66,0,0,0,0,0,0,0,0,0,0,0,0,0],
[0,0,0,0,0,0,0,0,0,0,0,0,0,0,0,24.66,24.66,24.66,24.66,24.66,24.66,24.66,24.66,24.66,24.66,24.66,24.66,24.66,24.66,24.66,24.66,24.66,24.66,24.66,24.66,24.66,24.66,24.66,24.66,24.66,24.66,24.66,24.66,24.66,24.66,0,0,0,0,0,0,0,0,0,0,0,0,0,0,25.50,25.50,25.50,25.50,25.50,25.50,25.50,25.50,25.50,25.50,25.50,25.50,25.50,25.50,25.50,25.50,25.50,25.50,25.50,25.50,25.50,25.50,25.50,25.50,25.50,25.50,25.50,25.50,25.50,25.50,25.50,25.50,25.50,25.50,0,0,0,0,0,0,0,0,0,0,0,0,24.66,24.66,24.66,24.66,24.66,24.66,24.66,24.66,24.66,24.66,24.66,24.66,24.66,24.66,24.66,24.66,24.66,24.66,24.66,24.66,24.66,24.66,24.66,24.66,24.66,24.66,24.66,24.66,24.66,24.66,24.66,0,0,0,0,0,0,0,0,0,0,0,0,0,0],
[0,0,0,0,0,0,0,0,0,0,0,0,0,0,0,0,24.66,24.66,24.66,24.66,24.66,24.66,24.66,24.66,24.66,24.66,24.66,24.66,24.66,24.66,24.66,24.66,24.66,24.66,24.66,24.66,24.66,24.66,24.66,24.66,24.66,24.66,24.66,24.66,24.66,24.66,0,0,0,0,0,0,0,0,0,0,25.50,25.50,25.50,25.50,25.50,25.50,25.50,25.50,25.50,25.50,25.50,25.50,25.50,25.50,25.50,25.50,25.50,25.50,25.50,25.50,25.50,25.50,25.50,25.50,25.50,25.50,25.50,25.50,25.50,25.50,25.50,25.50,25.50,25.50,25.50,25.50,25.50,25.50,25.50,25.50,0,0,0,0,0,0,0,0,24.66,24.66,24.66,24.66,24.66,24.66,24.66,24.66,24.66,24.66,24.66,24.66,24.66,24.66,24.66,24.66,24.66,24.66,24.66,24.66,24.66,24.66,24.66,24.66,24.66,24.66,24.66,24.66,24.66,24.66,24.66,0,0,0,0,0,0,0,0,0,0,0,0,0,0,0],
[0,0,0,0,0,0,0,0,0,0,0,0,0,0,0,0,0,24.66,24.66,24.66,24.66,24.66,24.66,24.66,24.66,24.66,24.66,24.66,24.66,24.66,24.66,24.66,24.66,24.66,24.66,24.66,24.66,24.66,24.66,24.66,24.66,24.66,24.66,24.66,24.66,24.66,24.66,0,0,0,0,0,0,0,25.50,25.50,25.50,25.50,25.50,25.50,25.50,25.50,25.50,25.50,25.50,25.50,25.50,25.50,25.50,25.50,25.50,25.50,25.50,25.50,25.50,25.50,25.50,25.50,25.50,25.50,25.50,25.50,25.50,25.50,25.50,25.50,25.50,25.50,25.50,25.50,25.50,25.50,25.50,25.50,25.50,25.50,25.50,25.50,0,0,0,0,0,24.66,24.66,24.66,24.66,24.66,24.66,24.66,24.66,24.66,24.66,24.66,24.66,24.66,24.66,24.66,24.66,24.66,24.66,24.66,24.66,24.66,24.66,24.66,24.66,24.66,24.66,24.66,24.66,24.66,24.66,24.66,0,0,0,0,0,0,0,0,0,0,0,0,0,0,0,0],
[0,0,0,0,0,0,0,0,0,0,0,0,0,0,0,0,0,0,24.66,24.66,24.66,24.66,24.66,24.66,24.66,24.66,24.66,24.66,24.66,24.66,24.66,24.66,24.66,24.66,24.66,24.66,24.66,24.66,24.66,24.66,24.66,24.66,24.66,24.66,24.66,24.66,24.66,24.66,0,0,0,25.50,25.50,25.50,25.51,25.50,25.50,25.50,25.50,25.50,25.50,25.50,25.50,25.50,25.50,25.50,25.50,25.50,25.50,25.50,25.50,25.50,25.50,25.50,25.50,25.50,25.50,25.50,25.50,25.50,25.50,25.50,25.50,25.50,25.50,25.50,25.50,25.50,25.50,25.50,25.50,25.50,25.50,25.50,25.50,25.50,25.50,25.50,25.50,25.50,0,0,0,24.66,24.66,24.66,24.66,24.66,24.66,24.66,24.66,24.66,24.66,24.66,24.66,24.66,24.66,24.66,24.66,24.66,24.66,24.66,24.66,24.66,24.66,24.66,24.66,24.66,24.66,24.66,24.66,24.66,24.66,0,0,0,0,0,0,0,0,0,0,0,0,0,0,0,0,0],
[0,0,0,0,0,0,0,0,0,0,0,0,0,0,0,0,0,0,0,24.66,24.66,24.66,24.66,24.66,24.66,24.66,24.66,24.66,24.66,24.66,24.66,24.66,24.66,24.66,24.66,24.66,24.66,24.66,24.66,24.66,24.66,24.66,24.66,24.66,24.66,24.66,24.66,24.66,0,25.50,25.50,25.50,25.52,25.52,25.51,25.50,25.50,25.50,25.50,25.50,25.50,25.50,25.50,25.50,25.50,25.50,25.50,25.50,25.50,25.50,25.50,25.50,25.50,25.50,25.50,25.50,25.50,25.50,25.50,25.50,25.50,25.50,25.50,25.50,25.50,25.50,25.50,25.50,25.50,25.50,25.50,25.50,25.50,25.50,25.50,25.50,25.50,25.50,25.50,25.50,25.50,25.50,0,24.66,24.66,24.66,24.66,24.66,24.66,24.66,24.66,24.66,24.66,24.66,24.66,24.66,24.66,24.66,24.66,24.66,24.66,24.66,24.66,24.66,24.66,24.66,24.66,24.66,24.66,24.66,24.66,24.66,0,0,0,0,0,0,0,0,0,0,0,0,0,0,0,0,0,0],
[0,0,0,0,0,0,0,0,0,0,0,0,0,0,0,0,0,0,24.66,24.66,24.66,24.66,24.66,24.66,24.66,24.66,24.66,24.66,24.66,24.66,24.66,24.66,24.66,24.66,24.66,24.66,24.66,24.66,24.66,24.66,24.66,24.66,24.66,24.66,24.66,24.66,0,25.50,25.50,25.50,25.52,25.54,25.53,25.52,25.51,25.50,25.50,25.50,25.50,25.50,25.50,25.50,25.50,25.50,25.50,25.50,25.50,25.50,25.50,25.50,25.50,25.50,25.50,25.50,25.50,25.50,25.50,25.50,25.50,25.50,25.50,25.50,25.50,25.50,25.50,25.50,25.50,25.50,25.50,25.50,25.50,25.50,25.50,25.50,25.50,25.50,25.50,25.50,25.50,25.52,25.52,25.51,25.50,25.50,0,24.66,24.66,24.66,24.66,24.66,24.66,24.66,24.66,24.66,24.66,24.66,24.66,24.66,24.66,24.66,24.66,24.66,24.66,24.66,24.66,24.66,24.66,24.66,24.66,24.66,24.66,24.66,24.66,0,0,0,0,0,0,0,0,0,0,0,0,0,0,0,0,0],
[0,0,0,0,0,0,0,0,0,0,0,0,0,0,0,0,0,24.66,24.66,24.66,24.66,24.66,24.66,24.66,24.66,24.66,24.66,24.66,24.66,24.66,24.66,24.66,24.66,24.66,24.66,24.66,24.66,24.66,0,24.66,24.66,24.66,24.66,24.66,24.66,0,25.50,25.50,25.53,25.55,25.55,25.55,25.53,25.52,25.51,25.50,25.50,25.50,25.50,25.50,25.50,25.50,25.50,25.50,25.50,25.50,25.50,25.50,25.50,25.50,25.50,25.50,25.50,25.50,25.50,25.50,25.50,25.50,25.50,25.50,25.50,25.50,25.50,25.50,25.50,25.50,25.50,25.50,25.50,25.50,25.50,25.50,25.50,25.50,25.50,25.50,25.50,25.50,25.51,25.53,25.54,25.55,25.53,25.50,25.50,0,24.66,24.66,24.66,24.66,24.66,0,24.66,24.66,24.66,24.66,24.66,24.66,24.66,24.66,24.66,24.66,24.66,24.66,24.66,24.66,24.66,24.66,24.66,24.66,24.66,24.66,24.66,24.66,0,0,0,0,0,0,0,0,0,0,0,0,0,0,0,0],
[0,0,0,0,0,0,0,0,0,0,0,0,0,0,0,0,24.66,24.66,24.66,24.66,24.66,24.66,24.66,24.66,24.66,24.66,24.66,24.66,24.66,24.66,24.66,24.66,24.66,24.66,24.66,24.66,24.66,0,0,0,0,0,0,0,0,0,25.56,25.56,25.57,25.57,25.56,25.55,25.53,25.52,25.51,25.50,25.50,25.50,25.50,25.50,25.50,25.50,25.50,25.50,25.50,25.50,25.50,25.50,25.50,25.50,25.50,25.50,25.50,25.50,25.50,25.50,25.50,25.50,25.50,25.50,25.50,25.50,25.50,25.50,25.50,25.50,25.50,25.50,25.50,25.50,25.50,25.50,25.50,25.50,25.50,25.50,25.50,25.50,25.52,25.54,25.55,25.56,25.57,25.55,25.58,0,0,0,0,0,0,0,0,24.66,24.66,24.66,24.66,24.66,24.66,24.66,24.66,24.66,24.66,24.66,24.66,24.66,24.66,24.66,24.66,24.66,24.66,24.66,24.66,24.66,24.66,0,0,0,0,0,0,0,0,0,0,0,0,0,0,0],
[0,0,0,0,0,0,0,0,0,0,0,0,0,0,0,24.66,24.66,24.66,24.66,24.66,24.66,24.66,24.66,24.66,24.66,24.66,24.66,24.66,24.66,24.66,24.66,24.66,25.20,0,0,0,0,0,25.75,25.75,25.75,25.75,25.75,0,0,0,25.67,25.62,25.58,25.57,25.56,25.55,25.53,25.52,25.51,25.50,25.50,25.50,25.50,25.50,25.50,25.50,25.50,25.50,25.50,25.50,25.50,25.50,25.50,25.50,25.50,25.50,25.50,25.50,25.50,25.50,25.50,25.50,25.50,25.50,25.50,25.50,25.50,25.50,25.50,25.50,25.50,25.50,25.50,25.50,25.50,25.50,25.50,25.50,25.50,25.50,25.50,25.51,25.53,25.55,25.56,25.57,25.59,25.63,25.66,25.69,0,0,25.75,25.75,25.75,25.75,25.75,25.75,0,0,0,24.66,25.18,24.74,24.66,24.66,24.66,24.66,24.66,24.66,24.66,24.66,24.66,24.66,24.66,24.66,24.66,24.66,24.66,24.66,0,0,0,0,0,0,0,0,0,0,0,0,0,0],
[0,0,0,0,0,0,0,0,0,0,0,0,0,0,24.66,24.66,24.66,24.66,24.66,24.66,24.66,24.66,24.66,24.66,24.66,24.66,24.66,24.66,24.66,24.66,24.70,25.28,25.53,25.75,0,25.75,25.75,25.75,25.75,25.75,25.75,25.75,25.75,25.75,25.75,25.71,25.70,25.72,25.65,25.57,25.56,25.55,25.53,25.52,25.51,25.50,25.50,25.50,25.50,25.50,25.50,25.50,25.50,25.50,25.50,25.50,0,0,0,0,0,0,0,0,0,0,0,0,0,0,0,0,0,0,0,25.50,25.50,25.50,25.50,25.50,25.50,25.50,25.50,25.50,25.50,25.50,25.50,25.52,25.54,25.56,25.57,25.64,25.70,25.73,25.75,25.75,25.75,25.75,25.75,25.75,25.75,25.75,25.75,25.75,25.75,0,0,25.75,25.55,25.17,24.70,24.66,24.66,24.66,24.66,24.66,24.66,24.66,24.66,24.66,24.66,24.66,24.66,24.66,24.66,24.66,24.66,0,0,0,0,0,0,0,0,0,0,0,0,0],
[0,0,0,0,0,0,0,0,0,0,0,0,0,24.66,24.66,24.66,24.66,24.66,24.66,24.66,24.66,24.66,24.66,24.66,24.66,24.66,24.66,24.66,24.66,24.74,25.34,25.69,25.75,25.75,25.75,25.75,25.75,25.75,25.75,25.75,25.75,25.75,25.75,25.75,25.75,25.74,25.75,25.77,25.79,25.69,25.57,25.55,25.53,25.52,25.51,25.50,25.50,25.50,25.50,25.50,25.50,25.50,0,0,0,0,0,0,0,0,0,0,0,0,0,0,0,0,0,0,0,0,0,0,0,0,0,0,0,25.50,25.50,25.50,25.50,25.50,25.50,25.50,25.51,25.53,25.55,25.57,25.61,25.75,25.80,25.79,25.77,25.75,25.75,25.75,25.75,25.75,25.75,25.75,25.75,25.75,25.75,25.75,25.75,25.75,25.77,25.54,25.13,24.66,24.66,24.66,24.66,24.66,24.66,24.66,24.66,24.66,24.66,24.66,24.66,24.66,24.66,24.66,24.66,24.66,0,0,0,0,0,0,0,0,0,0,0,0],
[0,0,0,0,0,0,0,0,0,0,0,0,24.66,24.66,24.66,24.66,24.66,24.66,24.66,24.66,24.66,24.66,24.66,24.66,24.66,24.66,24.66,24.66,24.66,25.25,25.60,25.75,25.75,25.75,25.75,25.75,25.75,25.75,25.76,25.76,25.77,25.77,25.78,25.78,25.79,25.79,25.80,25.80,25.81,25.80,25.67,25.57,25.56,25.54,25.52,25.50,25.50,25.50,25.50,0,0,0,0,0,0,0,0,0,0,0,0,0,0,0,0,0,0,0,0,0,0,0,0,0,0,0,0,0,0,0,0,0,25.50,25.50,25.50,25.50,25.52,25.54,25.56,25.57,25.68,25.81,25.81,25.80,25.80,25.80,25.79,25.79,25.78,25.78,25.78,25.77,25.77,25.76,25.76,25.75,25.75,25.75,25.77,25.77,25.50,25.12,24.66,24.66,24.66,24.66,24.66,24.66,24.66,24.66,24.66,24.66,24.66,24.66,24.66,24.66,24.66,24.66,24.66,0,0,0,0,0,0,0,0,0,0,0],
[0,0,0,0,0,0,0,0,0,0,0,24.66,24.66,24.66,24.66,24.66,24.66,24.66,24.66,24.66,24.66,24.66,24.66,24.66,24.66,24.66,24.66,24.66,24.66,0,25.75,25.75,25.75,25.75,25.75,25.75,25.75,25.75,25.75,25.75,25.76,25.76,25.77,25.77,25.78,25.78,25.79,25.79,25.80,25.79,25.66,25.58,25.56,25.54,25.51,25.50,25.50,0,0,0,0,0,0,0,0,0,0,0,0,0,0,0,0,0,0,0,0,0,0,0,0,0,0,0,0,0,0,0,0,0,0,0,0,0,25.50,25.50,25.50,25.51,25.53,25.59,25.76,25.83,25.82,25.82,25.81,25.81,25.80,25.80,25.79,25.78,25.77,25.76,25.75,25.75,25.75,25.75,25.75,25.75,25.75,25.75,25.75,24.66,24.66,24.66,24.66,24.66,24.66,24.66,24.66,24.66,24.66,24.66,24.66,24.66,24.66,24.66,24.66,24.66,24.66,24.66,0,0,0,0,0,0,0,0,0,0],
[0,0,0,0,0,0,0,0,0,0,0,24.66,24.66,24.66,24.66,24.66,24.66,24.66,24.66,24.66,24.66,24.66,24.66,24.66,24.66,24.66,24.66,24.66,24.66,0,0,25.75,25.75,25.75,25.75,25.75,25.75,25.75,25.75,25.75,25.75,25.75,25.75,25.75,25.75,25.75,25.75,25.75,25.75,25.76,25.68,25.61,25.55,25.50,25.50,0,0,0,0,0,0,0,0,0,0,0,0,0,0,0,0,0,0,0,0,0,0,0,0,0,0,0,0,0,0,0,0,0,0,0,0,0,0,0,0,0,25.50,25.50,25.50,25.59,25.74,25.78,25.77,25.76,25.75,25.75,25.75,25.75,25.75,25.75,25.75,25.75,25.75,25.75,25.75,25.75,25.75,25.75,25.75,25.75,0,0,24.66,24.66,24.66,24.66,24.66,24.66,24.66,24.66,24.66,24.66,24.66,24.66,24.66,24.66,24.66,24.66,24.66,24.66,0,0,0,0,0,0,0,0,0,0],
[0,0,0,0,0,0,0,0,0,0,0,24.66,24.66,24.66,24.66,24.66,24.66,24.66,24.66,24.66,24.66,24.66,24.66,24.66,24.66,24.66,24.66,24.66,24.66,0,25.75,25.75,25.75,25.75,25.75,25.75,25.75,25.75,25.75,25.75,25.75,25.75,25.75,25.75,25.75,25.75,25.75,25.75,25.75,25.75,25.70,0,0,0,0,0,0,0,0,0,0,0,0,0,0,0,0,0,0,0,0,0,0,0,0,0,0,0,0,0,0,0,0,0,0,0,0,0,0,0,0,0,0,0,0,0,0,0,0,0,25.71,25.75,25.75,25.75,25.75,25.75,25.75,25.75,25.75,25.75,25.75,25.75,25.75,25.75,25.75,25.75,25.75,25.75,25.75,25.75,25.75,0,24.66,24.66,24.66,24.66,24.66,24.66,24.66,24.66,24.66,24.66,24.66,24.66,24.66,24.66,24.66,24.66,24.66,0,0,0,0,0,0,0,0,0,0,0],
[0,0,0,0,0,0,0,0,0,0,0,0,24.66,24.66,24.66,24.66,24.66,24.66,24.66,24.66,24.66,24.66,24.66,24.66,24.66,24.66,24.66,24.66,24.66,0,25.75,25.75,25.75,25.75,25.75,25.75,25.75,25.75,25.75,25.75,25.75,25.75,25.75,25.75,25.75,25.75,25.75,25.75,25.75,25.75,0,0,0,0,0,0,0,0,0,0,0,0,0,0,0,0,0,0,0,0,0,0,0,0,0,0,0,0,0,0,0,0,0,0,0,0,0,0,0,0,0,0,0,0,0,0,0,0,0,0,0,25.75,25.75,25.75,25.75,25.75,25.75,25.75,25.75,25.75,25.75,25.75,25.75,25.75,25.75,25.75,25.75,25.75,25.75,25.75,25.75,0,24.66,24.66,24.66,24.66,24.66,24.66,24.66,24.66,24.66,24.66,24.66,24.66,24.66,24.66,24.66,24.66,0,0,0,0,0,0,0,0,0,0,0,0],
[0,0,0,0,0,0,0,0,0,0,0,0,0,24.66,24.66,24.66,24.66,24.66,24.66,24.66,24.66,24.66,24.66,24.66,24.66,24.66,24.66,24.66,0,25.75,25.75,25.75,25.76,25.75,25.75,25.75,25.75,25.75,25.75,25.75,25.75,25.75,25.75,25.75,25.75,25.75,25.75,25.75,25.75,25.75,25.75,0,0,0,0,0,0,0,0,0,0,0,0,0,0,0,0,0,0,0,0,0,0,0,0,0,0,0,0,0,0,0,0,0,0,0,0,0,0,0,0,0,0,0,0,0,0,0,0,0,25.75,25.75,25.75,25.75,25.75,25.75,25.75,25.75,25.75,25.75,25.75,25.75,25.75,25.75,25.75,25.75,25.75,25.75,25.76,25.75,25.75,0,24.66,24.66,24.66,24.66,24.66,24.66,24.66,24.66,24.66,24.66,24.66,24.66,24.66,24.66,24.66,0,0,0,0,0,0,0,0,0,0,0,0,0],
[0,0,0,0,0,0,0,0,0,0,0,0,0,0,24.66,24.66,24.66,24.66,24.66,24.66,24.66,24.66,24.66,24.66,24.66,24.66,24.66,0,0,25.75,25.75,25.75,25.77,25.75,25.75,25.75,25.75,25.75,25.75,25.75,25.75,25.75,25.75,25.75,25.75,25.75,25.75,25.75,25.75,25.75,25.75,0,0,0,0,0,0,0,0,0,0,0,0,0,0,0,0,0,0,0,0,0,0,0,0,0,0,0,0,0,0,0,0,0,0,0,0,0,0,0,0,0,0,0,0,0,0,0,0,0,25.75,25.75,25.75,25.75,25.75,25.75,25.75,25.75,25.75,25.75,25.75,25.75,25.75,25.75,25.75,25.75,25.75,25.75,25.76,25.75,25.75,0,0,0,24.66,24.66,24.66,24.66,24.66,24.66,24.66,24.66,24.66,24.66,24.66,24.66,0,0,0,0,0,0,0,0,0,0,0,0,0,0],
[0,0,0,0,0,0,0,0,0,0,0,0,0,0,0,24.66,24.66,24.66,24.66,24.66,24.66,24.66,24.66,24.66,24.66,24.66,24.66,0,0,25.75,25.75,25.75,25.78,25.73,25.75,25.75,25.75,25.75,25.75,25.75,25.75,25.75,25.75,25.75,25.75,25.75,25.75,25.75,25.75,25.75,25.75,0,0,0,0,0,0,0,0,0,0,0,0,0,0,0,0,0,0,0,0,0,0,0,0,0,0,0,0,0,0,0,0,0,0,0,0,0,0,0,0,0,0,0,0,0,0,0,0,0,25.75,25.75,25.75,25.75,25.75,25.75,25.75,25.75,25.75,25.75,25.75,25.75,25.75,25.75,25.75,25.75,25.75,25.75,25.76,25.75,25.75,0,0,0,24.66,24.66,24.66,24.66,24.66,24.66,24.66,24.66,24.66,24.66,24.66,0,0,0,0,0,0,0,0,0,0,0,0,0,0,0],
[0,0,0,0,0,0,0,0,0,0,0,0,0,0,0,0,24.66,24.66,24.66,24.66,24.66,24.66,24.66,24.66,24.66,24.66,24.66,24.66,0,25.75,25.75,25.75,25.78,25.71,25.75,25.75,25.75,25.75,25.75,25.75,25.75,25.75,25.75,25.75,25.75,25.75,25.75,25.75,25.75,25.75,25.75,0,0,0,0,0,0,0,0,0,0,0,0,0,0,0,0,0,0,0,0,0,0,0,0,0,0,0,0,0,0,0,0,0,0,0,0,0,0,0,0,0,0,0,0,0,0,0,0,0,25.75,25.75,25.75,25.75,25.75,25.75,25.75,25.75,25.75,25.75,25.75,25.75,25.75,25.75,25.75,25.75,25.75,25.76,25.77,25.75,25.75,25.75,0,24.66,24.66,24.66,24.66,24.66,24.66,24.66,24.66,24.66,24.66,24.66,0,0,0,0,0,0,0,0,0,0,0,0,0,0,0,0],
[0,0,0,0,0,0,0,0,0,0,0,0,0,0,0,0,0,24.66,24.66,24.66,24.66,24.66,24.66,24.66,24.66,24.66,24.66,24.66,0,25.75,25.75,25.75,25.79,25.71,25.75,25.75,25.75,25.75,25.75,25.75,25.75,25.75,25.75,25.75,25.75,25.75,25.75,25.75,25.75,25.75,25.75,0,0,0,0,0,0,0,0,0,0,0,0,0,0,0,0,0,0,0,0,0,0,0,0,0,0,0,0,0,0,0,0,0,0,0,0,0,0,0,0,0,0,0,0,0,0,0,0,0,0,25.75,25.75,25.75,25.75,25.75,25.75,25.75,25.75,25.75,25.75,25.75,25.75,25.75,25.75,25.75,25.75,25.76,25.77,25.75,25.75,25.75,0,24.66,24.66,24.66,24.66,24.66,24.66,24.66,24.66,24.66,24.66,0,0,0,0,0,0,0,0,0,0,0,0,0,0,0,0,0],
[0,0,0,0,0,0,0,0,0,0,0,0,0,0,0,0,0,0,24.66,24.66,24.66,24.66,24.66,24.66,24.66,24.66,24.66,24.66,0,25.75,25.75,25.75,25.79,25.70,25.75,25.75,25.75,25.75,25.75,25.75,25.75,25.75,25.75,25.75,25.75,25.75,25.75,25.75,25.75,25.75,25.75,0,0,0,0,0,0,0,0,0,0,0,0,0,0,0,0,0,0,0,0,0,0,0,0,0,0,0,0,0,0,0,0,0,0,0,0,0,0,0,0,0,0,0,0,0,0,0,0,0,0,25.75,25.75,25.75,25.75,25.75,25.75,25.75,25.75,25.75,25.75,25.75,25.75,25.75,25.75,25.75,25.75,25.77,25.78,25.75,25.75,0,24.66,24.66,24.66,24.66,24.66,24.66,24.66,24.66,24.66,24.66,0,0,0,0,0,0,0,0,0,0,0,0,0,0,0,0,0,0],
[0,0,0,0,0,0,0,0,0,0,0,0,0,0,0,0,0,0,0,24.66,24.66,24.66,24.66,24.66,24.66,24.66,24.66,24.66,0,0,25.75,25.75,25.80,25.70,25.75,25.75,25.75,25.75,25.75,25.75,25.75,25.75,25.75,25.75,25.75,25.75,25.75,25.75,25.75,25.75,0,0,0,0,0,0,0,0,0,0,0,0,0,0,0,0,0,0,0,0,0,0,0,0,0,0,0,0,0,0,0,0,0,0,0,0,0,0,0,0,0,0,0,0,0,0,0,0,0,0,0,25.75,25.75,25.75,25.75,25.75,25.75,25.75,25.75,25.75,25.75,25.75,25.75,25.75,25.75,25.75,25.75,25.77,25.78,25.75,25.75,0,24.66,24.66,24.66,24.66,24.66,24.66,24.66,24.66,24.66,0,0,0,0,0,0,0,0,0,0,0,0,0,0,0,0,0,0,0],
[0,0,0,0,0,0,0,0,0,0,0,0,0,0,0,0,0,0,0,0,24.66,24.66,24.66,24.66,24.66,24.66,24.66,0,0,0,25.75,25.75,25.80,25.69,25.75,25.75,25.75,25.75,25.75,25.75,25.75,25.75,25.75,25.75,25.75,25.75,25.75,25.75,25.75,25.75,0,0,0,0,0,0,0,0,0,0,0,0,0,0,0,0,0,0,0,0,0,0,0,0,0,0,0,0,0,0,0,0,0,0,0,0,0,0,0,0,0,0,0,0,0,0,0,0,0,0,0,0,25.75,25.75,25.75,25.75,25.75,25.75,25.75,25.75,25.75,25.75,25.75,25.75,25.75,25.75,25.75,25.78,25.79,25.75,0,0,0,24.66,24.66,24.66,24.66,24.66,24.66,24.66,0,0,0,0,0,0,0,0,0,0,0,0,0,0,0,0,0,0,0,0],
[0,0,0,0,0,0,0,0,0,0,0,0,0,0,0,0,0,0,0,0,0,24.66,24.66,24.66,24.66,24.66,24.66,0,0,25.70,25.75,25.75,25.81,25.72,25.75,25.75,25.75,25.75,25.75,25.75,25.75,25.75,25.75,25.75,25.75,25.75,25.75,25.75,25.77,0,0,0,0,0,0,0,0,0,0,0,0,0,0,0,0,0,0,0,0,0,0,0,0,0,0,0,0,0,0,0,0,0,0,0,0,0,0,0,0,0,0,0,0,0,0,0,0,0,0,0,0,0,25.76,25.75,25.75,25.75,25.75,25.75,25.75,25.75,25.75,25.75,25.75,25.75,25.75,25.75,25.75,25.78,25.79,25.73,25.69,0,0,0,24.66,24.66,24.66,24.66,24.66,0,0,0,0,0,0,0,0,0,0,0,0,0,0,0,0,0,0,0,0,0],
[0,0,0,0,0,0,0,0,0,0,0,0,0,0,0,0,0,0,0,0,0,0,24.66,24.66,24.66,24.66,0,25.50,25.59,25.69,25.79,25.77,25.81,25.72,25.75,25.75,25.75,25.75,25.75,25.75,25.75,25.75,25.75,25.75,25.75,25.75,25.75,25.77,25.80,25.87,0,0,0,0,0,0,0,0,0,0,0,0,0,0,0,0,0,0,0,0,0,29.25,29.25,0,0,0,0,0,0,0,0,0,0,0,0,0,0,0,0,0,0,0,0,0,0,0,0,0,0,0,0,25.83,25.80,25.76,25.75,25.75,25.75,25.75,25.75,25.75,25.75,25.75,25.75,25.75,25.75,25.75,25.75,25.79,25.79,25.73,25.66,25.61,25.55,25.50,24.66,24.66,24.66,24.66,0,0,0,0,0,0,0,0,0,0,0,0,0,0,0,0,0,0,0,0,0,0],
[0,0,0,0,0,0,0,0,0,0,0,0,0,0,0,0,0,0,0,0,0,0,0,24.66,24.66,24.66,25.50,25.52,25.60,25.73,25.82,25.80,25.82,25.73,25.74,25.75,25.75,25.75,25.75,25.75,25.75,25.75,25.75,25.75,25.75,25.75,25.77,25.80,25.88,26.13,26.38,0,0,0,0,0,0,0,0,0,0,0,0,0,0,0,0,0,0,0,29.25,29.25,29.25,29.25,0,0,0,0,0,0,0,0,0,0,0,0,0,0,0,0,0,0,0,0,0,0,0,0,0,0,26.34,26.08,25.83,25.80,25.77,25.75,25.75,25.75,25.75,25.75,25.75,25.75,25.75,25.75,25.75,25.75,25.75,25.79,25.80,25.75,25.68,25.60,25.55,25.50,0,24.66,24.66,0,0,0,0,0,0,0,0,0,0,0,0,0,0,0,0,0,0,0,0,0,0,0],
[0,0,0,0,0,0,0,0,0,0,0,0,0,0,0,0,0,0,0,0,0,0,0,0,0,0,25.50,25.55,25.57,25.64,25.74,25.82,25.82,25.73,25.73,25.75,25.75,25.75,25.75,25.75,25.75,25.75,25.75,25.75,25.75,25.77,25.81,25.90,26.15,26.39,26.64,26.89,0,0,0,0,0,0,0,0,0,0,0,0,0,0,0,0,0,29.25,29.25,29.25,29.25,29.25,29.25,0,0,0,0,0,0,0,0,0,0,0,0,0,0,0,0,0,0,0,0,0,0,0,0,26.85,26.59,26.29,26.00,25.84,25.80,25.77,25.75,25.75,25.75,25.75,25.75,25.75,25.75,25.75,25.75,25.75,25.76,25.80,25.81,25.76,25.65,25.57,25.57,25.52,25.50,0,0,0,0,0,0,0,0,0,0,0,0,0,0,0,0,0,0,0,0,0,0,0,0,0],
[0,0,0,0,0,0,0,0,0,0,0,0,0,0,0,0,0,0,0,0,0,0,0,0,0,25.50,25.52,25.55,25.56,25.57,25.61,25.71,25.82,25.74,25.72,25.75,25.75,25.75,25.75,25.75,25.75,25.75,25.75,0,0,0,25.91,26.17,26.41,26.66,26.90,27.15,27.40,0,0,0,0,0,0,0,0,0,0,0,0,0,0,0,0,29.25,29.25,29.25,29.25,29.25,29.25,29.25,0,0,0,0,0,0,0,0,0,0,0,0,0,0,0,0,0,0,0,0,0,0,27.36,27.10,26.80,26.57,26.31,26.04,25.84,0,25.75,25.75,25.75,25.75,25.75,25.75,25.75,25.75,25.75,25.75,25.76,25.80,25.83,25.70,25.57,25.56,25.56,25.55,25.50,0,0,0,0,0,0,0,0,0,0,0,0,0,0,0,0,0,0,0,0,0,0,0,0,0],
[0,0,0,0,0,0,0,0,0,0,0,0,0,0,0,0,0,0,0,0,0,0,0,0,25.50,25.50,25.52,25.53,25.55,25.56,25.57,25.58,25.68,25.74,25.71,25.73,0,0,25.75,25.75,25.75,0,0,0,0,0,0,26.42,26.68,26.92,27.17,27.41,27.66,27.75,27.75,0,0,0,0,0,0,0,0,0,29.25,29.25,29.25,29.25,29.25,29.25,29.25,29.25,29.25,29.25,29.25,29.25,29.25,0,0,0,0,0,0,0,0,0,0,0,0,0,0,0,0,0,0,0,27.75,27.75,27.61,27.37,27.13,26.89,26.62,26.32,0,0,0,0,25.75,25.75,25.75,25.75,25.75,25.75,0,25.71,25.69,25.70,25.71,25.58,25.55,25.55,25.55,25.55,25.52,25.50,0,0,0,0,0,0,0,0,0,0,0,0,0,0,0,0,0,0,0,0,0,0,0,0],
[0,0,0,0,0,0,0,0,0,0,0,0,0,0,0,0,0,0,0,0,0,0,0,0,25.50,25.50,25.51,25.52,25.53,25.54,25.55,25.56,25.57,25.64,25.67,0,0,0,0,0,0,0,0,0,0,0,0,0,26.94,27.19,27.44,27.68,27.75,27.75,27.75,27.75,0,0,0,0,0,0,0,29.25,29.25,29.25,29.25,29.25,29.25,29.25,29.25,29.25,29.25,29.25,29.25,29.25,29.25,29.25,0,0,0,0,0,0,0,0,0,0,0,0,0,0,0,0,0,27.75,27.75,27.75,27.75,27.63,27.43,27.22,26.92,0,0,0,0,0,0,0,0,0,0,0,0,0,25.62,25.60,25.59,25.56,25.54,25.54,25.54,25.54,25.54,25.50,0,0,0,0,0,0,0,0,0,0,0,0,0,0,0,0,0,0,0,0,0,0,0,0],
[0,0,0,0,0,0,0,0,0,0,0,0,0,0,0,0,0,0,0,0,0,0,0,0,25.50,25.50,25.50,25.50,25.51,25.52,25.53,25.54,25.55,25.55,25.59,0,0,0,0,0,0,0,0,0,0,0,0,0,0,27.45,27.70,27.75,27.75,27.75,27.78,27.75,27.75,0,0,0,0,0,0,29.25,29.25,29.25,29.25,29.25,29.25,29.25,29.25,29.25,29.25,29.25,29.25,29.25,29.25,29.25,29.25,0,0,0,0,0,0,29.25,29.25,29.25,0,0,0,0,0,0,27.75,27.75,27.75,27.75,27.75,27.75,27.62,27.42,0,0,0,0,0,0,0,0,0,0,0,0,0,0,25.56,25.57,25.56,25.54,25.53,25.53,25.53,25.53,25.53,25.51,25.50,0,0,0,0,0,0,0,0,0,0,0,0,0,0,0,0,0,0,0,0,0,0,0],
[0,0,0,0,0,0,0,0,0,0,0,0,0,0,0,0,0,0,0,0,0,0,0,25.50,25.50,25.50,25.50,25.50,25.50,25.50,25.51,25.52,25.53,25.52,25.50,0,0,0,0,0,0,0,0,0,0,0,0,0,0,27.75,27.75,27.75,27.75,27.75,27.77,27.80,27.75,27.75,0,0,0,0,29.25,29.25,29.25,29.25,29.25,29.25,29.25,29.25,29.25,29.25,29.25,29.25,29.25,29.25,29.25,29.25,29.25,29.25,0,0,0,0,29.25,29.25,29.25,29.25,29.25,0,0,0,0,27.75,27.75,27.75,27.75,27.75,27.75,27.75,27.75,0,0,0,0,0,0,0,0,0,0,0,0,0,0,0,25.51,25.55,25.54,25.52,25.52,25.52,25.52,25.52,25.52,25.52,25.50,0,0,0,0,0,0,0,0,0,0,0,0,0,0,0,0,0,0,0,0,0,0,0],
[0,0,0,0,0,0,0,0,0,0,0,0,0,0,0,0,0,0,0,0,0,0,0,25.50,25.50,25.50,25.50,25.50,25.50,25.50,25.50,25.50,25.51,25.50,25.50,0,0,0,0,0,0,0,0,0,0,0,0,0,0,0,27.75,27.75,27.75,27.75,27.76,27.79,27.82,27.80,0,0,0,29.25,29.25,29.25,29.25,29.25,29.25,29.25,29.25,29.25,29.25,29.25,29.25,29.25,29.25,29.25,29.25,29.25,29.25,29.25,29.25,0,0,29.25,29.25,29.25,29.25,29.25,29.25,29.25,0,0,0,27.75,27.75,27.75,27.76,27.77,27.78,27.75,27.75,0,0,0,0,0,0,0,0,0,0,0,0,0,0,0,25.50,25.53,25.53,25.51,25.51,25.51,25.51,25.51,25.51,25.51,25.51,25.50,0,0,0,0,0,0,0,0,0,0,0,0,0,0,0,0,0,0,0,0,0,0],
[0,0,0,0,0,0,0,0,0,0,0,0,0,0,0,0,0,0,0,0,0,0,25.50,25.50,25.50,25.50,25.50,25.50,25.50,25.50,25.50,25.50,25.50,25.50,0,0,0,0,0,0,0,0,0,0,0,0,0,0,0,0,0,27.75,27.75,27.75,27.75,27.78,27.81,28.34,28.73,0,29.25,29.25,29.25,29.25,29.25,29.25,29.25,29.25,29.25,29.25,29.25,29.25,29.25,29.25,29.25,29.25,29.25,29.25,29.25,29.25,29.25,29.25,29.25,29.25,29.25,29.25,29.25,29.25,29.25,29.25,29.25,0,28.50,28.15,27.77,27.78,27.79,27.80,27.75,27.75,0,0,0,0,0,0,0,0,0,0,0,0,0,0,0,0,0,25.50,25.51,25.50,25.50,25.50,25.50,25.50,25.50,25.50,25.50,25.50,0,0,0,0,0,0,0,0,0,0,0,0,0,0,0,0,0,0,0,0,0,0],
[0,0,0,0,0,0,0,0,0,0,0,0,0,0,0,0,0,0,0,0,0,0,25.50,25.50,25.50,25.50,25.50,25.50,25.50,25.50,25.50,25.50,25.50,0,0,0,0,0,0,0,0,0,0,0,0,0,0,0,0,0,0,0,27.75,27.75,27.75,27.77,28.28,28.68,29.09,29.25,29.25,29.25,29.25,29.25,29.25,29.25,29.25,29.25,29.25,29.25,29.25,29.25,29.25,29.25,29.25,29.25,29.25,29.25,29.25,29.25,29.25,29.25,29.25,29.25,29.25,29.25,29.25,29.25,29.25,29.25,29.25,29.25,28.84,28.50,28.16,27.81,27.82,27.75,27.75,0,0,0,0,0,0,0,0,0,0,0,0,0,0,0,0,0,0,25.50,25.50,25.50,25.50,25.50,25.50,25.50,25.50,25.50,25.50,25.50,0,0,0,0,0,0,0,0,0,0,0,0,0,0,0,0,0,0,0,0,0,0],
[0,0,0,0,0,0,0,0,0,0,0,0,0,0,0,0,0,0,0,0,0,0,25.50,25.50,25.50,25.50,25.50,25.50,25.50,25.50,25.50,25.50,25.50,0,0,0,0,0,0,0,0,0,0,0,0,0,0,0,0,0,0,0,0,27.75,27.75,28.27,28.62,29.02,29.25,29.25,29.25,29.25,29.25,29.25,29.25,29.25,29.25,29.25,29.25,29.25,29.25,29.25,29.25,29.25,29.25,29.25,29.25,29.25,29.25,29.25,29.25,29.25,29.25,29.25,29.25,29.25,29.25,29.25,29.25,29.25,29.25,29.25,29.20,28.86,28.53,28.18,27.78,27.75,0,0,0,0,0,0,0,0,0,0,0,0,0,0,0,0,0,0,0,0,25.50,25.50,25.50,25.50,25.50,25.50,25.50,25.50,25.50,25.50,25.50,0,0,0,0,0,0,0,0,0,0,0,0,0,0,0,0,0,0,0,0,0],
[0,0,0,0,0,0,0,0,0,0,0,0,0,0,0,0,0,0,0,0,0,25.50,25.50,25.50,25.50,25.50,25.50,25.50,25.50,25.50,25.50,25.50,25.50,0,0,0,0,0,0,0,0,0,0,0,0,0,0,0,0,0,0,0,0,0,0,28.61,28.96,29.25,29.25,29.25,29.25,29.25,29.25,29.25,29.25,29.25,29.25,29.25,29.25,29.25,29.25,29.25,29.25,29.25,29.25,29.25,29.25,29.25,29.25,29.25,29.25,29.25,29.25,29.25,29.25,29.25,29.25,29.25,29.25,29.25,29.25,29.25,29.25,29.23,28.89,28.54,0,0,0,0,0,0,0,0,0,0,0,0,0,0,0,0,0,0,0,0,0,0,25.50,25.50,25.50,25.50,25.50,25.50,25.50,25.50,25.50,25.50,25.50,0,0,0,0,0,0,0,0,0,0,0,0,0,0,0,0,0,0,0,0,0],
[0,0,0,0,0,0,0,0,0,0,0,0,0,0,0,0,0,0,0,0,0,25.50,25.50,25.50,25.50,25.50,25.50,25.50,25.50,25.50,25.50,25.50,0,0,0,0,0,0,0,0,0,0,0,0,0,0,0,0,0,0,0,0,0,0,0,0,29.25,29.25,29.25,29.25,29.25,29.25,29.25,29.25,29.25,29.25,29.25,29.25,29.25,29.25,29.25,29.25,29.25,29.25,29.25,29.25,29.25,29.25,29.25,29.25,29.25,29.25,29.25,29.25,29.25,29.25,29.25,29.25,29.25,29.25,29.25,29.25,29.25,29.25,29.25,0,0,0,0,0,0,0,0,0,0,0,0,0,0,0,0,0,0,0,0,0,0,0,0,25.50,25.50,25.50,25.50,25.50,25.50,25.50,25.50,25.50,25.50,0,0,0,0,0,0,0,0,0,0,0,0,0,0,0,0,0,0,0,0,0],
[0,0,0,0,0,0,0,0,0,0,0,0,0,0,0,0,0,0,0,0,0,25.50,25.50,25.50,25.50,25.50,25.50,25.50,25.50,25.50,25.50,25.50,0,0,0,0,0,0,0,0,0,0,0,0,0,0,0,0,0,0,0,0,0,0,0,29.25,29.25,29.25,29.25,29.25,29.25,29.25,29.25,29.25,29.25,29.25,29.25,29.25,29.25,29.25,29.25,29.25,29.25,29.25,29.25,29.25,29.25,29.25,29.25,29.25,29.25,29.25,29.25,29.25,29.25,29.25,29.25,29.25,29.25,29.25,29.25,29.25,29.25,29.25,29.25,29.25,0,0,0,0,0,0,0,0,0,0,0,0,0,0,0,0,0,0,0,0,0,0,0,25.50,25.50,25.50,25.50,25.50,25.50,25.50,25.50,25.50,25.50,25.50,0,0,0,0,0,0,0,0,0,0,0,0,0,0,0,0,0,0,0,0],
[0,0,0,0,0,0,0,0,0,0,0,0,0,0,0,0,0,0,0,0,0,25.50,25.50,25.50,25.50,25.50,25.50,25.50,25.50,25.50,25.50,0,0,0,0,0,0,0,0,0,0,0,0,0,0,0,0,0,0,0,0,0,0,0,29.25,29.25,29.25,29.25,29.25,29.25,29.25,29.25,29.25,29.25,29.25,29.25,29.25,29.25,29.25,29.25,29.25,29.25,29.25,29.25,29.25,29.25,29.25,29.25,29.25,29.25,29.25,29.25,29.25,29.25,29.25,29.25,29.25,29.25,29.25,29.25,29.25,29.25,29.25,29.25,29.25,29.25,29.25,0,0,0,0,0,0,0,0,0,0,0,0,0,0,0,0,0,0,0,0,0,0,25.50,25.50,25.50,25.50,25.50,25.50,25.50,25.50,25.50,25.50,25.50,0,0,0,0,0,0,0,0,0,0,0,0,0,0,0,0,0,0,0,0],
[0,0,0,0,0,0,0,0,0,0,0,0,0,0,0,0,0,0,0,0,25.50,25.50,25.50,25.50,25.50,25.50,25.50,25.50,25.50,25.50,25.50,0,0,0,0,0,0,0,0,0,0,0,0,0,0,0,0,0,0,0,0,0,0,29.25,29.25,29.25,29.25,29.25,29.25,29.25,29.25,29.25,29.25,29.25,29.25,29.25,29.25,29.25,29.25,29.25,29.25,29.25,29.25,29.25,29.25,29.25,29.25,29.25,29.25,29.25,29.25,29.25,29.25,29.25,29.25,29.25,29.25,29.25,29.25,29.25,29.25,29.25,29.25,29.25,29.25,29.25,29.25,29.25,0,0,0,0,0,0,0,0,0,0,0,0,0,0,0,0,0,0,0,0,0,25.50,25.50,25.50,25.50,25.50,25.50,25.50,25.50,25.50,25.50,25.50,0,0,0,0,0,0,0,0,0,0,0,0,0,0,0,0,0,0,0,0],
[0,0,0,0,0,0,0,0,0,0,0,0,0,0,0,0,0,0,0,0,25.50,25.50,25.50,25.50,25.50,25.50,25.50,25.50,25.50,25.50,25.50,0,0,0,0,0,0,0,0,0,0,0,0,0,0,0,0,0,0,0,0,29.25,29.25,29.25,29.25,29.25,29.25,29.25,29.25,29.25,29.25,29.25,29.25,29.25,29.25,29.25,29.25,29.25,29.25,29.25,29.25,29.25,29.25,29.25,29.25,29.25,29.25,29.25,29.25,29.25,29.25,29.25,29.25,29.25,29.25,29.25,29.25,29.25,29.25,29.25,29.25,29.25,29.25,29.25,29.25,29.25,29.25,29.25,29.25,0,0,0,0,0,0,0,0,0,0,0,0,0,0,0,0,0,0,0,0,0,25.50,25.50,25.50,25.50,25.50,25.50,25.50,25.50,25.50,25.50,0,0,0,0,0,0,0,0,0,0,0,0,0,0,0,0,0,0,0,0],
[0,0,0,0,0,0,0,0,0,0,0,0,0,0,0,0,0,0,0,0,25.50,25.50,25.50,25.50,25.50,25.50,25.50,25.50,25.50,25.50,25.50,0,0,0,0,0,0,0,0,0,0,0,0,0,0,0,0,0,0,0,29.25,29.25,29.25,29.25,29.25,29.25,29.25,29.25,29.25,29.25,29.25,29.25,29.25,29.25,29.25,29.25,29.25,29.25,29.25,29.25,29.25,29.25,29.25,29.25,29.25,29.25,29.25,29.25,29.25,29.25,29.25,29.25,29.25,29.25,29.25,29.25,29.25,29.25,29.25,29.25,29.25,29.25,29.25,29.25,29.25,29.25,29.25,29.25,29.25,29.25,0,0,0,0,0,0,0,0,0,0,0,0,0,0,0,0,0,0,0,0,25.50,25.50,25.50,25.50,25.50,25.50,25.50,25.50,25.50,25.50,25.50,0,0,0,0,0,0,0,0,0,0,0,0,0,0,0,0,0,0,0],
[0,0,0,0,0,0,0,0,0,0,0,0,0,0,0,0,0,0,0,0,25.50,25.50,25.50,25.50,25.50,25.50,25.50,25.50,25.50,25.50,0,0,0,0,0,0,0,0,0,0,0,0,0,0,0,0,0,0,0,0,29.25,29.25,29.25,29.25,29.25,29.25,29.25,29.25,29.25,29.25,29.25,29.25,29.25,29.25,29.25,29.25,29.25,29.25,29.25,29.25,29.25,29.25,29.25,29.25,29.25,29.25,29.25,29.25,29.25,29.25,29.25,29.25,29.25,29.25,29.25,29.25,29.25,29.25,29.25,29.25,29.25,29.25,29.25,29.25,29.25,29.25,29.25,29.25,29.25,0,0,0,0,0,0,0,0,0,0,0,0,0,0,0,0,0,0,0,0,0,25.50,25.50,25.50,25.50,25.50,25.50,25.50,25.50,25.50,25.50,25.50,0,0,0,0,0,0,0,0,0,0,0,0,0,0,0,0,0,0,0],
[0,0,0,0,0,0,0,0,0,0,0,0,0,0,0,0,0,0,0,0,25.50,25.50,25.50,25.50,25.50,25.50,25.50,25.50,25.50,25.50,0,0,0,0,0,0,0,0,0,0,0,0,0,0,0,0,0,0,0,0,29.25,29.25,29.25,29.25,29.25,29.25,29.25,29.25,29.25,29.25,29.25,29.25,29.25,29.25,29.25,29.25,29.25,29.25,29.25,29.25,29.25,29.25,29.25,29.25,29.25,29.25,29.25,29.25,29.25,29.25,29.25,29.25,29.25,29.25,29.25,29.25,29.25,29.25,29.25,29.25,29.25,29.25,29.25,29.25,29.25,29.25,29.25,29.25,29.25,29.25,0,0,0,0,0,0,0,0,0,0,0,0,0,0,0,0,0,0,0,0,25.50,25.50,25.50,25.50,25.50,25.50,25.50,25.50,25.50,25.50,25.50,0,0,0,0,0,0,0,0,0,0,0,0,0,0,0,0,0,0,0],
[0,0,0,0,0,0,0,0,0,0,0,0,0,0,0,0,0,0,0,25.50,25.50,25.50,25.50,25.50,25.50,25.50,25.50,25.50,25.50,25.50,0,0,0,0,0,0,0,0,0,0,0,0,0,0,0,0,0,0,0,0,29.25,29.25,29.25,29.25,29.25,29.25,29.25,29.25,29.25,29.25,29.25,29.25,29.25,29.25,29.25,29.25,29.25,29.25,29.25,29.25,29.25,29.25,29.25,29.25,29.25,29.25,29.25,29.25,29.25,29.25,29.25,29.25,29.25,29.25,29.25,29.25,29.25,29.25,29.25,29.25,29.25,29.25,29.25,29.25,29.25,29.25,29.25,29.25,29.25,29.25,0,0,0,0,0,0,0,0,0,0,0,0,0,0,0,0,0,0,0,0,0,25.50,25.50,25.50,25.50,25.50,25.50,25.50,25.50,25.50,25.50,0,0,0,0,0,0,0,0,0,0,0,0,0,0,0,0,0,0,0],
[0,0,0,0,0,0,0,0,0,0,0,0,0,0,0,0,0,0,0,25.50,25.50,25.50,25.50,25.50,25.50,25.50,25.50,25.50,25.50,25.50,0,0,0,0,0,0,0,0,0,0,0,0,0,0,0,0,0,0,0,0,29.25,29.25,29.25,29.25,29.25,29.25,29.25,29.25,29.25,29.25,29.25,29.25,29.25,29.25,29.25,29.25,29.25,29.25,29.25,29.25,29.25,29.25,29.25,29.25,29.25,29.25,29.25,29.25,29.25,29.25,29.25,29.25,29.25,29.25,29.25,29.25,29.25,29.25,29.25,29.25,29.25,29.25,29.25,29.25,29.25,29.25,29.25,29.25,29.25,29.25,29.25,0,0,0,0,0,0,0,0,0,0,0,0,0,0,0,0,0,0,0,0,25.50,25.50,25.50,25.50,25.50,25.50,25.50,25.50,25.50,25.50,0,0,0,0,0,0,0,0,0,0,0,0,0,0,0,0,0,0,0],
[0,0,0,0,0,0,0,0,0,0,0,0,0,0,0,0,0,0,0,25.50,25.50,25.50,25.50,25.50,25.50,25.50,25.50,25.50,25.50,25.50,0,0,0,0,0,0,0,0,0,0,0,0,0,0,0,0,0,0,0,29.25,29.25,29.25,29.25,29.25,29.25,29.25,29.25,29.25,29.25,29.25,29.25,29.25,29.25,29.25,29.25,29.25,29.25,29.25,29.25,29.25,29.25,29.25,29.25,29.25,29.25,29.25,29.25,29.25,29.25,29.25,29.25,29.25,29.25,29.25,29.25,29.25,29.25,29.25,29.25,29.25,29.25,29.25,29.25,29.25,29.25,29.25,29.25,29.25,29.25,29.25,29.25,29.25,0,0,0,0,0,0,0,0,0,0,0,0,0,0,0,0,0,0,0,25.50,25.50,25.50,25.50,25.50,25.50,25.50,25.50,25.50,25.50,25.50,0,0,0,0,0,0,0,0,0,0,0,0,0,0,0,0,0,0],
[0,0,0,0,0,0,0,0,0,0,0,0,0,0,0,0,0,0,0,25.50,25.50,25.50,25.50,25.50,25.50,25.50,25.50,25.50,25.50,25.50,0,0,0,0,0,0,0,0,0,0,0,0,0,0,0,0,0,0,0,29.25,29.25,29.25,29.25,29.25,29.25,29.25,29.25,29.25,29.25,29.25,29.25,29.25,29.25,29.25,29.25,29.25,29.25,29.25,29.25,29.25,29.25,29.25,29.25,29.25,29.25,29.25,29.25,29.25,29.25,29.25,29.25,29.25,29.25,29.25,29.25,29.25,29.25,29.25,29.25,29.25,29.25,29.25,29.25,29.25,29.25,29.25,29.25,29.25,29.25,29.25,29.25,29.25,29.25,0,0,0,0,0,0,0,0,0,0,0,0,0,0,0,0,0,0,25.50,25.50,25.50,25.50,25.50,25.50,25.50,25.50,25.50,25.50,25.50,0,0,0,0,0,0,0,0,0,0,0,0,0,0,0,0,0,0],
[0,0,0,0,0,0,0,0,0,0,0,0,0,0,0,0,0,0,0,25.50,25.50,25.50,25.50,25.50,25.50,25.50,25.50,25.50,25.50,25.50,0,0,0,0,0,0,0,0,0,0,0,0,0,0,0,0,0,0,0,0,29.25,29.25,29.25,29.25,29.25,29.25,29.25,29.25,29.25,29.25,29.25,29.25,29.25,29.25,29.25,29.25,29.25,29.25,29.25,29.25,29.25,29.25,29.25,29.25,29.25,29.25,29.25,29.25,29.25,29.25,29.25,29.25,29.25,29.25,29.25,29.25,29.25,29.25,29.25,29.25,29.25,29.25,29.25,29.25,29.25,29.25,29.25,29.25,29.25,29.25,29.25,29.25,29.25,0,0,0,0,0,0,0,0,0,0,0,0,0,0,0,0,0,0,25.50,25.50,25.50,25.50,25.50,25.50,25.50,25.50,25.50,25.50,25.50,0,0,0,0,0,0,0,0,0,0,0,0,0,0,0,0,0,0],
[0,0,0,0,0,0,0,0,0,0,0,0,0,0,0,0,0,0,0,25.50,25.50,25.50,25.50,25.50,25.50,25.50,25.50,25.50,25.50,0,0,0,0,0,0,0,0,0,0,0,0,0,0,0,0,0,0,0,0,0,0,29.25,29.25,29.25,29.25,29.25,29.25,29.25,29.25,29.25,29.25,29.25,29.25,29.25,29.25,29.25,29.25,29.25,29.25,29.25,29.25,29.25,29.25,29.25,29.25,29.25,29.25,29.25,29.25,29.25,29.25,29.25,29.25,29.25,29.25,29.25,29.25,29.25,29.25,29.25,29.25,29.25,29.25,29.25,29.25,29.25,29.25,29.25,29.25,29.25,29.25,29.25,0,0,0,0,0,0,0,0,0,0,0,0,0,0,0,0,0,0,0,25.50,25.50,25.50,25.50,25.50,25.50,25.50,25.50,25.50,25.50,25.50,0,0,0,0,0,0,0,0,0,0,0,0,0,0,0,0,0,0],
[0,0,0,0,0,0,0,0,0,0,0,0,0,0,0,0,0,0,0,25.50,25.50,25.50,25.50,25.50,25.50,25.50,25.50,25.50,25.50,0,0,0,0,0,0,0,0,0,0,0,0,0,0,0,0,0,0,0,0,0,0,0,29.25,29.25,29.25,29.25,29.25,29.25,29.25,29.25,29.25,29.25,29.25,29.25,29.25,29.25,29.25,29.25,29.25,29.25,29.25,29.25,29.25,29.25,29.25,29.25,29.25,29.25,29.25,29.25,29.25,29.25,29.25,29.25,29.25,29.25,29.25,29.25,29.25,29.25,29.25,29.25,29.25,29.25,29.25,29.25,29.25,29.25,29.25,29.25,29.25,0,0,0,0,0,0,0,0,0,0,0,0,0,0,0,0,0,0,0,0,25.50,25.50,25.50,25.50,25.50,25.50,25.50,25.50,25.50,25.50,25.50,0,0,0,0,0,0,0,0,0,0,0,0,0,0,0,0,0,0],
[0,0,0,0,0,0,0,0,0,0,0,0,0,0,0,0,0,0,0,25.50,25.50,25.50,25.50,25.50,25.50,25.50,25.50,25.50,25.50,0,0,0,0,0,0,0,0,0,0,0,0,0,0,0,0,0,0,0,0,0,0,0,0,29.25,29.25,29.25,29.25,29.25,29.25,29.25,29.25,29.25,29.25,29.25,29.25,29.25,29.25,29.25,29.25,29.25,29.25,29.25,29.25,29.25,29.25,29.25,29.25,29.25,29.25,29.25,29.25,29.25,29.25,29.25,29.25,29.25,29.25,29.25,29.25,29.25,29.25,29.25,29.25,29.25,29.25,29.25,29.25,29.25,29.25,29.25,0,0,0,0,0,0,0,0,0,0,0,0,0,0,0,0,0,0,0,0,0,25.50,25.50,25.50,25.50,25.50,25.50,25.50,25.50,25.50,25.50,25.50,0,0,0,0,0,0,0,0,0,0,0,0,0,0,0,0,0,0],
[0,0,0,0,0,0,0,0,0,0,0,0,0,0,0,0,0,0,0,25.50,25.50,25.50,25.50,25.50,25.50,25.50,25.50,25.50,25.50,25.50,0,0,0,0,0,0,0,0,0,0,0,0,0,0,0,0,0,0,0,0,0,0,0,0,29.25,29.25,29.25,29.25,29.25,29.25,29.25,29.25,29.25,29.25,29.25,29.25,29.25,29.25,29.25,29.25,29.25,29.25,29.25,29.25,29.25,29.25,29.25,29.25,29.25,29.25,29.25,29.25,29.25,29.25,29.25,29.25,29.25,29.25,29.25,29.25,29.25,29.25,29.25,29.25,29.25,29.25,29.25,29.25,29.25,0,0,0,0,0,0,0,0,0,0,0,0,0,0,0,0,0,0,0,0,0,0,25.50,25.50,25.50,25.50,25.50,25.50,25.50,25.50,25.50,25.50,25.50,0,0,0,0,0,0,0,0,0,0,0,0,0,0,0,0,0,0],
[0,0,0,0,0,0,0,0,0,0,0,0,0,0,0,0,0,0,0,25.50,25.50,25.50,25.50,25.50,25.50,25.50,25.50,25.50,25.50,25.50,0,0,0,0,0,0,0,0,0,0,0,0,0,0,0,0,0,0,0,0,0,0,0,0,0,29.25,29.25,29.25,29.25,29.25,29.25,29.25,29.25,29.25,29.25,29.25,29.25,29.25,29.25,29.25,29.25,29.25,29.25,29.25,29.25,29.25,29.25,29.25,29.25,29.25,29.25,29.25,29.25,29.25,29.25,29.25,29.25,29.25,29.25,29.25,29.25,29.25,29.25,29.25,29.25,29.25,29.25,29.25,0,0,0,0,0,0,0,0,0,0,0,0,0,0,0,0,0,0,0,0,0,0,0,25.50,25.50,25.50,25.50,25.50,25.50,25.50,25.50,25.50,25.50,25.50,0,0,0,0,0,0,0,0,0,0,0,0,0,0,0,0,0,0],
[0,0,0,0,0,0,0,0,0,0,0,0,0,0,0,0,0,0,0,25.50,25.50,25.50,25.50,25.50,25.50,25.50,25.50,25.50,25.50,25.50,0,0,0,0,0,0,0,0,0,0,0,0,0,0,0,0,0,0,0,0,0,0,0,0,29.25,29.25,29.25,29.25,29.25,29.25,29.25,29.25,29.25,29.25,29.25,29.25,29.25,29.25,29.25,29.25,29.25,29.25,29.25,29.25,29.25,29.25,29.25,29.25,29.25,29.25,29.25,29.25,29.25,29.25,29.25,29.25,29.25,29.25,29.25,29.25,29.25,29.25,29.25,29.25,29.25,29.25,29.25,0,0,0,0,0,0,0,0,0,0,0,0,0,0,0,0,0,0,0,0,0,0,0,0,25.50,25.50,25.50,25.50,25.50,25.50,25.50,25.50,25.50,25.50,25.50,0,0,0,0,0,0,0,0,0,0,0,0,0,0,0,0,0,0],
[0,0,0,0,0,0,0,0,0,0,0,0,0,0,0,0,0,0,0,25.50,25.50,25.50,25.50,25.50,25.50,25.50,25.50,25.50,25.50,25.50,0,0,0,0,0,0,0,0,0,0,0,0,0,0,0,0,0,0,0,0,0,0,0,29.25,29.25,29.25,29.25,29.25,29.25,29.25,29.25,29.25,29.25,29.25,29.25,29.25,29.25,29.25,29.25,29.25,29.25,29.25,29.25,29.25,29.25,29.25,29.25,29.25,29.25,29.25,29.25,29.25,29.25,29.25,29.25,29.25,29.25,29.25,29.25,29.25,29.25,29.25,29.25,29.25,29.25,29.25,29.25,0,0,0,0,0,0,0,0,0,0,0,0,0,0,0,0,0,0,0,0,0,0,0,0,25.50,25.50,25.50,25.50,25.50,25.50,25.50,25.50,25.50,25.50,25.50,0,0,0,0,0,0,0,0,0,0,0,0,0,0,0,0,0,0],
[0,0,0,0,0,0,0,0,0,0,0,0,0,0,0,0,0,0,0,25.50,25.50,25.50,25.50,25.50,25.50,25.50,25.50,25.50,25.50,25.50,0,0,0,0,0,0,0,0,0,0,0,0,0,0,0,0,0,0,0,0,0,0,29.25,29.25,29.25,29.25,29.25,29.25,29.25,29.25,29.25,29.25,29.25,29.25,29.25,29.25,29.25,29.25,29.25,29.25,29.25,29.25,29.25,29.25,29.25,29.25,29.25,29.25,29.25,29.25,29.25,29.25,29.25,29.25,29.25,29.25,29.25,29.25,29.25,29.25,29.25,29.25,29.25,29.25,29.25,29.25,29.25,29.25,0,0,0,0,0,0,0,0,0,0,0,0,0,0,0,0,0,0,0,0,0,0,0,25.50,25.50,25.50,25.50,25.50,25.50,25.50,25.50,25.50,25.50,25.50,0,0,0,0,0,0,0,0,0,0,0,0,0,0,0,0,0,0],
[0,0,0,0,0,0,0,0,0,0,0,0,0,0,0,0,0,0,0,25.50,25.50,25.50,25.50,25.50,25.50,25.50,25.50,25.50,25.50,25.50,0,0,0,0,0,0,0,0,0,0,0,0,0,0,0,0,0,0,0,0,0,29.25,29.25,29.25,29.25,29.25,29.25,29.25,29.25,29.25,29.25,29.25,29.25,29.25,29.25,29.25,29.25,29.25,29.25,29.25,29.25,29.25,29.25,29.25,29.25,29.25,29.25,29.25,29.25,29.25,29.25,29.25,29.25,29.25,29.25,29.25,29.25,29.25,29.25,29.25,29.25,29.25,29.25,29.25,29.25,29.25,29.25,29.25,29.25,0,0,0,0,0,0,0,0,0,0,0,0,0,0,0,0,0,0,0,0,0,0,25.50,25.50,25.50,25.50,25.50,25.50,25.50,25.50,25.50,25.50,25.50,0,0,0,0,0,0,0,0,0,0,0,0,0,0,0,0,0,0],
[0,0,0,0,0,0,0,0,0,0,0,0,0,0,0,0,0,0,0,25.50,25.50,25.50,25.50,25.50,25.50,25.50,25.50,25.50,25.50,25.50,0,0,0,0,0,0,0,0,0,0,0,0,0,0,0,0,0,0,0,0,29.25,29.25,29.25,29.25,29.25,29.25,29.25,29.25,29.25,29.25,29.25,29.25,29.25,29.25,29.25,29.25,29.25,29.25,29.25,29.25,29.25,29.25,29.25,29.25,29.25,29.25,29.25,29.25,29.25,29.25,29.25,29.25,29.25,29.25,29.25,29.25,29.25,29.25,29.25,29.25,29.25,29.25,29.25,29.25,29.25,29.25,29.25,29.25,29.25,29.25,0,0,0,0,0,0,0,0,0,0,0,0,0,0,0,0,0,0,0,0,0,25.50,25.50,25.50,25.50,25.50,25.50,25.50,25.50,25.50,25.50,25.50,0,0,0,0,0,0,0,0,0,0,0,0,0,0,0,0,0,0],
[0,0,0,0,0,0,0,0,0,0,0,0,0,0,0,0,0,0,0,25.50,25.50,25.50,25.50,25.50,25.50,25.50,25.50,25.50,25.50,25.50,0,0,0,0,0,0,0,0,0,0,0,0,0,0,0,0,0,0,0,0,0,29.25,29.25,29.25,29.25,29.25,29.25,29.25,29.25,29.25,29.25,29.25,29.25,29.25,29.25,29.25,29.25,29.25,29.25,29.25,29.25,29.25,29.25,29.25,29.25,29.25,29.25,29.25,29.25,29.25,29.25,29.25,29.25,29.25,29.25,29.25,29.25,29.25,29.25,29.25,29.25,29.25,29.25,29.25,29.25,29.25,29.25,29.25,29.25,29.25,0,0,0,0,0,0,0,0,0,0,0,0,0,0,0,0,0,0,0,0,0,25.50,25.50,25.50,25.50,25.50,25.50,25.50,25.50,25.50,25.50,25.50,0,0,0,0,0,0,0,0,0,0,0,0,0,0,0,0,0,0],
[0,0,0,0,0,0,0,0,0,0,0,0,0,0,0,0,0,0,0,0,25.50,25.50,25.50,25.50,25.50,25.50,25.50,25.50,25.50,25.50,0,0,0,0,0,0,0,0,0,0,0,0,0,0,0,0,0,0,0,0,0,29.25,29.25,29.25,29.25,29.25,29.25,29.25,29.25,29.25,29.25,29.25,29.25,29.25,29.25,29.25,29.25,29.25,29.25,29.25,29.25,29.25,29.25,29.25,29.25,29.25,29.25,29.25,29.25,29.25,29.25,29.25,29.25,29.25,29.25,29.25,29.25,29.25,29.25,29.25,29.25,29.25,29.25,29.25,29.25,29.25,29.25,29.25,29.25,29.25,0,0,0,0,0,0,0,0,0,0,0,0,0,0,0,0,0,0,0,0,0,25.50,25.50,25.50,25.50,25.50,25.50,25.50,25.50,25.50,25.50,0,0,0,0,0,0,0,0,0,0,0,0,0,0,0,0,0,0,0],
[0,0,0,0,0,0,0,0,0,0,0,0,0,0,0,0,0,0,0,0,25.50,25.50,25.50,25.50,25.50,25.50,25.50,25.50,25.50,25.50,0,0,0,0,0,0,0,0,0,0,0,0,0,0,0,0,0,0,0,0,0,29.25,29.25,29.25,29.25,29.25,29.25,29.25,29.25,29.25,29.25,29.25,29.25,29.25,29.25,29.25,29.25,29.25,29.25,29.25,29.25,29.25,29.25,29.25,29.25,29.25,29.25,29.25,29.25,29.25,29.25,29.25,29.25,29.25,29.25,29.25,29.25,29.25,29.25,29.25,29.25,29.25,29.25,29.25,29.25,29.25,29.25,29.25,29.25,29.25,0,0,0,0,0,0,0,0,0,0,0,0,0,0,0,0,0,0,0,0,0,25.50,25.50,25.50,25.50,25.50,25.50,25.50,25.50,25.50,25.50,0,0,0,0,0,0,0,0,0,0,0,0,0,0,0,0,0,0,0],
[0,0,0,0,0,0,0,0,0,0,0,0,0,0,0,0,0,0,0,0,25.50,25.50,25.50,25.50,25.50,25.50,25.50,25.50,25.50,25.50,0,0,0,0,0,0,0,0,0,0,0,0,0,0,0,0,0,0,0,0,0,29.25,29.25,29.25,29.25,29.25,29.25,29.25,29.25,29.25,29.25,29.25,29.25,29.25,29.25,29.25,29.25,29.25,29.25,29.25,29.25,29.25,29.25,29.25,29.25,29.25,29.25,29.25,29.25,29.25,29.25,29.25,29.25,29.25,29.25,29.25,29.25,29.25,29.25,29.25,29.25,29.25,29.25,29.25,29.25,29.25,29.25,29.25,29.25,29.25,0,0,0,0,0,0,0,0,0,0,0,0,0,0,0,0,0,0,0,0,25.50,25.50,25.50,25.50,25.50,25.50,25.50,25.50,25.50,25.50,25.50,0,0,0,0,0,0,0,0,0,0,0,0,0,0,0,0,0,0,0],
[0,0,0,0,0,0,0,0,0,0,0,0,0,0,0,0,0,0,0,0,25.50,25.50,25.50,25.50,25.50,25.50,25.50,25.50,25.50,25.50,25.50,0,0,0,0,0,0,0,0,0,0,0,0,0,0,0,0,0,0,0,0,29.25,29.25,29.25,29.25,29.25,29.25,29.25,29.25,29.25,29.25,29.25,29.25,29.25,29.25,29.25,29.25,29.25,29.25,29.25,29.25,29.25,29.25,29.25,29.25,29.25,29.25,29.25,29.25,29.25,29.25,29.25,29.25,29.25,29.25,29.25,29.25,29.25,29.25,29.25,29.25,29.25,29.25,29.25,29.25,29.25,29.25,29.25,29.25,29.25,0,0,0,0,0,0,0,0,0,0,0,0,0,0,0,0,0,0,0,0,25.50,25.50,25.50,25.50,25.50,25.50,25.50,25.50,25.50,25.50,25.50,0,0,0,0,0,0,0,0,0,0,0,0,0,0,0,0,0,0,0],
[0,0,0,0,0,0,0,0,0,0,0,0,0,0,0,0,0,0,0,0,25.50,25.50,25.50,25.50,25.50,25.50,25.50,25.50,25.50,25.50,25.50,0,0,0,0,0,0,0,0,0,0,0,0,0,0,0,0,0,0,0,0,29.25,29.25,29.25,29.25,29.25,29.25,29.25,29.25,29.25,29.25,29.25,29.25,29.25,29.25,29.25,29.25,29.25,29.25,29.25,29.25,29.25,29.25,29.25,29.25,29.25,29.25,29.25,29.25,29.25,29.25,29.25,29.25,29.25,29.25,29.25,29.25,29.25,29.25,29.25,29.25,29.25,29.25,29.25,29.25,29.25,29.25,29.25,29.25,0,0,0,0,0,0,0,0,0,0,0,0,0,0,0,0,0,0,0,0,0,25.50,25.50,25.50,25.50,25.50,25.50,25.50,25.50,25.50,25.50,25.50,0,0,0,0,0,0,0,0,0,0,0,0,0,0,0,0,0,0,0],
[0,0,0,0,0,0,0,0,0,0,0,0,0,0,0,0,0,0,0,0,25.50,25.50,25.50,25.50,25.50,25.50,25.50,25.50,25.50,25.50,25.50,0,0,0,0,0,0,0,0,0,0,0,0,0,0,0,0,0,0,0,0,0,0,29.25,29.25,29.25,29.25,29.25,29.25,29.25,29.25,29.25,29.25,29.25,29.25,29.25,29.25,29.25,29.25,29.25,29.25,29.25,29.25,29.25,29.25,29.25,29.25,29.25,29.25,29.25,29.25,29.25,29.25,29.25,29.25,29.25,29.25,29.25,29.25,29.25,29.25,29.25,29.25,29.25,29.25,29.25,29.25,29.25,0,0,0,0,0,0,0,0,0,0,0,0,0,0,0,0,0,0,0,0,0,0,25.50,25.50,25.50,25.50,25.50,25.50,25.50,25.50,25.50,25.50,25.50,0,0,0,0,0,0,0,0,0,0,0,0,0,0,0,0,0,0,0],
[0,0,0,0,0,0,0,0,0,0,0,0,0,0,0,0,0,0,0,0,0,25.50,25.50,25.50,25.50,25.50,25.50,25.50,25.50,25.50,25.50,25.50,0,0,0,0,0,0,0,0,0,0,0,0,0,0,0,0,0,0,0,0,0,0,29.25,29.25,29.25,29.25,29.25,29.25,29.25,29.25,29.25,29.25,29.25,29.25,29.25,29.25,29.25,29.25,29.25,29.25,29.25,29.25,29.25,29.25,29.25,29.25,29.25,29.25,29.25,29.25,29.25,29.25,29.25,29.25,29.25,29.25,29.25,29.25,29.25,29.25,29.25,29.25,29.25,29.25,29.25,0,0,0,0,0,0,0,0,0,0,0,0,0,0,0,0,0,0,0,0,0,0,25.50,25.50,25.50,25.50,25.50,25.50,25.50,25.50,25.50,25.50,25.50,0,0,0,0,0,0,0,0,0,0,0,0,0,0,0,0,0,0,0,0],
[0,0,0,0,0,0,0,0,0,0,0,0,0,0,0,0,0,0,0,0,0,25.50,25.50,25.50,25.50,25.50,25.50,25.50,25.50,25.50,25.50,25.50,0,0,0,0,0,0,0,0,0,0,0,0,0,0,0,0,0,0,0,0,0,0,0,29.25,29.25,29.25,29.25,29.25,29.25,29.25,29.25,29.25,29.25,29.25,29.25,29.25,29.25,29.25,29.25,29.25,29.25,29.25,29.25,29.25,29.25,29.25,29.25,29.25,29.25,29.25,29.25,29.25,29.25,29.25,29.25,29.25,29.25,29.25,29.25,29.25,29.25,29.25,29.25,29.25,0,0,0,0,0,0,0,0,0,0,0,0,0,0,0,0,0,0,0,0,0,0,0,25.50,25.50,25.50,25.50,25.50,25.50,25.50,25.50,25.50,25.50,25.50,0,0,0,0,0,0,0,0,0,0,0,0,0,0,0,0,0,0,0,0],
[0,0,0,0,0,0,0,0,0,0,0,0,0,0,0,0,0,0,0,0,0,25.50,25.50,25.50,25.50,25.50,25.50,25.50,25.50,25.50,25.50,25.50,0,0,0,0,0,0,0,0,0,0,0,0,0,0,0,0,0,0,0,0,0,0,0,0,29.25,29.25,29.25,29.25,29.25,29.25,29.25,29.25,29.25,29.25,29.25,29.25,29.25,29.25,29.25,29.25,29.25,29.25,29.25,29.25,29.25,29.25,29.25,29.25,29.25,29.25,29.25,29.25,29.25,29.25,29.25,29.25,29.25,29.25,29.25,29.25,29.25,29.25,29.25,0,0,0,0,0,0,0,0,0,0,0,0,0,0,0,0,0,0,0,0,0,0,0,0,25.50,25.50,25.50,25.50,25.50,25.50,25.50,25.50,25.50,25.50,25.50,0,0,0,0,0,0,0,0,0,0,0,0,0,0,0,0,0,0,0,0],
[0,0,0,0,0,0,0,0,0,0,0,0,0,0,0,0,0,0,0,0,0,0,25.50,25.50,25.50,25.50,25.50,25.50,25.50,25.50,25.50,25.50,25.50,0,0,0,0,0,0,0,0,0,0,0,0,0,0,0,0,0,0,0,0,0,0,28.61,28.97,29.25,29.25,29.25,29.25,29.25,29.25,29.25,29.25,29.25,29.25,29.25,29.25,29.25,29.25,29.25,29.25,29.25,29.25,29.25,29.25,29.25,29.25,29.25,29.25,29.25,29.25,29.25,29.25,29.25,29.25,29.25,29.25,29.25,29.25,29.25,29.25,29.25,28.90,28.55,0,0,0,0,0,0,0,0,0,0,0,0,0,0,0,0,0,0,0,0,0,0,25.50,25.50,25.50,25.50,25.50,25.50,25.50,25.50,25.50,25.50,25.50,0,0,0,0,0,0,0,0,0,0,0,0,0,0,0,0,0,0,0,0,0],
[0,0,0,0,0,0,0,0,0,0,0,0,0,0,0,0,0,0,0,0,0,0,25.50,25.50,25.50,25.50,25.50,25.50,25.50,25.50,25.50,25.50,25.50,0,0,0,0,0,0,0,0,0,0,0,0,0,0,0,0,0,0,0,0,27.75,27.75,28.27,28.67,29.06,29.25,29.25,29.25,29.25,29.25,29.25,29.25,29.25,29.25,29.25,29.25,29.25,29.25,29.25,29.25,29.25,29.25,29.25,29.25,29.25,29.25,29.25,29.25,29.25,29.25,29.25,29.25,29.25,29.25,29.25,29.25,29.25,29.25,29.25,29.25,28.90,28.55,28.21,27.75,27.75,0,0,0,0,0,0,0,0,0,0,0,0,0,0,0,0,0,0,0,0,25.50,25.50,25.50,25.50,25.50,25.50,25.50,25.50,25.50,25.50,25.50,0,0,0,0,0,0,0,0,0,0,0,0,0,0,0,0,0,0,0,0,0],
[0,0,0,0,0,0,0,0,0,0,0,0,0,0,0,0,0,0,0,0,0,0,25.50,25.50,25.50,25.50,25.50,25.50,25.50,25.50,25.50,25.51,25.50,25.50,0,0,0,0,0,0,0,0,0,0,0,0,0,0,0,0,0,0,27.75,27.75,27.75,27.77,28.34,28.74,28.92,29.25,29.25,29.25,29.25,29.25,29.25,29.25,29.25,29.25,29.25,29.25,29.25,29.25,29.25,29.25,29.25,29.25,29.25,29.25,29.25,29.25,29.25,29.25,29.25,29.25,29.25,29.25,29.25,29.25,29.25,29.25,29.25,29.25,28.90,28.55,28.21,27.75,27.75,27.75,27.75,0,0,0,0,0,0,0,0,0,0,0,0,0,0,0,0,0,0,25.50,25.50,25.50,25.50,25.50,25.50,25.50,25.50,25.50,25.50,25.50,25.50,0,0,0,0,0,0,0,0,0,0,0,0,0,0,0,0,0,0,0,0,0],
[0,0,0,0,0,0,0,0,0,0,0,0,0,0,0,0,0,0,0,0,0,0,0,25.50,25.50,25.50,25.50,25.50,25.50,25.50,25.51,25.51,25.50,25.50,0,0,0,0,0,0,0,0,0,0,0,0,0,0,0,0,0,27.75,27.75,27.75,27.75,27.78,27.81,28.26,28.59,0,29.25,29.25,29.25,29.25,29.25,29.25,29.25,29.25,29.25,29.25,29.25,29.25,29.25,29.25,29.25,29.25,29.25,29.25,29.25,29.25,29.25,29.25,29.25,29.25,29.25,29.25,29.25,29.25,29.25,29.25,29.25,0,28.55,28.21,27.75,27.75,27.75,27.75,27.75,27.75,0,0,0,0,0,0,0,0,0,0,0,0,0,0,0,0,0,25.50,25.51,25.50,25.50,25.50,25.50,25.50,25.50,25.50,25.50,25.50,25.50,0,0,0,0,0,0,0,0,0,0,0,0,0,0,0,0,0,0,0,0,0],
[0,0,0,0,0,0,0,0,0,0,0,0,0,0,0,0,0,0,0,0,0,0,0,25.50,25.50,25.50,25.50,25.50,25.50,25.50,25.53,25.52,25.52,25.50,25.50,0,0,0,0,0,0,0,0,0,0,0,0,0,0,0,27.75,27.75,27.75,27.75,27.76,27.79,27.82,27.79,0,0,0,29.25,29.25,29.25,29.25,29.25,29.25,29.25,0,0,29.25,29.25,29.25,29.25,29.25,29.25,29.25,29.25,29.25,29.25,29.25,29.25,29.25,29.25,29.25,29.25,29.25,29.25,29.25,29.25,0,0,0,27.75,27.75,27.75,27.75,27.75,27.75,27.75,27.75,0,0,0,0,0,0,0,0,0,0,0,0,0,0,0,25.50,25.53,25.52,25.51,25.50,25.50,25.50,25.50,25.50,25.50,25.50,25.50,0,0,0,0,0,0,0,0,0,0,0,0,0,0,0,0,0,0,0,0,0,0],
[0,0,0,0,0,0,0,0,0,0,0,0,0,0,0,0,0,0,0,0,0,0,0,0,25.50,25.50,25.50,25.50,25.50,25.50,25.53,25.52,25.54,25.52,25.51,0,0,0,0,0,0,0,0,0,0,0,0,0,0,27.75,27.75,27.75,27.75,27.75,27.77,27.80,27.75,27.75,0,0,0,0,29.25,29.25,29.25,29.25,29.25,0,0,0,0,29.25,29.25,29.25,29.25,29.25,29.25,29.25,29.25,29.25,29.25,29.25,29.25,29.25,29.25,29.25,29.25,29.25,29.25,0,0,0,0,27.75,27.75,27.75,27.75,27.75,27.75,27.75,27.75,0,0,0,0,0,0,0,0,0,0,0,0,0,0,0,25.50,25.55,25.54,25.53,25.52,25.50,25.50,25.50,25.50,25.50,25.50,25.50,0,0,0,0,0,0,0,0,0,0,0,0,0,0,0,0,0,0,0,0,0,0],
[0,0,0,0,0,0,0,0,0,0,0,0,0,0,0,0,0,0,0,0,0,0,0,0,25.50,25.50,25.50,25.50,25.50,25.50,25.54,25.53,25.56,25.58,25.61,0,0,0,0,0,0,0,0,0,0,0,0,0,0,27.45,27.71,27.75,27.75,27.75,27.78,27.75,27.75,0,0,0,0,0,29.25,29.25,29.25,29.25,0,0,0,0,0,0,29.25,29.25,29.25,29.25,29.25,29.25,29.25,29.25,29.25,29.25,29.25,29.25,29.25,29.25,29.25,29.25,0,0,0,0,0,0,27.75,27.75,27.75,27.75,27.75,27.75,27.66,27.40,0,0,0,0,0,0,0,0,0,0,0,0,0,0,25.55,25.56,25.55,25.54,25.53,25.52,25.51,25.50,25.50,25.50,25.50,0,0,0,0,0,0,0,0,0,0,0,0,0,0,0,0,0,0,0,0,0,0,0],
[0,0,0,0,0,0,0,0,0,0,0,0,0,0,0,0,0,0,0,0,0,0,0,0,25.50,25.50,25.50,25.50,25.50,25.53,25.54,25.55,25.59,25.67,25.71,0,0,0,0,0,0,0,0,0,0,0,0,0,26.94,27.21,27.51,27.70,27.75,27.76,27.75,27.75,0,0,0,0,0,0,0,0,29.25,0,0,0,0,0,0,0,0,29.25,29.25,29.25,29.25,29.25,29.25,29.25,29.25,29.25,29.25,29.25,29.25,29.25,29.25,0,0,0,0,0,0,0,0,27.75,27.75,27.75,27.75,27.66,27.39,27.15,26.89,0,0,0,0,0,0,0,0,0,0,0,0,25.64,25.62,25.60,25.57,25.56,25.55,25.54,25.53,25.51,25.50,25.50,25.50,0,0,0,0,0,0,0,0,0,0,0,0,0,0,0,0,0,0,0,0,0,0,0],
[0,0,0,0,0,0,0,0,0,0,0,0,0,0,0,0,0,0,0,0,0,0,0,0,0,25.50,25.50,25.50,25.50,25.55,25.55,25.57,25.72,25.76,25.75,25.75,0,25.75,25.75,25.75,25.75,25.75,0,0,0,0,0,26.42,26.70,27.06,27.31,27.49,27.68,27.75,27.75,0,0,0,0,0,0,0,0,0,0,0,0,0,0,0,0,0,0,0,29.25,29.25,29.25,29.25,29.25,29.25,29.25,29.25,29.25,0,0,0,0,0,0,0,0,0,0,0,0,0,27.75,27.75,27.66,27.39,27.12,26.87,26.64,26.38,0,0,0,0,0,0,25.75,25.75,25.75,25.75,0,25.70,25.74,25.74,25.65,25.58,25.57,25.55,25.54,25.53,25.52,25.50,0,0,0,0,0,0,0,0,0,0,0,0,0,0,0,0,0,0,0,0,0,0,0,0],
[0,0,0,0,0,0,0,0,0,0,0,0,0,0,0,0,0,0,0,0,0,0,0,0,0,25.50,25.50,25.50,25.50,25.56,25.57,25.69,25.81,25.79,25.75,25.75,25.75,25.75,25.75,25.75,25.75,25.75,25.75,25.75,0,0,25.91,26.19,26.48,26.74,27.03,27.29,27.49,27.75,0,0,0,0,0,0,0,0,0,0,0,0,0,0,0,0,0,0,0,0,0,29.25,29.25,29.25,29.25,29.25,29.25,29.25,0,0,0,0,0,0,0,0,0,0,0,0,0,0,0,0,27.40,27.14,26.85,26.59,26.36,26.13,25.87,0,0,0,25.75,25.75,25.75,25.75,25.75,25.75,25.75,25.75,25.80,25.83,25.79,25.72,25.58,25.57,25.55,25.53,25.50,25.50,0,0,0,0,0,0,0,0,0,0,0,0,0,0,0,0,0,0,0,0,0,0,0,0],
[0,0,0,0,0,0,0,0,0,0,0,0,0,0,0,0,0,0,0,0,0,0,0,0,0,0,25.50,25.50,25.52,25.57,25.66,25.82,25.81,25.78,25.75,25.75,25.75,25.75,25.75,25.75,25.75,25.75,25.75,25.75,25.75,25.77,25.81,25.90,26.16,26.43,26.72,27.02,0,0,0,0,0,0,0,0,0,0,0,0,0,0,0,0,0,0,0,0,0,0,0,0,29.25,29.25,29.25,29.25,29.25,29.25,0,0,0,0,0,0,0,0,0,0,0,0,0,0,0,0,0,26.89,26.63,26.33,26.10,25.87,25.80,25.77,25.75,25.75,25.75,25.75,25.75,25.75,25.75,25.75,25.75,25.75,25.79,25.82,25.81,25.82,25.69,25.57,25.54,25.51,25.50,0,0,0,0,0,0,0,0,0,0,0,0,0,0,0,0,0,0,0,0,0,0,0,0,0],
[0,0,0,0,0,0,0,0,0,0,0,0,0,0,0,0,0,0,0,0,0,0,0,24.66,24.66,24.66,25.50,25.50,25.54,25.62,25.83,25.80,25.80,25.78,25.75,25.75,25.75,25.75,25.75,25.75,25.75,25.75,25.75,25.75,25.75,25.75,25.77,25.81,25.91,26.12,26.42,0,0,0,0,0,0,0,0,0,0,0,0,0,0,0,0,0,0,0,0,0,0,0,0,0,0,29.25,29.25,29.25,29.25,29.25,0,0,0,0,0,0,0,0,0,0,0,0,0,0,0,0,0,0,26.38,26.11,25.87,25.80,25.77,25.75,25.75,25.75,25.75,25.75,25.75,25.75,25.75,25.75,25.75,25.75,25.77,25.82,25.80,25.79,25.69,25.59,25.52,25.50,25.50,24.66,24.66,0,0,0,0,0,0,0,0,0,0,0,0,0,0,0,0,0,0,0,0,0,0,0],
[0,0,0,0,0,0,0,0,0,0,0,0,0,0,0,0,0,0,0,0,0,0,24.66,24.66,24.66,24.66,0,25.50,25.54,25.83,25.80,25.77,25.80,25.77,25.75,25.75,25.75,25.75,25.75,25.75,25.75,25.75,25.75,25.75,25.75,25.75,25.75,25.78,25.81,25.91,0,0,0,0,0,0,0,0,0,0,0,0,0,0,0,0,0,0,0,0,0,0,0,0,0,0,0,0,29.25,29.25,29.25,29.25,0,0,0,0,0,0,0,0,0,0,0,0,0,0,0,0,0,0,0,25.87,25.80,25.77,25.75,25.75,25.75,25.75,25.75,25.75,25.75,25.75,25.75,25.75,25.75,25.75,25.76,25.81,25.80,25.77,25.70,25.62,25.55,25.50,24.66,24.66,24.66,24.66,0,0,0,0,0,0,0,0,0,0,0,0,0,0,0,0,0,0,0,0,0,0],
[0,0,0,0,0,0,0,0,0,0,0,0,0,0,0,0,0,0,0,0,0,24.66,24.66,24.66,24.66,24.66,24.66,0,0,0,25.78,25.75,25.80,25.77,25.75,25.75,25.75,25.75,25.75,25.75,25.75,25.75,25.75,25.75,25.75,25.75,25.75,25.75,25.78,0,0,0,0,0,0,0,0,0,0,0,0,0,0,0,0,0,0,0,0,0,0,0,0,0,0,0,0,0,0,29.25,29.25,0,0,0,0,0,0,0,0,0,0,0,0,0,0,0,0,0,0,0,0,0,25.77,25.75,25.75,25.75,25.75,25.75,25.75,25.75,25.75,25.75,25.75,25.75,25.75,25.75,25.75,25.81,25.80,25.75,25.73,25.65,0,0,24.66,24.66,24.66,24.66,24.66,0,0,0,0,0,0,0,0,0,0,0,0,0,0,0,0,0,0,0,0,0],
[0,0,0,0,0,0,0,0,0,0,0,0,0,0,0,0,0,0,0,0,24.66,24.66,24.66,24.66,24.66,24.66,24.66,24.66,0,0,25.75,25.75,25.79,25.76,25.75,25.75,25.75,25.75,25.75,25.75,25.75,25.75,25.75,25.75,25.75,25.75,25.75,25.75,25.75,0,0,0,0,0,0,0,0,0,0,0,0,0,0,0,0,0,0,0,0,0,0,0,0,0,0,0,0,0,0,0,0,0,0,0,0,0,0,0,0,0,0,0,0,0,0,0,0,0,0,0,0,25.75,25.75,25.75,25.75,25.75,25.75,25.75,25.75,25.75,25.75,25.75,25.75,25.75,25.75,25.75,25.75,25.80,25.79,25.75,25.75,0,0,24.66,24.66,24.66,24.66,24.66,24.66,24.66,0,0,0,0,0,0,0,0,0,0,0,0,0,0,0,0,0,0,0,0],
[0,0,0,0,0,0,0,0,0,0,0,0,0,0,0,0,0,0,0,24.66,24.66,24.66,24.66,24.66,24.66,24.66,24.66,24.66,0,0,25.75,25.75,25.79,25.76,25.75,25.75,25.75,25.75,25.75,25.75,25.75,25.75,25.75,25.75,25.75,25.75,25.75,25.75,25.75,0,0,0,0,0,0,0,0,0,0,0,0,0,0,0,0,0,0,0,0,0,0,0,0,0,0,0,0,0,0,0,0,0,0,0,0,0,0,0,0,0,0,0,0,0,0,0,0,0,0,0,0,25.75,25.75,25.75,25.75,25.75,25.75,25.75,25.75,25.75,25.75,25.75,25.75,25.75,25.75,25.75,25.75,25.80,25.79,25.75,25.75,0,0,24.66,24.66,24.66,24.66,24.66,24.66,24.66,24.66,0,0,0,0,0,0,0,0,0,0,0,0,0,0,0,0,0,0,0],
[0,0,0,0,0,0,0,0,0,0,0,0,0,0,0,0,0,0,24.66,24.66,24.66,24.66,24.66,24.66,24.66,24.66,24.66,24.66,0,25.75,25.75,25.75,25.79,25.75,25.75,25.75,25.75,25.75,25.75,25.75,25.75,25.75,25.75,25.75,25.75,25.75,25.75,25.75,25.75,25.75,0,0,0,0,0,0,0,0,0,0,0,0,0,0,0,0,0,0,0,0,0,0,0,0,0,0,0,0,0,0,0,0,0,0,0,0,0,0,0,0,0,0,0,0,0,0,0,0,0,0,25.75,25.75,25.75,25.75,25.75,25.75,25.75,25.75,25.75,25.75,25.75,25.75,25.75,25.75,25.75,25.75,25.75,25.79,25.78,25.75,25.75,0,24.66,24.66,24.66,24.66,24.66,24.66,24.66,24.66,24.66,24.66,0,0,0,0,0,0,0,0,0,0,0,0,0,0,0,0,0,0],
[0,0,0,0,0,0,0,0,0,0,0,0,0,0,0,0,0,24.66,24.66,24.66,24.66,24.66,24.66,24.66,24.66,24.66,24.66,24.66,0,25.75,25.75,25.75,25.78,25.75,25.75,25.75,25.75,25.75,25.75,25.75,25.75,25.75,25.75,25.75,25.75,25.75,25.75,25.75,25.75,25.75,0,0,0,0,0,0,0,0,0,0,0,0,0,0,0,0,0,0,0,0,0,0,0,0,0,0,0,0,0,0,0,0,0,0,0,0,0,0,0,0,0,0,0,0,0,0,0,0,0,0,25.75,25.75,25.75,25.75,25.75,25.75,25.75,25.75,25.75,25.75,25.75,25.75,25.75,25.75,25.75,25.75,25.75,25.79,25.78,25.75,25.75,25.75,0,24.66,24.66,24.66,24.66,24.66,24.66,24.66,24.66,24.66,24.66,0,0,0,0,0,0,0,0,0,0,0,0,0,0,0,0,0],
[0,0,0,0,0,0,0,0,0,0,0,0,0,0,0,0,24.66,24.66,24.66,24.66,24.66,24.66,24.66,24.66,24.66,24.66,24.66,24.66,0,25.75,25.75,25.75,25.78,25.75,25.75,25.75,25.75,25.75,25.75,25.75,25.75,25.75,25.75,25.75,25.75,25.75,25.75,25.75,25.75,25.75,25.75,0,0,0,0,0,0,0,0,0,0,0,0,0,0,0,0,0,0,0,0,0,0,0,0,0,0,0,0,0,0,0,0,0,0,0,0,0,0,0,0,0,0,0,0,0,0,0,0,0,25.75,25.75,25.75,25.75,25.75,25.75,25.75,25.75,25.75,25.75,25.75,25.75,25.75,25.75,25.75,25.75,25.75,25.78,25.78,25.75,25.75,25.75,0,24.66,24.66,24.66,24.66,24.66,24.66,24.66,24.66,24.66,24.66,24.66,0,0,0,0,0,0,0,0,0,0,0,0,0,0,0,0],
[0,0,0,0,0,0,0,0,0,0,0,0,0,0,0,24.66,24.66,24.66,24.66,24.66,24.66,24.66,24.66,24.66,24.66,24.66,24.66,0,0,25.75,25.75,25.75,25.77,25.75,25.75,25.75,25.75,25.75,25.75,25.75,25.75,25.75,25.75,25.75,25.75,25.75,25.75,25.75,25.75,25.75,25.75,0,0,0,0,0,0,0,0,0,0,0,0,0,0,0,0,0,0,0,0,0,0,0,0,0,0,0,0,0,0,0,0,0,0,0,0,0,0,0,0,0,0,0,0,0,0,0,0,0,25.75,25.75,25.75,25.75,25.75,25.75,25.75,25.75,25.75,25.75,25.75,25.75,25.75,25.75,25.75,25.75,25.75,25.77,25.77,25.75,25.75,25.75,0,0,24.66,24.66,24.66,24.66,24.66,24.66,24.66,24.66,24.66,24.66,24.66,0,0,0,0,0,0,0,0,0,0,0,0,0,0,0],
[0,0,0,0,0,0,0,0,0,0,0,0,0,0,24.66,24.66,24.66,24.66,24.66,24.66,24.66,24.66,24.66,24.66,24.66,24.66,24.66,0,0,25.75,25.75,25.75,25.77,25.75,25.75,25.75,25.75,25.75,25.75,25.75,25.75,25.75,25.75,25.75,25.75,25.75,25.75,25.75,25.75,25.75,25.75,0,0,0,0,0,0,0,0,0,0,0,0,0,0,0,0,0,0,0,0,0,0,0,0,0,0,0,0,0,0,0,0,0,0,0,0,0,0,0,0,0,0,0,0,0,0,0,0,0,25.75,25.75,25.75,25.75,25.75,25.75,25.75,25.75,25.75,25.75,25.75,25.75,25.75,25.75,25.75,25.75,25.75,25.75,25.77,25.75,25.75,25.75,0,24.66,24.66,24.66,24.66,24.66,24.66,24.66,24.66,24.66,24.66,24.66,24.66,24.66,0,0,0,0,0,0,0,0,0,0,0,0,0,0],
[0,0,0,0,0,0,0,0,0,0,0,0,0,24.66,24.66,24.66,24.66,24.66,24.66,24.66,24.66,24.66,24.66,24.66,24.66,24.66,24.66,24.66,0,25.75,25.75,25.75,25.76,25.75,25.75,25.75,25.75,25.75,25.75,25.75,25.75,25.75,25.75,25.75,25.75,25.75,25.75,25.75,25.75,25.75,25.75,0,0,0,0,0,0,0,0,0,0,0,0,0,0,0,0,0,0,0,0,0,0,0,0,0,0,0,0,0,0,0,0,0,0,0,0,0,0,0,0,0,0,0,0,0,0,0,0,0,25.75,25.75,25.75,25.75,25.75,25.75,25.75,25.75,25.75,25.75,25.75,25.75,25.75,25.75,25.75,25.75,25.75,25.75,25.76,25.75,25.75,25.75,24.66,24.66,24.66,24.66,24.66,24.66,24.66,24.66,24.66,24.66,24.66,24.66,24.66,24.66,24.66,0,0,0,0,0,0,0,0,0,0,0,0,0],
[0,0,0,0,0,0,0,0,0,0,0,0,24.66,24.66,24.66,24.66,24.66,24.66,24.66,24.66,24.66,24.66,24.66,24.66,24.66,24.66,24.66,24.66,24.66,0,25.75,25.75,25.76,25.75,25.75,25.75,25.75,25.75,25.75,25.75,25.75,25.75,25.75,25.75,25.75,25.75,25.75,25.75,25.75,25.75,0,0,0,0,0,0,0,0,0,0,0,0,0,0,0,0,0,0,0,0,0,0,0,0,0,0,0,0,0,0,0,0,0,0,0,0,0,0,0,0,0,0,0,0,0,0,0,0,0,0,25.75,25.75,25.75,25.75,25.75,25.75,25.75,25.75,25.75,25.75,25.75,25.75,25.75,25.75,25.75,25.75,25.75,25.75,25.76,25.75,25.75,0,24.66,24.66,24.66,24.66,24.66,24.66,24.66,24.66,24.66,24.66,24.66,24.66,24.66,24.66,24.66,24.66,0,0,0,0,0,0,0,0,0,0,0,0],
[0,0,0,0,0,0,0,0,0,0,0,24.66,24.66,24.66,24.66,24.66,24.66,24.66,24.66,24.66,24.66,24.66,24.66,24.66,24.66,24.66,24.66,24.66,24.66,0,25.75,25.75,25.75,25.75,25.75,25.75,25.75,25.75,25.75,25.75,25.75,25.75,25.75,25.75,25.75,25.75,25.75,25.75,25.75,25.75,25.70,0,0,0,0,0,0,0,0,0,0,0,0,0,0,0,0,0,0,0,0,0,0,0,0,0,0,0,0,0,0,0,0,0,0,0,0,0,0,0,0,0,0,0,0,0,0,0,0,0,25.72,25.75,25.75,25.75,25.75,25.75,25.75,25.75,25.75,25.75,25.75,25.75,25.75,25.75,25.75,25.75,25.75,25.75,25.75,25.75,25.75,0,24.66,24.66,24.66,24.66,24.66,24.66,24.66,24.66,24.66,24.66,24.66,24.66,24.66,24.66,24.66,24.66,24.66,0,0,0,0,0,0,0,0,0,0,0],
[0,0,0,0,0,0,0,0,0,0,0,24.66,24.66,24.66,24.66,24.66,24.66,24.66,24.66,24.66,24.66,24.66,24.66,24.66,24.66,24.66,24.66,24.66,24.66,0,0,25.75,25.75,25.75,25.75,25.75,25.75,25.75,25.75,25.75,25.75,25.75,25.75,25.75,25.75,25.75,25.76,25.77,25.78,25.79,25.71,25.61,25.55,25.50,25.50,0,0,0,0,0,0,0,0,0,0,0,0,0,0,0,0,0,0,0,0,0,0,0,0,0,0,0,0,0,0,0,0,0,0,0,0,0,0,0,0,0,25.50,25.52,25.56,25.63,25.72,25.76,25.75,25.75,25.75,25.75,25.75,25.75,25.75,25.75,25.75,25.75,25.75,25.75,25.75,25.75,25.75,25.75,25.75,25.75,0,0,24.66,24.66,24.66,24.66,24.66,24.66,24.66,24.66,24.66,24.66,24.66,24.66,24.66,24.66,24.66,24.66,24.66,24.66,0,0,0,0,0,0,0,0,0,0],
[0,0,0,0,0,0,0,0,0,0,0,24.66,24.66,24.66,24.66,24.66,24.66,24.66,24.66,24.66,24.66,24.66,24.66,24.66,24.66,24.66,24.66,24.66,24.66,0,25.75,25.75,25.75,25.75,25.75,25.75,25.75,25.75,25.75,25.76,25.77,25.78,25.79,25.80,25.80,25.81,25.81,25.82,25.82,25.83,25.73,25.59,25.56,25.55,25.51,25.50,25.50,0,0,0,0,0,0,0,0,0,0,0,0,0,0,0,0,0,0,0,0,0,0,0,0,0,0,0,0,0,0,0,0,0,0,0,0,0,25.50,25.50,25.52,25.55,25.57,25.67,25.77,25.80,25.79,25.79,25.78,25.78,25.77,25.77,25.76,25.76,25.75,25.75,25.75,25.75,25.75,25.75,25.75,25.75,25.75,25.75,25.75,24.66,24.66,24.66,24.66,24.66,24.66,24.66,24.66,24.66,24.66,24.66,24.66,24.66,24.66,24.66,24.66,24.66,24.66,24.66,0,0,0,0,0,0,0,0,0,0],
[0,0,0,0,0,0,0,0,0,0,0,0,24.66,24.66,24.66,24.66,24.66,24.66,24.66,24.66,24.66,24.66,24.66,24.66,24.66,24.66,24.66,24.66,24.66,25.25,25.58,25.75,25.75,25.75,25.75,25.75,25.75,25.76,25.77,25.78,25.78,25.79,25.79,25.80,25.80,25.81,25.81,25.82,25.83,25.79,25.66,25.57,25.55,25.54,25.52,25.50,25.50,25.50,25.50,0,0,0,0,0,0,0,0,0,0,0,0,0,0,0,0,0,0,0,0,0,0,0,0,0,0,0,0,0,0,0,0,0,25.50,25.50,25.50,25.50,25.52,25.54,25.56,25.58,25.75,25.82,25.80,25.80,25.80,25.79,25.79,25.79,25.79,25.78,25.78,25.77,25.77,25.76,25.76,25.75,25.75,25.75,25.75,25.75,25.50,25.14,24.66,24.66,24.66,24.66,24.66,24.66,24.66,24.66,24.66,24.66,24.66,24.66,24.66,24.66,24.66,24.66,24.66,0,0,0,0,0,0,0,0,0,0,0],
[0,0,0,0,0,0,0,0,0,0,0,0,0,24.66,24.66,24.66,24.66,24.66,24.66,24.66,24.66,24.66,24.66,24.66,24.66,24.66,24.66,24.66,24.66,24.75,25.23,25.67,25.75,25.75,25.75,25.75,25.75,25.75,25.75,25.75,25.75,25.75,25.75,25.75,25.75,25.75,25.77,25.79,25.80,25.68,25.58,25.56,25.54,25.52,25.51,25.50,25.50,25.50,25.50,25.50,25.50,25.50,0,0,0,0,0,0,0,0,0,0,0,0,0,0,0,0,0,0,0,0,0,0,0,0,0,0,0,25.50,25.50,25.50,25.50,25.50,25.50,25.50,25.52,25.53,25.54,25.56,25.59,25.74,25.80,25.78,25.76,25.75,25.75,25.75,25.75,25.75,25.75,25.75,25.75,25.75,25.75,25.75,25.75,25.75,25.75,25.56,25.17,24.66,24.66,24.66,24.66,24.66,24.66,24.66,24.66,24.66,24.66,24.66,24.66,24.66,24.66,24.66,24.66,24.66,0,0,0,0,0,0,0,0,0,0,0,0],
[0,0,0,0,0,0,0,0,0,0,0,0,0,0,24.66,24.66,24.66,24.66,24.66,24.66,24.66,24.66,24.66,24.66,24.66,24.66,24.66,24.66,24.66,24.66,24.75,25.28,25.69,25.75,0,25.75,25.75,25.75,25.75,25.75,25.75,25.75,25.75,25.75,25.75,25.75,25.76,25.73,25.68,25.57,25.56,25.55,25.53,25.51,25.50,25.50,25.50,25.50,25.50,25.50,25.50,25.50,25.50,25.50,25.50,25.50,0,0,0,0,0,0,0,0,0,0,0,0,0,0,0,0,0,0,0,25.50,25.50,25.50,25.50,25.50,25.50,25.50,25.50,25.50,25.50,25.50,25.52,25.53,25.54,25.56,25.57,25.59,25.70,25.77,25.75,25.75,25.75,25.75,25.75,25.75,25.75,25.75,25.75,25.75,25.75,0,0,25.75,25.61,25.20,24.66,24.66,24.66,24.66,24.66,24.66,24.66,24.66,24.66,24.66,24.66,24.66,24.66,24.66,24.66,24.66,24.66,0,0,0,0,0,0,0,0,0,0,0,0,0],
[0,0,0,0,0,0,0,0,0,0,0,0,0,0,0,24.66,24.66,24.66,24.66,24.66,24.66,24.66,24.66,24.66,24.66,24.66,24.66,24.66,24.66,24.66,24.66,24.75,25.36,0,0,0,0,25.75,25.75,25.75,25.75,25.75,0,0,0,25.70,25.67,25.64,25.57,25.56,25.55,25.54,25.52,25.50,25.50,25.50,25.50,25.50,25.50,25.50,25.50,25.50,25.50,25.50,25.50,25.50,25.50,25.50,25.50,25.50,25.50,25.50,25.50,25.50,25.50,25.50,25.50,25.50,25.50,25.50,25.50,25.50,25.50,25.50,25.50,25.50,25.50,25.50,25.50,25.50,25.50,25.50,25.50,25.50,25.50,25.50,25.52,25.53,25.54,25.56,25.56,25.55,25.59,25.68,25.75,0,0,0,25.75,25.75,25.75,25.75,25.75,0,0,0,0,24.66,25.20,24.66,24.66,24.66,24.66,24.66,24.66,24.66,24.66,24.66,24.66,24.66,24.66,24.66,24.66,24.66,24.66,24.66,0,0,0,0,0,0,0,0,0,0,0,0,0,0],
[0,0,0,0,0,0,0,0,0,0,0,0,0,0,0,0,24.66,24.66,24.66,24.66,24.66,24.66,24.66,24.66,24.66,24.66,24.66,24.66,24.66,24.66,24.66,24.66,24.66,24.66,24.66,24.66,24.66,24.66,0,0,0,0,0,0,0,25.60,25.58,25.57,25.56,25.55,25.54,25.52,25.50,25.50,25.50,25.50,25.50,25.50,25.50,25.50,25.50,25.50,25.50,25.50,25.50,25.50,25.50,25.50,25.50,25.50,25.50,25.50,25.50,25.50,25.50,25.50,25.50,25.50,25.50,25.50,25.50,25.50,25.50,25.50,25.50,25.50,25.50,25.50,25.50,25.50,25.50,25.50,25.50,25.50,25.50,25.50,25.52,25.53,25.54,25.55,25.54,25.53,25.52,25.59,25.63,0,0,0,0,0,0,0,0,0,24.66,24.66,24.66,24.66,24.66,24.66,24.66,24.66,24.66,24.66,24.66,24.66,24.66,24.66,24.66,24.66,24.66,24.66,24.66,24.66,24.66,0,0,0,0,0,0,0,0,0,0,0,0,0,0,0],
[0,0,0,0,0,0,0,0,0,0,0,0,0,0,0,0,0,24.66,24.66,24.66,24.66,24.66,24.66,24.66,24.66,24.66,24.66,24.66,24.66,24.66,24.66,24.66,24.66,24.66,24.66,24.66,24.66,24.66,0,0,24.66,24.66,24.66,24.66,24.66,0,25.50,25.51,25.54,25.54,25.53,25.51,25.50,25.50,25.50,25.50,25.50,25.50,25.50,25.50,25.50,25.50,25.50,25.50,25.50,25.50,25.50,25.50,25.50,25.50,25.50,25.50,25.50,25.50,25.50,25.50,25.50,25.50,25.50,25.50,25.50,25.50,25.50,25.50,25.50,25.50,25.50,25.50,25.50,25.50,25.50,25.50,25.50,25.50,25.50,25.50,25.52,25.53,25.54,25.53,25.52,25.51,25.50,25.50,0,0,24.66,24.66,24.66,24.66,24.66,0,0,24.66,24.66,24.66,24.66,24.66,24.66,24.66,24.66,24.66,24.66,24.66,24.66,24.66,24.66,24.66,24.66,24.66,24.66,24.66,24.66,24.66,0,0,0,0,0,0,0,0,0,0,0,0,0,0,0,0],
[0,0,0,0,0,0,0,0,0,0,0,0,0,0,0,0,0,0,24.66,24.66,24.66,24.66,24.66,24.66,24.66,24.66,24.66,24.66,24.66,24.66,24.66,24.66,24.66,24.66,24.66,24.66,24.66,24.66,24.66,24.66,24.66,24.66,24.66,24.66,24.66,24.66,0,25.50,25.50,25.52,25.51,25.50,25.50,25.50,25.50,25.50,25.50,25.50,25.50,25.50,25.50,25.50,25.50,25.50,25.50,25.50,25.50,25.50,25.50,25.50,25.50,25.50,25.50,25.50,25.50,25.50,25.50,25.50,25.50,25.50,25.50,25.50,25.50,25.50,25.50,25.50,25.50,25.50,25.50,25.50,25.50,25.50,25.50,25.50,25.50,25.50,25.52,25.53,25.52,25.51,25.50,25.50,25.50,0,0,24.66,24.66,24.66,24.66,24.66,24.66,24.66,24.66,24.66,24.66,24.66,24.66,24.66,24.66,24.66,24.66,24.66,24.66,24.66,24.66,24.66,24.66,24.66,24.66,24.66,24.66,24.66,24.66,0,0,0,0,0,0,0,0,0,0,0,0,0,0,0,0,0],
[0,0,0,0,0,0,0,0,0,0,0,0,0,0,0,0,0,0,24.66,24.66,24.66,24.66,24.66,24.66,24.66,24.66,24.66,24.66,24.66,24.66,24.66,24.66,24.66,24.66,24.66,24.66,24.66,24.66,24.66,24.66,24.66,24.66,24.66,24.66,24.66,24.66,24.66,24.66,0,25.50,25.50,25.50,25.50,25.50,25.50,25.50,25.50,25.50,25.50,25.50,25.50,25.50,25.50,25.50,25.50,25.50,25.50,25.50,25.50,25.50,25.50,25.50,25.50,25.50,25.50,25.50,25.50,25.50,25.50,25.50,25.50,25.50,25.50,25.50,25.50,25.50,25.50,25.50,25.50,25.50,25.50,25.50,25.50,25.50,25.50,25.50,25.52,25.51,25.50,25.50,25.50,0,0,24.66,24.66,24.66,24.66,24.66,24.66,24.66,24.66,24.66,24.66,24.66,24.66,24.66,24.66,24.66,24.66,24.66,24.66,24.66,24.66,24.66,24.66,24.66,24.66,24.66,24.66,24.66,24.66,24.66,0,0,0,0,0,0,0,0,0,0,0,0,0,0,0,0,0,0],
[0,0,0,0,0,0,0,0,0,0,0,0,0,0,0,0,0,24.66,24.66,24.66,24.66,24.66,24.66,24.66,24.66,24.66,24.66,24.66,24.66,24.66,24.66,24.66,24.66,24.66,24.66,24.66,24.66,24.66,24.66,24.66,24.66,24.66,24.66,24.66,24.66,24.66,24.66,24.66,0,0,0,25.50,25.50,25.50,25.50,25.50,25.50,25.50,25.50,25.50,25.50,25.50,25.50,25.50,25.50,25.50,25.50,25.50,25.50,25.50,25.50,25.50,25.50,25.50,25.50,25.50,25.50,25.50,25.50,25.50,25.50,25.50,25.50,25.50,25.50,25.50,25.50,25.50,25.50,25.50,25.50,25.50,25.50,25.50,25.50,25.50,25.50,25.50,25.50,0,0,0,24.66,24.66,24.66,24.66,24.66,24.66,24.66,24.66,24.66,24.66,24.66,24.66,24.66,24.66,24.66,24.66,24.66,24.66,24.66,24.66,24.66,24.66,24.66,24.66,24.66,24.66,24.66,24.66,24.66,24.66,24.66,0,0,0,0,0,0,0,0,0,0,0,0,0,0,0,0,0],
[0,0,0,0,0,0,0,0,0,0,0,0,0,0,0,0,24.66,24.66,24.66,24.66,24.66,24.66,24.66,24.66,24.66,24.66,24.66,24.66,24.66,24.66,24.66,24.66,24.66,24.66,24.66,24.66,24.66,24.66,24.66,24.66,24.66,24.66,24.66,24.66,24.66,24.66,24.66,0,0,0,0,0,0,25.50,25.50,25.50,25.50,25.50,25.50,25.50,25.50,25.50,25.50,25.50,25.50,25.50,25.50,25.50,25.50,25.50,25.50,25.50,25.50,25.50,25.50,25.50,25.50,25.50,25.50,25.50,25.50,25.50,25.50,25.50,25.50,25.50,25.50,25.50,25.50,25.50,25.50,25.50,25.50,25.50,25.50,25.50,25.50,0,0,0,0,0,0,24.66,24.66,24.66,24.66,24.66,24.66,24.66,24.66,24.66,24.66,24.66,24.66,24.66,24.66,24.66,24.66,24.66,24.66,24.66,24.66,24.66,24.66,24.66,24.66,24.66,24.66,24.66,24.66,24.66,24.66,24.66,0,0,0,0,0,0,0,0,0,0,0,0,0,0,0,0],
[0,0,0,0,0,0,0,0,0,0,0,0,0,0,0,24.66,24.66,24.66,24.66,24.66,24.66,24.66,24.66,24.66,24.66,24.66,24.66,24.66,24.66,24.66,24.66,24.66,24.66,24.66,24.66,24.66,24.66,24.66,24.66,24.66,24.66,24.66,24.66,24.66,24.66,24.66,0,0,0,0,0,0,0,0,0,25.50,25.50,25.50,25.50,25.50,25.50,25.50,25.50,25.50,25.50,25.50,25.50,25.50,25.50,25.50,25.50,25.50,25.50,25.50,25.50,25.50,25.50,25.50,25.50,25.50,25.50,25.50,25.50,25.50,25.50,25.50,25.50,25.50,25.50,25.50,25.50,25.50,25.50,25.50,25.50,0,0,0,0,0,0,0,0,0,24.66,24.66,24.66,24.66,24.66,24.66,24.66,24.66,24.66,24.66,24.66,24.66,24.66,24.66,24.66,24.66,24.66,24.66,24.66,24.66,24.66,24.66,24.66,24.66,24.66,24.66,24.66,24.66,24.66,24.66,24.66,0,0,0,0,0,0,0,0,0,0,0,0,0,0,0],
[0,0,0,0,0,0,0,0,0,0,0,0,0,0,24.66,24.66,24.66,24.66,24.66,24.66,24.66,24.66,24.66,24.66,24.66,24.66,24.66,24.66,24.66,24.66,24.66,24.66,24.66,24.66,24.66,24.66,24.66,24.66,24.66,24.66,24.66,24.66,24.66,24.66,24.66,0,0,0,0,0,0,0,0,0,0,0,0,0,25.50,25.50,25.50,25.50,25.50,25.50,25.50,25.50,25.50,25.50,25.50,25.50,25.50,25.50,25.50,25.50,25.50,25.50,25.50,25.50,25.50,25.50,25.50,25.50,25.50,25.50,25.50,25.50,25.50,25.50,25.50,25.50,25.50,25.50,0,0,0,0,0,0,0,0,0,0,0,0,0,24.66,24.66,24.66,24.66,24.66,24.66,24.66,24.66,24.66,24.66,24.66,24.66,24.66,24.66,24.66,24.66,24.66,24.66,24.66,24.66,24.66,24.66,24.66,24.66,24.66,24.66,24.66,24.66,24.66,24.66,24.66,0,0,0,0,0,0,0,0,0,0,0,0,0,0],
[0,0,0,0,0,0,0,0,0,0,0,0,0,0,24.66,24.66,24.66,24.66,24.66,24.66,24.66,24.66,24.66,24.66,24.66,24.66,24.66,24.66,24.66,24.66,24.66,24.66,24.66,24.66,24.66,24.66,24.66,24.66,24.66,24.66,24.66,24.66,24.66,24.66,0,0,0,0,0,0,0,0,0,0,0,0,0,0,0,0,0,0,25.50,25.50,25.50,25.50,25.50,25.50,25.50,25.50,25.50,25.50,25.50,25.50,25.50,25.50,25.50,25.50,25.50,25.50,25.50,25.50,25.50,25.50,25.50,25.50,25.50,25.50,0,0,0,0,0,0,0,0,0,0,0,0,0,0,0,0,0,0,24.66,24.66,24.66,24.66,24.66,24.66,24.66,24.66,24.66,24.66,24.66,24.66,24.66,24.66,24.66,24.66,24.66,24.66,24.66,24.66,24.66,24.66,24.66,24.66,24.66,24.66,24.66,24.66,24.66,24.66,24.66,0,0,0,0,0,0,0,0,0,0,0,0,0],
[0,0,0,0,0,0,0,0,0,0,0,0,0,0,24.66,24.66,24.66,24.66,24.66,24.66,24.66,24.66,24.66,24.66,24.66,24.66,24.66,24.66,24.66,24.66,24.66,24.66,24.66,24.66,24.66,24.66,24.66,24.66,24.66,24.66,24.66,24.66,24.66,0,0,0,0,0,0,0,0,0,0,0,0,0,0,0,0,0,0,0,0,0,0,0,0,25.50,25.50,25.50,25.50,25.50,25.50,25.50,25.50,25.50,25.50,25.50,25.50,25.50,25.50,25.50,25.50,0,0,0,0,0,0,0,0,0,0,0,0,0,0,0,0,0,0,0,0,0,0,0,0,24.66,24.66,24.66,24.66,24.66,24.66,24.66,24.66,24.66,24.66,24.66,24.66,24.66,24.66,24.66,24.66,24.66,24.66,24.66,24.66,24.66,24.66,24.66,24.66,24.66,24.66,24.66,24.66,24.66,24.66,0,0,0,0,0,0,0,0,0,0,0,0,0],
[0,0,0,0,0,0,0,0,0,0,0,0,0,0,24.45,24.60,24.66,24.66,24.66,24.66,24.66,24.66,24.66,24.66,24.66,0,24.66,24.66,24.66,24.66,24.66,24.66,24.66,24.66,24.66,24.66,24.66,24.66,24.66,24.66,24.66,24.66,0,0,0,0,0,0,0,0,0,0,0,0,0,0,0,0,0,0,0,0,0,0,0,0,0,0,0,0,0,0,0,0,0,0,0,0,0,0,0,0,0,0,0,0,0,0,0,0,0,0,0,0,0,0,0,0,0,0,0,0,0,0,0,0,0,0,24.66,24.66,24.66,24.66,24.66,24.66,24.66,24.66,24.66,24.66,24.66,24.66,24.66,24.66,24.66,24.66,24.66,24.66,24.66,24.66,24.66,24.66,24.66,24.66,24.66,24.66,24.66,24.52,24.25,0,0,0,0,0,0,0,0,0,0,0,0,0],
[0,0,0,0,0,0,0,0,0,0,0,0,0,23.85,24.15,24.45,24.60,24.66,24.66,24.66,24.66,24.66,24.66,24.66,0,0,0,24.66,24.66,24.66,24.66,24.66,24.66,24.66,24.66,24.66,24.66,24.66,24.66,24.66,24.66,0,0,0,0,0,0,0,0,0,0,0,0,0,0,0,0,0,0,0,0,0,0,0,0,0,0,0,0,0,0,0,0,0,0,0,0,0,0,0,0,0,0,0,0,0,0,0,0,0,0,0,0,0,0,0,0,0,0,0,0,0,0,0,0,0,0,0,0,24.66,24.66,24.66,24.66,24.66,24.66,24.66,24.66,24.66,24.66,24.66,24.66,24.66,24.66,24.66,0,0,24.66,24.66,24.66,24.66,24.66,24.66,24.66,24.66,24.54,24.27,23.97,23.70,0,0,0,0,0,0,0,0,0,0,0,0],
[0,0,0,0,0,0,0,0,0,0,0,0,23.25,23.55,23.85,24.15,24.45,24.60,24.66,24.66,24.66,24.66,24.66,0,0,0,0,0,24.66,24.66,24.66,24.66,24.66,24.66,24.66,24.66,24.66,24.66,24.66,24.66,0,0,0,0,0,0,0,0,0,0,0,0,0,0,0,0,0,0,0,0,0,0,0,0,0,0,0,0,0,0,0,0,0,0,0,0,0,0,0,0,0,0,0,0,0,0,0,0,0,0,0,0,0,0,0,0,0,0,0,0,0,0,0,0,0,0,0,0,0,0,24.66,24.66,24.66,24.66,24.66,24.66,24.66,24.66,24.66,24.66,24.66,24.66,24.66,0,0,0,0,24.66,24.66,24.66,24.66,24.66,24.66,24.53,24.31,24.02,23.72,23.42,23.15,0,0,0,0,0,0,0,0,0,0,0],
[0,0,0,0,0,22.50,22.50,22.50,0,0,22.50,22.50,22.95,23.25,23.55,23.85,24.15,24.45,24.60,24.66,24.66,24.66,0,0,0,0,0,0,0,24.66,24.66,24.66,24.66,24.66,24.66,24.66,24.66,24.66,24.66,0,0,0,0,0,0,0,0,0,0,0,0,0,0,0,0,0,0,0,0,0,0,0,0,0,0,0,0,0,0,0,0,0,0,0,0,0,0,0,0,0,0,0,0,0,0,0,0,0,0,0,0,0,0,0,0,0,0,0,0,0,0,0,0,0,0,0,0,0,0,0,0,24.66,24.66,24.66,24.66,24.66,24.66,24.66,24.66,24.66,24.66,24.66,0,0,0,0,0,0,24.66,24.66,24.66,24.66,24.52,24.30,24.06,23.76,23.47,23.17,22.87,22.62,0,0,22.50,22.50,22.50,0,0,0,0,0],
[0,0,0,0,22.50,22.50,22.50,22.50,22.50,22.50,22.50,22.50,22.50,22.95,23.25,23.55,23.85,24.15,24.45,24.66,24.66,0,0,0,0,0,0,0,0,0,24.66,24.66,24.66,24.66,24.66,24.66,24.66,24.66,0,0,0,0,0,0,0,0,0,0,0,0,0,0,0,0,0,0,0,0,0,0,0,0,0,0,0,0,0,0,0,0,0,0,0,0,0,0,0,0,0,0,0,0,0,0,0,0,0,0,0,0,0,0,0,0,0,0,0,0,0,0,0,0,0,0,0,0,0,0,0,0,0,0,24.66,24.66,24.66,24.66,24.66,24.66,24.66,24.66,24.66,0,0,0,0,0,0,0,0,24.66,24.66,24.66,24.22,24.00,23.78,23.46,23.16,22.86,22.61,22.50,22.50,22.50,22.50,22.50,22.50,22.50,22.50,0,0,0],
[0,0,0,22.50,22.50,22.50,22.50,22.50,22.50,22.50,22.50,22.50,22.50,22.50,22.95,23.25,23.55,23.85,0,0,0,0,0,0,0,0,0,0,0,0,0,24.66,24.66,24.66,24.66,24.66,24.66,0,0,0,0,0,0,0,0,0,0,0,0,0,0,0,0,0,0,0,0,0,0,0,0,0,0,0,0,0,0,0,0,0,0,0,0,0,0,0,0,0,0,0,0,0,0,0,0,0,0,0,0,0,0,0,0,0,0,0,0,0,0,0,0,0,0,0,0,0,0,0,0,0,0,0,0,24.66,24.66,24.66,24.66,24.66,24.66,24.66,0,0,0,0,0,0,0,0,0,0,0,0,23.96,23.69,23.47,23.16,22.84,22.61,22.50,22.50,22.50,22.50,22.50,22.50,22.50,22.50,22.50,0,0,0],
[0,0,0,22.50,22.50,22.50,22.50,22.50,22.50,22.50,22.50,22.50,22.50,22.50,22.50,22.95,23.25,0,0,0,0,0,0,0,0,0,0,0,0,0,0,0,24.66,24.66,24.66,24.66,0,0,0,0,0,0,0,0,0,0,0,0,0,0,0,0,0,0,0,0,0,0,0,0,0,0,0,0,0,0,0,0,0,0,0,0,0,0,0,0,0,0,0,0,0,0,0,0,0,0,0,0,0,0,0,0,0,0,0,0,0,0,0,0,0,0,0,0,0,0,0,0,0,0,0,0,0,0,24.66,24.66,24.66,24.66,24.66,0,0,0,0,0,0,0,0,0,0,0,0,0,0,0,23.17,22.89,22.63,22.50,22.50,22.50,22.50,22.50,22.50,22.50,22.50,22.50,22.50,22.50,0,0],
[0,0,22.50,22.50,22.50,22.50,22.50,22.50,22.50,22.50,22.50,22.50,22.50,22.50,22.50,22.65,0,0,0,0,0,0,0,0,0,0,0,0,0,0,0,0,0,24.66,24.66,0,0,0,0,0,0,0,0,0,0,0,0,0,0,0,0,0,0,0,0,0,0,0,0,0,0,0,0,0,0,0,0,0,0,0,0,0,0,0,0,0,0,0,0,0,0,0,0,0,0,0,0,0,0,0,0,0,0,0,0,0,0,0,0,0,0,0,0,0,0,0,0,0,0,0,0,0,0,0,0,24.66,24.66,24.66,0,0,0,0,0,0,0,0,0,0,0,0,0,0,0,0,22.90,22.66,22.50,22.50,22.50,22.50,22.50,22.50,22.50,22.50,22.50,22.50,22.50,22.50,0,0],
[0,0,0,22.50,22.50,22.50,22.50,22.50,22.50,22.50,22.50,22.50,22.50,22.50,22.50,0,0,0,0,0,0,0,0,0,0,0,0,0,0,0,0,0,0,0,0,0,0,0,0,0,0,0,0,0,0,0,0,0,0,0,0,0,0,0,0,0,0,0,0,0,0,0,0,0,0,0,0,0,0,0,0,0,0,0,0,0,0,0,0,0,0,0,0,0,0,0,0,0,0,0,0,0,0,0,0,0,0,0,0,0,0,0,0,0,0,0,0,0,0,0,0,0,0,0,0,0,0,0,0,0,0,0,0,0,0,0,0,0,0,0,0,0,0,0,0,22.50,22.50,22.50,22.50,22.50,22.50,22.50,22.50,22.50,22.50,22.50,22.50,0,0,0],
[0,0,0,0,22.50,22.50,22.50,22.50,22.50,22.50,22.50,22.50,22.50,22.50,22.50,0,0,0,0,0,0,0,0,0,0,0,0,0,0,0,0,0,0,0,0,0,0,0,0,0,0,0,0,0,0,0,0,0,0,0,0,0,0,0,0,0,0,0,0,0,0,0,0,0,0,0,0,0,0,0,0,0,0,0,0,0,0,0,0,0,0,0,0,0,0,0,0,0,0,0,0,0,0,0,0,0,0,0,0,0,0,0,0,0,0,0,0,0,0,0,0,0,0,0,0,0,0,0,0,0,0,0,0,0,0,0,0,0,0,0,0,0,0,0,0,22.50,22.50,22.50,22.50,22.50,22.50,22.50,22.50,22.50,22.50,22.50,22.50,0,0,0],
[0,0,0,22.50,22.50,22.50,22.50,22.50,22.50,22.50,22.50,22.50,22.50,22.50,22.50,22.50,0,0,0,0,0,0,0,0,0,0,0,0,0,0,0,0,0,0,0,0,0,0,0,0,0,0,0,0,0,0,0,0,0,0,0,0,0,0,0,0,0,0,0,0,0,0,0,0,0,0,0,0,0,0,0,0,0,0,0,0,0,0,0,0,0,0,0,0,0,0,0,0,0,0,0,0,0,0,0,0,0,0,0,0,0,0,0,0,0,0,0,0,0,0,0,0,0,0,0,0,0,0,0,0,0,0,0,0,0,0,0,0,0,0,0,0,0,0,0,22.50,22.50,22.50,22.50,22.50,22.50,22.50,22.50,22.50,22.50,22.50,22.50,0,0,0],
[0,0,22.50,22.50,22.50,22.50,22.50,22.50,22.50,22.50,22.50,22.50,22.50,22.50,22.50,22.50,0,0,0,0,0,0,0,0,0,0,0,0,0,0,0,0,0,0,0,0,0,0,0,0,0,0,0,0,0,0,0,0,0,0,0,0,0,0,0,0,0,0,0,0,0,0,0,0,0,0,0,0,0,0,0,0,0,0,0,0,0,0,0,0,0,0,0,0,0,0,0,0,0,0,0,0,0,0,0,0,0,0,0,0,0,0,0,0,0,0,0,0,0,0,0,0,0,0,0,0,0,0,0,0,0,0,0,0,0,0,0,0,0,0,0,0,0,0,22.50,22.50,22.50,22.50,22.50,22.50,22.50,22.50,22.50,22.50,22.50,22.50,22.50,22.50,0,0],
[0,0,0,22.50,22.50,22.50,22.50,22.50,22.50,22.50,22.50,22.50,22.50,22.50,22.50,22.50,0,0,0,0,0,0,0,0,0,0,0,0,0,0,0,0,0,0,0,0,0,0,0,0,0,0,0,0,0,0,0,0,0,0,0,0,0,0,0,0,0,0,0,0,0,0,0,0,0,0,0,0,0,0,0,0,0,0,0,0,0,0,0,0,0,0,0,0,0,0,0,0,0,0,0,0,0,0,0,0,0,0,0,0,0,0,0,0,0,0,0,0,0,0,0,0,0,0,0,0,0,0,0,0,0,0,0,0,0,0,0,0,0,0,0,0,0,0,0,22.50,22.50,22.50,22.50,22.50,22.50,22.50,22.50,22.50,22.50,22.50,22.50,22.50,0,0],
[0,0,0,22.50,22.50,22.50,22.50,22.50,22.50,22.50,22.50,22.50,22.50,22.50,22.50,0,0,0,0,0,0,0,0,0,0,0,0,0,0,0,0,0,0,0,0,0,0,0,0,0,0,0,0,0,0,0,0,0,0,0,0,0,0,0,0,0,0,0,0,0,0,0,0,0,0,0,0,0,0,0,0,0,0,0,0,0,0,0,0,0,0,0,0,0,0,0,0,0,0,0,0,0,0,0,0,0,0,0,0,0,0,0,0,0,0,0,0,0,0,0,0,0,0,0,0,0,0,0,0,0,0,0,0,0,0,0,0,0,0,0,0,0,0,0,0,22.50,22.50,22.50,22.50,22.50,22.50,22.50,22.50,22.50,22.50,22.50,22.50,0,0,0],
[0,0,0,0,22.50,22.50,22.50,22.50,22.50,22.50,22.50,22.50,22.50,22.50,22.50,0,0,0,0,0,0,0,0,0,0,0,0,0,0,0,0,0,0,0,0,0,0,0,0,0,0,0,0,0,0,0,0,0,0,0,0,0,0,0,0,0,0,0,0,0,0,0,0,0,0,0,0,0,0,0,0,0,0,0,0,0,0,0,0,0,0,0,0,0,0,0,0,0,0,0,0,0,0,0,0,0,0,0,0,0,0,0,0,0,0,0,0,0,0,0,0,0,0,0,0,0,0,0,0,0,0,0,0,0,0,0,0,0,0,0,0,0,0,0,0,0,22.50,22.50,22.50,22.50,22.50,22.50,22.50,22.50,22.50,22.50,22.50,0,0,0],
[0,0,0,0,0,0,22.50,22.50,0,0,22.50,22.50,22.50,0,0,0,0,0,0,0,0,0,0,0,0,0,0,0,0,0,0,0,0,0,0,0,0,0,0,0,0,0,0,0,0,0,0,0,0,0,0,0,0,0,0,0,0,0,0,0,0,0,0,0,0,0,0,0,0,0,0,0,0,0,0,0,0,0,0,0,0,0,0,0,0,0,0,0,0,0,0,0,0,0,0,0,0,0,0,0,0,0,0,0,0,0,0,0,0,0,0,0,0,0,0,0,0,0,0,0,0,0,0,0,0,0,0,0,0,0,0,0,0,0,0,0,0,22.50,22.50,22.50,22.50,0,22.50,22.50,22.50,0,0,0,0,0],
[0,0,0,0,0,0,0,0,0,0,0,0,0,0,0,0,0,0,0,0,0,0,0,0,0,0,0,0,0,0,0,0,0,0,0,0,0,0,0,0,0,0,0,0,0,0,0,0,0,0,0,0,0,0,0,0,0,0,0,0,0,0,0,0,0,0,0,0,0,0,0,0,0,0,0,0,0,0,0,0,0,0,0,0,0,0,0,0,0,0,0,0,0,0,0,0,0,0,0,0,0,0,0,0,0,0,0,0,0,0,0,0,0,0,0,0,0,0,0,0,0,0,0,0,0,0,0,0,0,0,0,0,0,0,0,0,0,0,0,22.50,0,0,0,0,0,0,0,0,0,0],
[0,0,0,0,0,0,0,0,0,0,0,0,0,0,0,0,0,0,0,0,0,0,0,0,0,0,0,0,0,0,0,0,0,0,0,0,0,0,0,0,0,0,0,0,0,0,0,0,0,0,0,0,0,0,0,0,0,0,0,0,0,0,0,0,0,0,0,0,0,0,0,0,0,0,0,0,0,0,0,0,0,0,0,0,0,0,0,0,0,0,0,0,0,0,0,0,0,0,0,0,0,0,0,0,0,0,0,0,0,0,0,0,0,0,0,0,0,0,0,0,0,0,0,0,0,0,0,0,0,0,0,0,0,0,0,0,0,0,0,0,0,0,0,0,0,0,0,0,0,0],
[0,0,0,0,0,0,0,0,0,0,0,0,0,0,0,0,0,0,0,0,0,0,0,0,0,0,0,0,0,0,0,0,0,0,0,0,0,0,0,0,0,0,0,0,0,0,0,0,0,0,0,0,0,0,0,0,0,0,0,0,0,0,0,0,0,0,0,0,0,0,0,0,0,0,0,0,0,0,0,0,0,0,0,0,0,0,0,0,0,0,0,0,0,0,0,0,0,0,0,0,0,0,0,0,0,0,0,0,0,0,0,0,0,0,0,0,0,0,0,0,0,0,0,0,0,0,0,0,0,0,0,0,0,0,0,0,0,0,0,0,0,0,0,0,0,0,0,0,0,0],
[0,0,0,0,0,0,0,0,0,0,0,0,0,0,0,0,0,0,0,0,0,0,0,0,0,0,0,0,0,0,0,0,0,0,0,0,0,0,0,0,0,0,0,0,0,0,0,0,0,0,0,0,0,0,0,0,0,0,0,0,0,0,0,0,0,0,0,0,0,0,0,0,0,0,0,0,0,0,0,0,0,0,0,0,0,0,0,0,0,0,0,0,0,0,0,0,0,0,0,0,0,0,0,0,0,0,0,0,0,0,0,0,0,0,0,0,0,0,0,0,0,0,0,0,0,0,0,0,0,0,0,0,0,0,0,0,0,0,0,0,0,0,0,0,0,0,0,0,0,0],
[0,0,0,0,0,0,0,0,0,0,0,0,0,0,0,0,0,0,0,0,0,0,0,0,0,0,0,0,0,0,0,0,0,0,0,0,0,0,0,0,0,0,0,0,0,0,0,0,0,0,0,0,0,0,0,0,0,0,0,0,0,0,0,0,0,0,0,0,0,0,0,0,0,0,0,0,0,0,0,0,0,0,0,0,0,0,0,0,0,0,0,0,0,0,0,0,0,0,0,0,0,0,0,0,0,0,0,0,0,0,0,0,0,0,0,0,0,0,0,0,0,0,0,0,0,0,0,0,0,0,0,0,0,0,0,0,0,0,0,0,0,0,0,0,0,0,0,0,0,0],
[0,0,0,0,0,0,0,0,0,0,0,0,0,0,0,0,0,0,0,0,0,0,0,0,0,0,0,0,0,0,0,0,0,0,0,0,0,0,0,0,0,0,0,0,0,0,0,0,0,0,0,0,0,0,0,0,0,0,0,0,0,0,0,0,0,0,0,0,0,0,0,0,0,0,0,0,0,0,0,0,0,0,0,0,0,0,0,0,0,0,0,0,0,0,0,0,0,0,0,0,0,0,0,0,0,0,0,0,0,0,0,0,0,0,0,0,0,0,0,0,0,0,0,0,0,0,0,0,0,0,0,0,0,0,0,0,0,0,0,0,0,0,0,0,0,0,0,0,0,0],
[0,0,0,0,0,0,0,0,0,0,0,0,0,0,0,0,0,0,0,0,0,0,0,0,0,0,0,0,0,0,0,0,0,0,0,0,0,0,0,0,0,0,0,0,0,0,0,0,0,0,0,0,0,0,0,0,0,0,0,0,0,0,0,0,0,0,0,0,0,0,0,0,0,0,0,0,0,0,0,0,0,0,0,0,0,0,0,0,0,0,0,0,0,0,0,0,0,0,0,0,0,0,0,0,0,0,0,0,0,0,0,0,0,0,0,0,0,0,0,0,0,0,0,0,0,0,0,0,0,0,0,0,0,0,0,0,0,0,0,0,0,0,0,0,0,0,0,0,0,0],
[0,0,0,0,0,0,0,0,0,0,0,0,0,0,0,0,0,0,0,0,0,0,0,0,0,0,0,0,0,0,0,0,0,0,0,0,0,0,0,0,0,0,0,0,0,0,0,0,0,0,0,0,0,0,0,0,0,0,0,0,0,0,0,0,0,0,0,0,0,0,0,0,0,0,0,0,0,0,0,0,0,0,0,0,0,0,0,0,0,0,0,0,0,0,0,0,0,0,0,0,0,0,0,0,0,0,0,0,0,0,0,0,0,0,0,0,0,0,0,0,0,0,0,0,0,0,0,0,0,0,0,0,0,0,0,0,0,0,0,0,0,0,0,0,0,0,0,0,0,0],
[0,0,0,0,0,0,0,0,0,0,0,0,0,0,0,0,0,0,0,0,0,0,0,0,0,0,0,0,0,0,0,0,0,0,0,0,0,0,0,0,0,0,0,0,0,0,0,0,0,0,0,0,0,0,0,0,0,0,0,0,0,0,0,0,0,0,0,0,0,0,0,0,0,0,0,0,0,0,0,0,0,0,0,0,0,0,0,0,0,0,0,0,0,0,0,0,0,0,0,0,0,0,0,0,0,0,0,0,0,0,0,0,0,0,0,0,0,0,0,0,0,0,0,0,0,0,0,0,0,0,0,0,0,0,0,0,0,0,0,0,0,0,0,0,0,0,0,0,0,0],
[0,0,0,0,0,0,0,0,0,0,0,0,0,0,0,0,0,0,0,0,0,0,0,0,0,0,0,0,0,0,0,0,0,0,0,0,0,0,0,0,0,0,0,0,0,0,0,0,0,0,0,0,0,0,0,0,0,0,0,0,0,0,0,0,0,0,0,0,0,0,0,0,0,0,0,0,0,0,0,0,0,0,0,0,0,0,0,0,0,0,0,0,0,0,0,0,0,0,0,0,0,0,0,0,0,0,0,0,0,0,0,0,0,0,0,0,0,0,0,0,0,0,0,0,0,0,0,0,0,0,0,0,0,0,0,0,0,0,0,0,0,0,0,0,0,0,0,0,0,0],
[0,0,0,0,0,0,0,0,0,0,0,0,0,0,0,0,0,0,0,0,0,0,0,0,0,0,0,0,0,0,0,0,0,0,0,0,0,0,0,0,0,0,0,0,0,0,0,0,0,0,0,0,0,0,0,0,0,0,0,0,0,0,0,0,0,0,0,0,0,0,0,0,0,0,0,0,0,0,0,0,0,0,0,0,0,0,0,0,0,0,0,0,0,0,0,0,0,0,0,0,0,0,0,0,0,0,0,0,0,0,0,0,0,0,0,0,0,0,0,0,0,0,0,0,0,0,0,0,0,0,0,0,0,0,0,0,0,0,0,0,0,0,0,0,0,0,0,0,0,0],
[0,0,0,0,0,0,0,0,0,0,0,0,0,0,0,0,0,0,0,0,0,0,0,0,0,0,0,0,0,0,0,0,0,0,0,0,0,0,0,0,0,0,0,0,0,0,0,0,0,0,0,0,0,0,0,0,0,0,0,0,0,0,0,0,0,0,0,0,0,0,0,0,0,0,0,0,0,0,0,0,0,0,0,0,0,0,0,0,0,0,0,0,0,0,0,0,0,0,0,0,0,0,0,0,0,0,0,0,0,0,0,0,0,0,0,0,0,0,0,0,0,0,0,0,0,0,0,0,0,0,0,0,0,0,0,0,0,0,0,0,0,0,0,0,0,0,0,0,0,0],
[0,0,0,0,0,0,0,0,0,0,0,0,0,0,0,0,0,0,0,0,0,0,0,0,0,0,0,0,0,0,0,0,0,0,0,0,0,0,0,0,0,0,0,0,0,0,0,0,0,0,0,0,0,0,0,0,0,0,0,0,0,0,0,0,0,0,0,0,0,0,0,0,0,0,0,0,0,0,0,0,0,0,0,0,0,0,0,0,0,0,0,0,0,0,0,0,0,0,0,0,0,0,0,0,0,0,0,0,0,0,0,0,0,0,0,0,0,0,0,0,0,0,0,0,0,0,0,0,0,0,0,0,0,0,0,0,0,0,0,0,0,0,0,0,0,0,0,0,0,0],
[0,0,0,0,0,0,0,0,0,0,0,0,0,0,0,0,0,0,0,0,0,0,0,0,0,0,0,0,0,0,0,0,0,0,0,0,0,0,0,0,0,0,0,0,0,0,0,0,0,0,0,0,0,0,0,0,0,0,0,0,0,0,0,0,0,0,0,0,0,0,0,0,0,0,0,0,0,0,0,0,0,0,0,0,0,0,0,0,0,0,0,0,0,0,0,0,0,0,0,0,0,0,0,0,0,0,0,0,0,0,0,0,0,0,0,0,0,0,0,0,0,0,0,0,0,0,0,0,0,0,0,0,0,0,0,0,0,0,0,0,0,0,0,0,0,0,0,0,0,0],
[0,0,0,0,0,0,0,0,0,0,0,0,0,0,0,0,0,0,0,0,0,0,0,0,0,0,0,0,0,0,0,0,0,0,0,0,0,0,0,0,0,0,0,0,0,0,0,0,0,0,0,0,0,0,0,0,0,0,0,0,0,0,0,0,0,0,0,0,0,0,0,0,0,0,0,0,0,0,0,0,0,0,0,0,0,0,0,0,0,0,0,0,0,0,0,0,0,0,0,0,0,0,0,0,0,0,0,0,0,0,0,0,0,0,0,0,0,0,0,0,0,0,0,0,0,0,0,0,0,0,0,0,0,0,0,0,0,0,0,0,0,0,0,0,0,0,0,0,0,0],
[0,0,0,0,0,0,0,0,0,0,0,0,0,0,0,0,0,0,0,0,0,0,0,0,0,0,0,0,0,0,0,0,0,0,0,0,0,0,0,0,0,0,0,0,0,0,0,0,0,0,0,0,0,0,0,0,0,0,0,0,0,0,0,0,0,0,0,0,0,0,0,0,0,0,0,0,0,0,0,0,0,0,0,0,0,0,0,0,0,0,0,0,0,0,0,0,0,0,0,0,0,0,0,0,0,0,0,0,0,0,0,0,0,0,0,0,0,0,0,0,0,0,0,0,0,0,0,0,0,0,0,0,0,0,0,0,0,0,0,0,0,0,0,0,0,0,0,0,0,0],
[0,0,0,0,0,0,0,0,0,0,0,0,0,0,0,0,0,0,0,0,0,0,0,0,0,0,0,0,0,0,0,0,0,0,0,0,0,0,0,0,0,0,0,0,0,0,0,0,0,0,0,0,0,0,0,0,0,0,0,0,0,0,0,0,0,0,0,0,0,0,0,0,0,0,0,0,0,0,0,0,0,0,0,0,0,0,0,0,0,0,0,0,0,0,0,0,0,0,0,0,0,0,0,0,0,0,0,0,0,0,0,0,0,0,0,0,0,0,0,0,0,0,0,0,0,0,0,0,0,0,0,0,0,0,0,0,0,0,0,0,0,0,0,0,0,0,0,0,0,0],
[0,0,0,0,0,0,0,0,0,0,0,0,0,0,0,0,0,0,0,0,0,0,0,0,0,0,0,0,0,0,0,0,0,0,0,0,0,0,0,0,0,0,0,0,0,0,0,0,0,0,0,0,0,0,0,0,0,0,0,0,0,0,0,0,0,0,0,0,0,0,0,0,0,0,0,0,0,0,0,0,0,0,0,0,0,0,0,0,0,0,0,0,0,0,0,0,0,0,0,0,0,0,0,0,0,0,0,0,0,0,0,0,0,0,0,0,0,0,0,0,0,0,0,0,0,0,0,0,0,0,0,0,0,0,0,0,0,0,0,0,0,0,0,0,0,0,0,0,0,0],
[0,0,0,0,0,0,0,0,0,0,0,0,0,0,0,0,0,0,0,0,0,0,0,0,0,0,0,0,0,0,0,0,0,0,0,0,0,0,0,0,0,0,0,0,0,0,0,0,0,0,0,0,0,0,0,0,0,0,0,0,0,0,0,0,0,0,0,0,0,0,0,0,0,0,0,0,0,0,0,0,0,0,0,0,0,0,0,0,0,0,0,0,0,0,0,0,0,0,0,0,0,0,0,0,0,0,0,0,0,0,0,0,0,0,0,0,0,0,0,0,0,0,0,0,0,0,0,0,0,0,0,0,0,0,0,0,0,0,0,0,0,0,0,0,0,0,0,0,0,0],
[0,0,0,0,0,0,0,0,0,0,0,0,0,0,0,0,0,0,0,0,0,0,0,0,0,0,0,0,0,0,0,0,0,0,0,0,0,0,0,0,0,0,0,0,0,0,0,0,0,0,0,0,0,0,0,0,0,0,0,0,0,0,0,0,0,0,0,0,0,0,0,0,0,0,0,0,0,0,0,0,0,0,0,0,0,0,0,0,0,0,0,0,0,0,0,0,0,0,0,0,0,0,0,0,0,0,0,0,0,0,0,0,0,0,0,0,0,0,0,0,0,0,0,0,0,0,0,0,0,0,0,0,0,0,0,0,0,0,0,0,0,0,0,0,0,0,0,0,0,0],
[0,0,0,0,0,0,0,0,0,0,0,0,0,0,0,0,0,0,0,0,0,0,0,0,0,0,0,0,0,0,0,0,0,0,0,0,0,0,0,0,0,0,0,0,0,0,0,0,0,0,0,0,0,0,0,0,0,0,0,0,0,0,0,0,0,0,0,0,0,0,0,0,0,0,0,0,0,0,0,0,0,0,0,0,0,0,0,0,0,0,0,0,0,0,0,0,0,0,0,0,0,0,0,0,0,0,0,0,0,0,0,0,0,0,0,0,0,0,0,0,0,0,0,0,0,0,0,0,0,0,0,0,0,0,0,0,0,0,0,0,0,0,0,0,0,0,0,0,0,0],
[0,0,0,0,0,0,0,0,0,0,0,0,0,0,0,0,0,0,0,0,0,0,0,0,0,0,0,0,0,0,0,0,0,0,0,0,0,0,0,0,0,0,0,0,0,0,0,0,0,0,0,0,0,0,0,0,0,0,0,0,0,0,0,0,0,0,0,0,0,0,0,0,0,0,0,0,0,0,0,0,0,0,0,0,0,0,0,0,0,0,0,0,0,0,0,0,0,0,0,0,0,0,0,0,0,0,0,0,0,0,0,0,0,0,0,0,0,0,0,0,0,0,0,0,0,0,0,0,0,0,0,0,0,0,0,0,0,0,0,0,0,0,0,0,0,0,0,0,0,0],
[0,0,0,0,0,0,0,0,0,0,0,0,0,0,0,0,0,0,0,0,0,0,0,0,0,0,0,0,0,0,0,0,0,0,0,0,0,0,0,0,0,0,0,0,0,0,0,0,0,0,0,0,0,0,0,0,0,0,0,0,0,0,0,0,0,0,0,0,0,0,0,0,0,0,0,0,0,0,0,0,0,0,0,0,0,0,0,0,0,0,0,0,0,0,0,0,0,0,0,0,0,0,0,0,0,0,0,0,0,0,0,0,0,0,0,0,0,0,0,0,0,0,0,0,0,0,0,0,0,0,0,0,0,0,0,0,0,0,0,0,0,0,0,0,0,0,0,0,0,0],
[0,0,0,0,0,0,0,0,0,0,0,0,0,0,0,0,0,0,0,0,0,0,0,0,0,0,0,0,0,0,0,0,0,0,0,0,0,0,0,0,0,0,0,0,0,0,0,0,0,0,0,0,0,0,0,0,0,0,0,0,0,0,0,0,0,0,0,0,0,0,0,0,0,0,0,0,0,0,0,0,0,0,0,0,0,0,0,0,0,0,0,0,0,0,0,0,0,0,0,0,0,0,0,0,0,0,0,0,0,0,0,0,0,0,0,0,0,0,0,0,0,0,0,0,0,0,0,0,0,0,0,0,0,0,0,0,0,0,0,0,0,0,0,0,0,0,0,0,0,0],
[0,0,0,0,0,0,0,0,0,0,0,0,0,0,0,0,0,0,0,0,0,0,0,0,0,0,0,0,0,0,0,0,0,0,0,0,0,0,0,0,0,0,0,0,0,0,0,0,0,0,0,0,0,0,0,0,0,0,0,0,0,0,0,0,0,0,0,0,0,0,0,0,0,0,0,0,0,0,0,0,0,0,0,0,0,0,0,0,0,0,0,0,0,0,0,0,0,0,0,0,0,0,0,0,0,0,0,0,0,0,0,0,0,0,0,0,0,0,0,0,0,0,0,0,0,0,0,0,0,0,0,0,0,0,0,0,0,0,0,0,0,0,0,0,0,0,0,0,0,0],
[0,0,0,0,0,0,0,0,0,0,0,0,0,0,0,0,0,0,0,0,0,0,0,0,0,0,0,0,0,0,0,0,0,0,0,0,0,0,0,0,0,0,0,0,0,0,0,0,0,0,0,0,0,0,0,0,0,0,0,0,0,0,0,0,0,0,0,0,0,0,0,0,0,0,0,0,0,0,0,0,0,0,0,0,0,0,0,0,0,0,0,0,0,0,0,0,0,0,0,0,0,0,0,0,0,0,0,0,0,0,0,0,0,0,0,0,0,0,0,0,0,0,0,0,0,0,0,0,0,0,0,0,0,0,0,0,0,0,0,0,0,0,0,0,0,0,0,0,0,0],
[0,0,0,0,0,0,0,0,0,0,0,0,0,0,0,0,0,0,0,0,0,0,0,0,0,0,0,0,0,0,0,0,0,0,0,0,0,0,0,0,0,0,0,0,0,0,0,0,0,0,0,0,0,0,0,0,0,0,0,0,0,0,0,0,0,0,0,0,0,0,0,0,0,0,0,0,0,0,0,0,0,0,0,0,0,0,0,0,0,0,0,0,0,0,0,0,0,0,0,0,0,0,0,0,0,0,0,0,0,0,0,0,0,0,0,0,0,0,0,0,0,0,0,0,0,0,0,0,0,0,0,0,0,0,0,0,0,0,0,0,0,0,0,0,0,0,0,0,0,0]]