[[0,0,0,0,0,0,0,0,0,0,0,0,0,0,0,0,0,0,0,0,0,0,0,0,0,0,0,0,0,0,0,0,0,0,0,0,0,0,0,0],
[0,0,0,0,0,0,0,0,0,0,0,0,0,0,0,0,0,0,0,0,0,0,0,0,0,0,0,0,0,0,0,0,0,0,0,0,0,0,0,0],
[0,0,0,0,0,0,0,0,0,0,0,0,0,0,0,0,0,0,0,0,0,0,0,0,0,0,0,0,0,0,0,0,0,0,0,0,0,0,0,0],
[0,0,0,0,0,0,0,0,0,0,0,0,0,0,0,0,0,0,0,0,0,0,0,0,0,0,0,0,0,0,0,0,0,0,0,0,0,0,0,0],
[0,0,0,0,0,0,0,0,0,0,0,0,0,0,10.04,10.04,10.04,10.04,10.04,10.04,10.04,10.04,10.04,10.04,10.04,10.04,10.04,0,0,0,0,0,0,0,0,0,0,0,0,0],
[0,0,0,0,0,0,0,0,0,0,0,0,10.04,10.04,10.04,10.04,10.04,10.04,10.04,10.04,10.04,10.04,10.04,10.04,10.04,10.04,10.04,10.04,10.04,0,0,0,0,0,0,0,0,0,0,0],
[0,0,0,0,0,0,0,0,10.04,10.04,10.04,10.04,10.04,10.04,10.04,10.04,10.04,10.04,10.04,10.04,10.04,10.04,10.04,10.04,10.04,10.04,10.04,10.04,10.04,10.04,10.04,10.04,10.04,0,0,0,0,0,0,0],
[0,0,0,0,0,0,10.04,10.04,10.04,10.04,10.04,10.04,10.04,10.04,10.04,10.04,10.04,10.04,10.04,10.04,10.04,10.04,10.04,10.04,10.04,10.04,10.04,10.04,10.04,10.04,10.04,10.04,10.04,10.04,10.04,0,0,0,0,0],
[0,0,0,0,0,0,10.04,10.04,10.04,10.04,10.04,10.04,10.04,10.04,10.04,10.04,10.04,10.04,10.04,10.04,10.04,10.04,10.04,10.04,10.04,10.04,10.04,10.04,10.04,10.04,10.04,10.04,10.04,10.04,10.04,0,0,0,0,0],
[0,0,0,0,0,0,10.04,10.04,10.04,10.04,10.04,10.04,10.04,10.04,10.04,10.04,10.04,10.04,10.04,10.04,10.04,10.04,10.04,10.04,10.04,10.04,10.04,10.04,10.04,10.04,10.04,10.04,10.04,10.04,10.04,0,0,0,0,0],
[0,0,0,0,0,0,10.04,10.04,10.04,10.04,10.04,10.04,10.04,10.04,10.04,10.04,10.04,10.04,10.04,10.04,10.04,10.04,10.04,10.04,10.04,10.04,10.04,10.04,10.04,10.04,10.04,10.04,10.04,10.04,10.04,0,0,0,0,0],
[0,0,0,0,0,0,10.04,10.04,10.04,10.04,10.04,10.04,10.04,10.04,10.04,10.04,10.04,10.04,10.04,10.04,10.04,10.04,10.04,10.04,10.04,10.04,10.04,10.04,10.04,10.04,10.04,10.04,10.04,10.04,10.04,0,0,0,0,0],
[0,0,0,0,0,0,10.04,10.04,10.04,10.04,10.04,10.04,10.04,10.04,10.04,10.04,10.04,10.04,10.04,10.04,10.04,10.04,10.04,10.04,10.04,10.04,10.04,10.04,10.04,10.04,10.04,10.04,10.04,10.04,10.04,0,0,0,0,0],
[0,0,0,0,0,0,10.04,10.04,10.04,10.04,10.04,10.04,10.04,10.04,10.04,10.04,10.04,10.04,10.04,10.04,10.04,10.04,10.04,10.04,10.04,10.04,10.04,10.04,10.04,10.04,10.04,10.04,10.04,10.04,10.04,0,0,0,0,0],
[0,0,0,0,0,0,0,10.04,10.04,10.04,10.04,10.04,10.04,10.04,10.04,10.04,10.04,10.04,10.04,10.04,10.04,10.04,10.04,10.04,10.04,10.04,10.04,10.04,10.04,10.04,10.04,10.04,10.04,10.04,0,0,0,0,0,0],
[0,0,0,0,0,0,0,0,10.04,10.04,10.04,10.04,10.04,10.04,10.04,10.04,10.04,10.04,10.04,10.04,10.04,10.04,10.04,10.04,10.04,10.04,10.04,10.04,10.04,10.04,10.04,10.04,10.04,0,0,0,0,0,0,0],
[0,0,0,0,0,0,0,0,10.04,10.04,10.04,10.04,10.04,10.04,10.04,10.04,10.04,10.04,10.04,10.04,10.04,10.04,10.04,10.04,10.04,10.04,10.04,10.04,10.04,10.04,10.04,10.04,10.04,0,0,0,0,0,0,0],
[0,0,0,0,0,0,0,0,10.04,10.04,10.04,10.04,10.04,10.04,10.04,10.04,10.04,10.04,10.04,10.04,10.04,10.04,10.04,10.04,10.04,10.04,10.04,10.04,10.04,10.04,10.04,10.04,10.04,0,0,0,0,0,0,0],
[0,0,0,0,0,0,0,0,0,10.04,10.04,10.04,10.04,10.04,10.04,10.04,10.04,10.04,10.04,10.04,10.04,10.04,10.04,10.04,10.04,10.04,10.04,10.04,10.04,10.04,10.04,10.04,0,0,0,0,0,0,0,0],
[0,0,0,0,0,0,0,0,0,0,10.04,10.04,10.04,10.04,10.04,10.04,10.04,10.04,10.04,10.04,10.04,10.04,10.04,10.04,10.04,10.04,10.04,10.04,10.04,10.04,10.04,0,0,0,0,0,0,0,0,0],
[0,0,0,0,0,0,0,0,0,0,0,10.04,10.04,10.04,10.04,10.04,10.04,10.04,10.04,10.04,10.04,10.04,10.04,10.04,10.04,10.04,10.04,10.04,10.04,10.04,0,0,0,0,0,0,0,0,0,0],
[0,0,0,0,0,0,0,0,0,0,0,10.04,10.04,10.04,10.04,10.04,10.04,10.04,10.04,10.04,10.04,10.04,10.04,10.04,10.04,10.04,10.04,10.04,10.04,10.04,0,0,0,0,0,0,0,0,0,0],
[0,0,0,0,0,0,0,0,0,0,0,0,10.04,10.04,10.04,10.04,10.04,10.04,10.04,10.04,10.04,10.04,10.04,10.04,10.04,10.04,10.04,10.04,10.04,0,0,0,0,0,0,0,0,0,0,0],
[0,0,0,0,0,0,0,0,0,0,0,0,10.04,10.04,10.04,10.04,10.04,10.04,10.04,10.04,10.04,10.04,10.04,10.04,10.04,10.04,10.04,10.04,10.04,0,0,0,0,0,0,0,0,0,0,0],
[0,0,0,0,0,0,0,0,0,0,0,0,10.04,10.04,10.04,10.04,10.04,10.04,10.04,10.04,10.04,10.04,10.04,10.04,10.04,10.04,10.04,10.04,10.04,0,0,0,0,0,0,0,0,0,0,0],
[0,0,0,0,0,0,0,0,0,0,0,0,0,0,10.04,10.04,10.04,10.04,10.04,10.04,10.04,10.04,10.04,10.04,10.04,10.04,0,0,0,0,0,0,0,0,0,0,0,0,0,0],
[0,0,0,0,0,0,0,0,0,0,0,0,0,0,0,0,10.04,10.04,10.04,10.04,10.04,10.04,10.04,10.04,10.04,0,0,0,0,0,0,0,0,0,0,0,0,0,0,0],
[0,0,0,0,0,0,0,0,0,0,0,0,0,0,0,0,0,10.04,10.04,10.04,10.04,10.04,10.04,10.04,0,0,0,0,0,0,0,0,0,0,0,0,0,0,0,0],
[0,0,0,0,0,0,0,0,0,0,0,0,0,0,0,0,0,10.04,10.04,10.04,10.04,10.04,10.04,10.04,0,0,0,0,0,0,0,0,0,0,0,0,0,0,0,0],
[0,0,0,0,0,0,0,0,0,0,0,0,0,0,0,0,0,10.04,10.04,10.04,10.04,10.04,10.04,10.04,0,0,0,0,0,0,0,0,0,0,0,0,0,0,0,0],
[0,0,0,0,0,0,0,0,0,0,0,0,0,0,0,0,0,10.04,10.04,10.04,10.04,10.04,10.04,10.04,0,0,0,0,0,0,0,0,0,0,0,0,0,0,0,0],
[0,0,0,0,0,0,0,0,0,0,0,0,0,0,0,0,0,10.04,10.04,10.04,10.04,10.04,10.04,10.04,0,0,0,0,0,0,0,0,0,0,0,0,0,0,0,0],
[0,0,0,0,0,0,0,0,0,0,0,0,0,0,0,0,0,10.04,10.04,10.04,10.04,10.04,10.04,10.04,0,0,0,0,0,0,0,0,0,0,0,0,0,0,0,0],
[0,0,0,0,0,0,0,0,0,0,0,0,0,0,0,0,0,10.04,10.04,10.04,10.04,10.04,10.04,10.04,0,0,0,0,0,0,0,0,0,0,0,0,0,0,0,0],
[0,0,0,0,0,0,0,0,0,0,0,0,0,0,0,0,0,10.04,10.04,10.04,10.04,10.04,10.04,10.04,0,0,0,0,0,0,0,0,0,0,0,0,0,0,0,0],
[0,0,0,0,0,0,0,0,0,0,0,0,0,0,0,0,0,10.04,10.04,10.04,10.04,10.04,10.04,10.04,0,0,0,0,0,0,0,0,0,0,0,0,0,0,0,0],
[0,0,0,0,0,0,0,0,0,0,0,0,0,0,0,0,0,10.04,10.04,10.04,10.04,10.04,10.04,10.04,0,0,0,0,0,0,0,0,0,0,0,0,0,0,0,0],
[0,0,0,0,0,0,0,0,0,0,0,0,0,0,0,0,0,10.04,10.04,10.04,10.04,10.04,10.04,10.04,0,0,0,0,0,0,0,0,0,0,0,0,0,0,0,0],
[0,0,0,0,0,0,0,0,0,0,0,0,0,0,0,0,0,10.04,10.04,10.04,10.04,10.04,10.04,10.04,0,0,0,0,0,0,0,0,0,0,0,0,0,0,0,0],
[0,0,0,0,0,0,0,0,0,0,0,0,0,0,0,0,0,0,0,0,0,0,0,0,0,0,0,0,0,0,0,0,0,0,0,0,0,0,0,0]]