[[0,0,0,0,0,0,0,0,0,0,0,0,0,0,0,0,0,0,0,0,0,0,0,0,0,0,0,0,0,0,0,0,0,0,0,0,0,0,0,0,0,0,0,0,0,0,0,0,0,0],
[0,0,0,0,0,0,0,0,0,0,0,0,0,0,0,0,0,0,0,0,0,0,0,0,0,0,0,0,0,0,0,0,0,0,0,0,0,0,0,0,0,0,0,0,0,0,0,0,0,0],
[0,0,0,0,0,0,0,0,0,0,0,0,0,0,0,0,0,0,0,0,0,0,0,0,0,0,0,0,0,0,0,0,0,0,0,0,0,0,0,0,0,0,0,0,0,0,0,0,0,0],
[0,0,0,0,0,0,0,0,0,0,0,0,0,0,0,0,0,0,0,0,0,0,0,0,0,0,0,0,0,0,0,0,0,0,0,0,0,0,0,0,0,0,0,0,0,0,0,0,0,0],
[0,0,0,0,0,0,0,0,0,0,0,0,0,0,0,0,0,0,0,0,0,0,0,0,0,0,0,0,0,0,0,0,0,0,0,0,0,0,0,0,0,0,0,0,0,0,0,0,0,0],
[0,0,0,0,0,0,0,0,0,0,0,0,0,0,0,0,0,0,0,0,0,0,0,11.45,11.45,11.45,11.45,11.45,0,0,0,0,0,0,0,0,0,0,0,0,0,0,0,0,0,0,0,0,0,0],
[0,0,0,0,0,0,0,0,0,0,0,0,0,0,0,0,0,0,0,0,0,0,0,11.45,11.45,11.45,11.45,11.45,0,0,0,0,0,0,0,0,0,0,0,0,0,0,0,0,0,0,0,0,0,0],
[0,0,0,0,0,0,0,0,0,0,0,0,0,0,0,0,0,0,0,0,0,0,0,11.45,11.45,11.45,11.45,11.45,0,0,0,0,0,0,0,0,0,0,0,0,0,0,0,0,0,0,0,0,0,0],
[0,0,0,0,0,0,0,0,0,0,0,0,0,0,0,0,0,0,0,0,0,0,0,11.45,11.45,11.45,11.45,11.45,0,0,0,0,0,0,0,0,0,0,0,0,0,0,0,0,0,0,0,0,0,0],
[0,0,0,0,0,0,0,0,0,0,0,0,0,0,0,0,0,0,0,0,0,0,0,11.45,11.45,11.45,11.45,11.45,0,0,0,0,0,0,0,0,0,0,0,0,0,0,0,0,0,0,0,0,0,0],
[0,0,0,0,0,0,0,0,0,0,0,0,0,0,0,0,0,0,0,0,0,0,0,11.45,11.45,11.45,11.45,11.45,0,0,0,0,0,0,0,0,0,0,0,0,0,0,0,0,0,0,0,0,0,0],
[0,0,0,0,0,0,0,0,0,0,0,0,0,0,0,0,0,0,0,0,0,0,0,11.45,11.45,11.45,11.45,11.45,0,0,0,0,0,0,0,0,0,0,0,0,0,0,0,0,0,0,0,0,0,0],
[0,0,0,0,0,0,0,0,0,0,0,0,0,0,0,0,11.45,11.45,11.45,11.45,11.45,11.45,11.45,11.45,11.45,11.45,11.45,11.45,11.45,11.45,11.45,11.45,11.45,11.45,11.45,0,0,0,0,0,0,0,0,0,0,0,0,0,0,0],
[0,0,0,0,0,0,0,0,0,0,0,0,0,0,0,11.45,11.45,11.45,11.45,11.45,11.45,11.45,11.45,11.45,11.45,11.45,11.45,11.45,11.45,11.45,11.45,11.45,11.45,11.45,11.45,11.45,0,0,0,0,0,0,0,0,0,0,0,0,0,0],
[0,0,0,0,0,0,0,0,0,0,0,0,0,0,11.45,11.45,11.45,11.45,11.45,11.45,11.45,11.45,11.45,11.45,11.45,11.45,11.45,11.45,11.45,11.45,11.45,11.45,11.45,11.45,11.45,11.45,11.45,0,0,0,0,0,0,0,0,0,0,0,0,0],
[0,0,0,0,0,0,0,0,0,0,0,0,0,11.45,11.45,11.45,11.45,11.45,11.45,11.45,11.45,11.45,11.45,11.45,11.45,11.45,11.45,11.45,11.45,11.45,11.45,11.45,11.45,11.45,11.45,11.45,11.45,11.45,0,0,0,0,0,0,0,0,0,0,0,0],
[0,0,0,0,0,0,0,0,0,0,0,0,11.45,11.45,11.45,11.45,11.45,11.45,11.45,11.45,11.45,11.45,11.45,11.45,11.45,11.45,11.45,11.45,11.45,11.45,11.45,11.45,11.45,11.45,11.45,11.45,11.45,11.45,11.45,0,0,0,0,0,0,0,0,0,0,0],
[0,0,0,0,0,0,0,0,0,0,0,0,11.45,11.45,11.45,11.45,11.45,11.45,11.45,11.45,11.45,11.45,11.45,11.45,11.45,11.45,11.45,11.45,11.45,11.45,11.45,11.45,11.45,11.45,11.45,11.45,11.45,11.45,11.45,0,0,0,0,0,0,0,0,0,0,0],
[0,0,0,0,0,0,0,0,0,0,0,0,11.45,11.45,11.45,11.45,11.45,11.45,11.45,11.45,11.45,11.45,11.45,11.45,11.45,11.45,11.45,11.45,11.45,11.45,11.45,11.45,11.45,11.45,11.45,11.45,11.45,11.45,11.45,0,0,0,0,0,0,0,0,0,0,0],
[0,0,0,0,0,0,0,0,0,0,0,0,11.45,11.45,11.45,11.45,11.45,11.45,11.45,11.45,11.45,11.45,11.45,11.45,11.45,11.45,11.45,11.45,11.45,11.45,11.45,11.45,11.45,11.45,11.45,11.45,11.45,11.45,11.45,0,0,0,0,0,0,0,0,0,0,0],
[0,0,0,0,0,0,0,0,0,0,0,0,11.45,11.45,11.45,11.45,11.45,11.45,11.45,11.45,11.45,11.45,11.45,11.45,11.45,11.45,11.45,11.45,11.45,11.45,11.45,11.45,11.45,11.45,11.45,11.45,11.45,11.45,11.45,0,0,0,0,0,0,0,0,0,0,0],
[0,0,0,0,0,0,0,0,0,0,0,0,11.45,11.45,11.45,11.45,11.45,11.45,11.45,11.45,11.45,11.45,11.45,11.45,11.45,11.45,11.45,11.45,11.45,11.45,11.45,11.45,11.45,11.45,11.45,11.45,11.45,11.45,11.45,0,0,0,0,0,0,0,0,0,0,0],
[0,0,0,0,0,0,0,0,0,0,0,0,11.45,11.45,11.45,11.45,11.45,11.45,11.45,11.45,11.45,11.45,11.45,11.45,11.45,11.45,11.45,11.45,11.45,11.45,11.45,11.45,11.45,11.45,11.45,11.45,11.45,11.45,11.45,0,0,0,0,0,0,0,0,0,0,0],
[0,0,0,0,0,0,11.45,11.45,11.45,11.45,11.45,11.45,11.45,11.45,11.45,11.45,11.45,11.45,11.45,11.45,11.45,11.45,11.45,11.45,11.45,11.45,11.45,11.45,11.45,11.45,11.45,11.45,11.45,11.45,11.45,11.45,11.45,11.45,11.45,11.45,11.45,11.45,11.45,11.45,11.45,11.45,0,0,0,0],
[0,0,0,0,0,0,11.45,11.45,11.45,11.45,11.45,11.45,11.45,11.45,11.45,11.45,11.45,11.45,11.45,11.45,11.45,11.45,11.45,11.45,11.45,11.45,11.45,11.45,11.45,11.45,11.45,11.45,11.45,11.45,11.45,11.45,11.45,11.45,11.45,11.45,11.45,11.45,11.45,11.45,11.45,11.45,0,0,0,0],
[0,0,0,0,0,0,11.45,11.45,11.45,11.45,11.45,11.45,11.45,11.45,11.45,11.45,11.45,11.45,11.45,11.45,11.45,11.45,11.45,11.45,11.45,11.45,11.45,11.45,11.45,11.45,11.45,11.45,11.45,11.45,11.45,11.45,11.45,11.45,11.45,11.45,11.45,11.45,11.45,11.45,11.45,11.45,0,0,0,0],
[0,0,0,0,0,0,11.45,11.45,11.45,11.45,11.45,11.45,11.45,11.45,11.45,11.45,11.45,11.45,11.45,11.45,11.45,11.45,11.45,11.45,11.45,11.45,11.45,11.45,11.45,11.45,11.45,11.45,11.45,11.45,11.45,11.45,11.45,11.45,11.45,11.45,11.45,11.45,11.45,11.45,11.45,11.45,0,0,0,0],
[0,0,0,0,0,0,11.45,11.45,11.45,11.45,11.45,11.45,11.45,11.45,11.45,11.45,11.45,11.45,11.45,11.45,11.45,11.45,11.45,11.45,11.45,11.45,11.45,11.45,11.45,11.45,11.45,11.45,11.45,11.45,11.45,11.45,11.45,11.45,11.45,11.45,11.45,11.45,11.45,11.45,11.45,11.45,0,0,0,0],
[0,0,0,0,0,0,0,0,0,0,0,0,11.45,11.45,11.45,11.45,11.45,11.45,11.45,11.45,11.45,11.45,11.45,11.45,11.45,11.45,11.45,11.45,11.45,11.45,11.45,11.45,11.45,11.45,11.45,11.45,11.45,11.45,11.45,0,0,0,0,0,0,0,0,0,0,0],
[0,0,0,0,0,0,0,0,0,0,0,0,11.45,11.45,11.45,11.45,11.45,11.45,11.45,11.45,11.45,11.45,11.45,11.45,11.45,11.45,11.45,11.45,11.45,11.45,11.45,11.45,11.45,11.45,11.45,11.45,11.45,11.45,11.45,0,0,0,0,0,0,0,0,0,0,0],
[0,0,0,0,0,0,0,0,0,0,0,0,11.45,11.45,11.45,11.45,11.45,11.45,11.45,11.45,11.45,11.45,11.45,11.45,11.45,11.45,11.45,11.45,11.45,11.45,11.45,11.45,11.45,11.45,11.45,11.45,11.45,11.45,11.45,0,0,0,0,0,0,0,0,0,0,0],
[0,0,0,0,0,0,0,0,0,0,0,0,11.45,11.45,11.45,11.45,11.45,11.45,11.45,11.45,11.45,11.45,11.45,11.45,11.45,11.45,11.45,11.45,11.45,11.45,11.45,11.45,11.45,11.45,11.45,11.45,11.45,11.45,11.45,0,0,0,0,0,0,0,0,0,0,0],
[0,0,0,0,0,0,0,0,0,0,0,0,11.45,11.45,11.45,11.45,11.45,11.45,11.45,11.45,11.45,11.45,11.45,11.45,11.45,11.45,11.45,11.45,11.45,11.45,11.45,11.45,11.45,11.45,11.45,11.45,11.45,11.45,11.45,0,0,0,0,0,0,0,0,0,0,0],
[0,0,0,0,0,0,0,0,0,0,0,0,11.45,11.45,11.45,11.45,11.45,11.45,11.45,11.45,11.45,11.45,11.45,11.45,11.45,11.45,11.45,11.45,11.45,11.45,11.45,11.45,11.45,11.45,11.45,11.45,11.45,11.45,11.45,0,0,0,0,0,0,0,0,0,0,0],
[0,0,0,0,0,0,0,0,0,0,0,0,11.45,11.45,11.45,11.45,11.45,11.45,11.45,11.45,11.45,11.45,11.45,11.45,11.45,11.45,11.45,11.45,11.45,11.45,11.45,11.45,11.45,11.45,11.45,11.45,11.45,11.45,11.45,0,0,0,0,0,0,0,0,0,0,0],
[0,0,0,0,0,0,0,0,0,0,0,0,0,11.45,11.45,11.45,11.45,11.45,11.45,11.45,11.45,11.45,11.45,11.45,11.45,11.45,11.45,11.45,11.45,11.45,11.45,11.45,11.45,11.45,11.45,11.45,11.45,11.45,0,0,0,0,0,0,0,0,0,0,0,0],
[0,0,0,0,0,0,0,0,0,0,0,0,0,0,11.45,11.45,11.45,11.45,11.45,11.45,11.45,11.45,11.45,11.45,11.45,11.45,11.45,11.45,11.45,11.45,11.45,11.45,11.45,11.45,11.45,11.45,11.45,0,0,0,0,0,0,0,0,0,0,0,0,0],
[0,0,0,0,0,0,0,0,0,0,0,0,0,0,0,11.45,11.45,11.45,11.45,11.45,11.45,11.45,11.45,11.45,11.45,11.45,11.45,11.45,11.45,11.45,11.45,11.45,11.45,11.45,11.45,11.45,0,0,0,0,0,0,0,0,0,0,0,0,0,0],
[0,0,0,0,0,0,0,0,0,0,0,0,0,0,0,0,11.45,11.45,11.45,11.45,11.45,11.45,11.45,11.45,11.45,11.45,11.45,11.45,11.45,11.45,11.45,11.45,11.45,11.45,11.45,0,0,0,0,0,0,0,0,0,0,0,0,0,0,0],
[0,0,0,0,0,0,0,0,0,0,0,0,0,0,0,0,0,0,0,0,0,0,0,11.45,11.45,11.45,11.45,11.45,0,0,0,0,0,0,0,0,0,0,0,0,0,0,0,0,0,0,0,0,0,0],
[0,0,0,0,0,0,0,0,0,0,0,0,0,0,0,0,0,0,0,0,0,0,0,11.45,11.45,11.45,11.45,11.45,0,0,0,0,0,0,0,0,0,0,0,0,0,0,0,0,0,0,0,0,0,0],
[0,0,0,0,0,0,0,0,0,0,0,0,0,0,0,0,0,0,0,0,0,0,0,11.45,11.45,11.45,11.45,11.45,0,0,0,0,0,0,0,0,0,0,0,0,0,0,0,0,0,0,0,0,0,0],
[0,0,0,0,0,0,0,0,0,0,0,0,0,0,0,0,0,0,0,0,0,0,0,11.45,11.45,11.45,11.45,11.45,0,0,0,0,0,0,0,0,0,0,0,0,0,0,0,0,0,0,0,0,0,0],
[0,0,0,0,0,0,0,0,0,0,0,0,0,0,0,0,0,0,0,0,0,0,0,11.45,11.45,11.45,11.45,11.45,0,0,0,0,0,0,0,0,0,0,0,0,0,0,0,0,0,0,0,0,0,0],
[0,0,0,0,0,0,0,0,0,0,0,0,0,0,0,0,0,0,0,0,0,0,0,11.45,11.45,11.45,11.45,11.45,0,0,0,0,0,0,0,0,0,0,0,0,0,0,0,0,0,0,0,0,0,0],
[0,0,0,0,0,0,0,0,0,0,0,0,0,0,0,0,0,0,0,0,0,0,0,0,0,0,0,0,0,0,0,0,0,0,0,0,0,0,0,0,0,0,0,0,0,0,0,0,0,0],
[0,0,0,0,0,0,0,0,0,0,0,0,0,0,0,0,0,0,0,0,0,0,0,0,0,0,0,0,0,0,0,0,0,0,0,0,0,0,0,0,0,0,0,0,0,0,0,0,0,0],
[0,0,0,0,0,0,0,0,0,0,0,0,0,0,0,0,0,0,0,0,0,0,0,0,0,0,0,0,0,0,0,0,0,0,0,0,0,0,0,0,0,0,0,0,0,0,0,0,0,0],
[0,0,0,0,0,0,0,0,0,0,0,0,0,0,0,0,0,0,0,0,0,0,0,0,0,0,0,0,0,0,0,0,0,0,0,0,0,0,0,0,0,0,0,0,0,0,0,0,0,0],
[0,0,0,0,0,0,0,0,0,0,0,0,0,0,0,0,0,0,0,0,0,0,0,0,0,0,0,0,0,0,0,0,0,0,0,0,0,0,0,0,0,0,0,0,0,0,0,0,0,0]]