[[0,0,0,0,0,0,0,0,0,0,0,0,0,0,0,0,0,0,0,0,0,0,0,0,0,0,0,0,0,0,0,0,0,0,0,0,0,0,0,0,0,0,0,0,0,0,0,0,0,0,0,0,0,0,0,0,0,0,0,0,0,0,0,0,0,0,0,0,0,0,0,0,0,0,0,0,0,0,0,0,0,0,0,0,0,0,0,0,0,0,0,0,0,0,0,0,0,0,0,0],
[0,0,0,0,0,0,0,0,0,0,0,0,0,0,0,0,0,0,0,0,0,0,0,0,0,0,0,0,0,0,0,0,0,0,0,0,0,0,0,0,0,0,0,0,0,0,0,0,0,0,0,0,0,0,0,0,0,0,0,0,0,0,0,0,0,0,0,0,0,0,0,0,0,0,0,0,0,0,0,0,0,0,0,0,0,0,0,0,0,0,0,0,0,0,0,0,0,0,0,0],
[0,0,0,0,0,0,0,0,0,0,0,0,0,0,0,0,0,0,0,0,0,0,0,0,0,0,0,0,0,0,0,0,0,0,0,0,0,0,0,0,0,0,0,0,0,0,0,0,0,0,0,0,0,0,0,0,0,0,0,0,0,0,0,0,0,0,0,0,0,0,0,0,0,0,0,0,0,0,0,0,0,0,0,0,0,0,0,0,0,0,0,0,0,0,0,0,0,0,0,0],
[0,0,0,0,0,0,0,0,0,0,0,0,0,0,0,0,0,0,0,0,0,0,0,0,0,0,0,0,0,0,0,0,0,0,0,0,0,0,0,0,0,0,0,0,0,0,0,0,0,0,0,0,0,0,0,0,0,0,0,0,0,0,0,0,0,0,0,0,0,0,0,0,0,0,0,0,0,0,0,0,0,0,0,0,0,0,0,0,0,0,0,0,0,0,0,0,0,0,0,0],
[0,0,0,0,0,0,0,0,0,0,0,0,0,0,0,0,0,0,0,0,0,0,0,0,0,0,0,0,0,0,0,0,0,0,0,0,0,0,0,0,0,0,0,0,0,0,0,0,0,0,0,0,0,0,0,0,0,0,0,0,0,0,0,0,0,0,0,0,0,0,0,0,0,0,0,0,0,0,0,0,0,0,0,0,0,0,0,0,0,0,0,0,0,0,0,0,0,0,0,0],
[0,0,0,0,0,0,0,0,0,0,0,0,0,0,0,0,0,0,0,0,0,0,0,0,0,0,0,0,0,0,0,0,0,0,0,0,0,0,0,0,0,0,0,0,0,0,0,0,0,0,0,0,0,0,0,0,0,0,0,0,0,0,0,0,0,0,0,0,0,0,0,0,0,0,0,0,0,0,0,0,0,0,0,0,0,0,0,0,0,0,0,0,0,0,0,0,0,0,0,0],
[0,0,0,0,0,0,0,0,0,0,0,0,0,0,0,0,0,0,0,0,0,0,0,0,0,0,0,0,0,0,0,0,0,0,0,0,0,0,0,0,0,0,0,0,0,0,0,0,0,0,0,0,0,0,0,0,0,0,0,0,0,0,0,0,0,0,0,0,0,0,0,0,0,0,0,0,0,0,0,0,0,0,0,0,0,0,0,0,0,0,0,0,0,0,0,0,0,0,0,0],
[0,0,0,0,0,0,0,0,0,0,0,0,0,0,0,0,0,0,0,0,0,0,0,0,0,0,0,0,0,0,0,0,0,0,0,0,0,0,0,0,0,0,0,0,0,0,0,0,0,0,0,0,0,0,0,0,0,0,0,0,0,0,0,0,0,0,0,0,0,0,0,0,0,0,0,0,0,0,0,0,0,0,0,0,0,0,0,0,0,0,0,0,0,0,0,0,0,0,0,0],
[0,0,0,0,0,0,0,0,0,0,0,0,0,0,0,0,0,0,0,0,0,0,0,0,0,0,0,0,0,0,0,0,0,0,0,0,0,0,0,0,0,0,0,0,0,0,0,0,0,0,0,0,0,0,0,0,0,0,0,0,0,0,0,0,0,0,0,0,0,0,0,0,0,0,0,0,0,0,0,0,0,0,0,0,0,0,0,0,0,0,0,0,0,0,0,0,0,0,0,0],
[0,0,0,0,0,0,0,0,0,0,0,0,0,0,0,0,0,0,0,0,0,0,0,0,0,0,0,0,0,0,0,0,0,0,0,0,0,0,0,0,0,0,0,0,0,0,0,0,0,0,0,0,0,0,0,0,0,0,0,0,0,0,0,0,0,0,0,0,0,0,0,0,0,0,0,0,0,0,0,0,0,0,0,0,0,0,0,0,0,0,0,0,0,0,0,0,0,0,0,0],
[0,0,0,0,0,0,0,0,0,0,0,0,0,0,0,0,0,0,0,0,0,0,0,0,0,0,0,0,0,0,0,0,0,0,0,0,0,0,0,0,0,0,0,0,0,0,0,0,0,0,0,0,0,0,0,0,0,0,0,0,0,0,0,0,0,0,0,0,0,0,0,0,0,0,0,0,0,0,0,0,0,0,0,0,0,0,0,0,0,0,0,0,0,0,0,0,0,0,0,0],
[0,0,0,0,0,0,0,0,0,0,0,0,0,0,0,0,0,0,0,0,0,0,0,0,0,0,0,0,0,0,0,0,0,0,0,0,0,0,0,0,0,0,0,0,0,0,0,0,0,0,0,0,0,0,0,0,0,0,0,0,0,0,0,0,0,0,0,0,0,0,0,0,0,0,0,0,0,0,0,0,0,0,0,0,0,0,0,0,0,0,0,0,0,0,0,0,0,0,0,0],
[0,0,0,0,0,0,0,0,0,0,0,0,0,0,0,0,0,0,0,0,0,0,0,0,0,0,0,0,0,0,0,0,0,0,0,0,0,0,0,0,0,0,0,0,0,0,0,0,0,0,0,0,0,0,0,0,0,0,0,0,0,0,0,0,0,0,0,0,0,0,0,0,0,0,0,0,0,0,0,0,0,0,0,0,0,0,0,0,0,0,0,0,0,0,0,0,0,0,0,0],
[0,0,0,0,0,0,0,0,0,0,0,0,0,0,0,0,0,0,0,0,0,0,0,0,0,0,0,0,0,0,0,0,0,0,0,0,0,0,0,0,0,0,0,0,0,0,0,0,0,0,0,0,0,0,0,0,0,0,0,0,0,0,0,0,0,0,0,0,0,0,0,0,0,0,0,0,0,0,0,0,0,0,0,0,0,0,0,0,0,0,0,0,0,0,0,0,0,0,0,0],
[0,0,0,0,0,0,0,0,0,0,0,0,0,0,0,0,0,0,0,0,0,0,0,0,0,0,0,0,0,0,0,0,0,0,0,0,0,0,0,0,0,0,0,0,0,0,0,0,0,0,0,0,0,0,0,0,0,0,0,0,0,0,0,0,0,0,0,0,0,0,0,0,0,0,0,0,0,0,0,0,0,0,0,0,0,0,0,0,0,0,0,0,0,0,0,0,0,0,0,0],
[0,0,0,0,0,0,0,0,0,0,0,0,0,0,0,0,0,0,0,0,0,0,0,0,0,0,0,0,0,0,0,0,0,0,0,0,0,0,0,0,0,0,0,0,0,0,0,0,0,0,0,0,0,0,0,0,0,0,0,0,0,0,0,0,0,0,0,0,0,0,0,0,0,0,0,0,0,0,0,0,0,0,0,0,0,0,0,0,0,0,0,0,0,0,0,0,0,0,0,0],
[0,0,0,0,0,0,0,0,0,0,0,0,0,0,0,0,0,0,0,0,0,0,0,0,0,0,0,0,0,0,0,0,0,0,0,0,0,0,0,0,0,0,0,0,0,0,0,0,0,0,0,0,0,0,0,0,0,0,0,0,0,0,0,0,0,0,0,0,0,0,0,0,0,0,0,0,0,0,0,0,0,0,0,0,0,0,0,0,0,0,0,0,0,0,0,0,0,0,0,0],
[0,0,0,0,0,0,0,0,0,0,0,0,0,0,0,0,0,0,0,0,0,0,0,0,0,0,0,0,0,0,0,0,0,0,0,0,0,0,0,0,0,0,0,0,0,0,0,0,0,0,0,0,0,0,0,0,0,0,0,0,0,0,0,0,0,0,0,0,0,0,0,0,0,0,0,0,0,0,0,0,0,0,0,0,0,0,0,0,0,0,0,0,0,0,0,0,0,0,0,0],
[0,0,0,0,0,0,0,0,0,0,0,0,0,0,0,0,0,0,0,0,0,0,0,0,0,0,0,0,0,0,0,0,0,0,0,0,0,0,0,0,0,0,0,0,0,0,0,0,0,0,0,0,0,0,0,0,0,0,0,0,0,0,0,0,0,0,0,0,0,0,0,0,0,0,0,0,0,0,0,0,0,0,0,0,0,0,0,0,0,0,0,0,0,0,0,0,0,0,0,0],
[0,0,0,0,0,0,0,0,0,0,0,0,0,0,0,0,0,0,0,0,0,0,0,0,0,0,0,0,0,0,0,0,0,0,0,0,0,0,0,0,0,0,0,0,0,0,0,0,0,0,0,0,0,0,0,0,0,0,0,0,0,0,0,0,0,0,0,0,0,0,0,0,0,0,0,0,0,0,0,0,0,0,0,0,0,0,0,0,0,0,0,0,0,0,0,0,0,0,0,0],
[0,0,0,0,0,0,0,0,0,0,0,0,0,0,0,0,0,0,0,0,0,0,0,0,0,0,0,0,0,0,0,0,0,0,0,0,0,0,0,0,0,0,0,0,0,0,0,0,0,0,0,0,0,0,0,0,0,0,0,0,0,0,0,9.51,9.51,9.51,9.51,9.51,9.51,9.51,9.51,9.51,9.51,9.51,9.51,9.51,9.51,9.51,9.51,9.51,9.51,0,0,0,0,0,0,0,0,0,0,0,0,0,0,0,0,0,0,0],
[0,0,0,0,0,0,0,0,0,0,0,0,0,0,0,0,0,0,0,0,0,0,0,0,0,0,0,0,0,0,0,0,0,0,0,0,0,0,0,0,0,0,0,0,0,0,0,0,0,0,0,0,0,0,0,0,0,0,0,0,0,0,9.51,9.51,9.51,9.51,9.51,9.51,9.51,9.51,9.51,9.51,9.51,9.51,9.51,9.51,9.51,9.51,9.51,9.51,9.51,9.51,0,0,0,0,0,0,0,0,0,0,0,0,0,0,0,0,0,0],
[0,0,0,0,0,0,0,0,0,0,0,0,0,0,0,0,0,0,0,0,0,0,0,0,0,0,0,0,0,0,0,0,0,0,0,0,0,0,0,0,0,0,0,0,0,0,0,0,0,0,0,0,0,0,0,0,0,0,0,0,0,0,9.51,9.51,9.51,9.51,9.51,9.51,9.51,9.51,9.51,9.51,9.51,9.51,9.51,9.51,9.51,9.51,9.51,9.51,9.51,9.51,0,0,0,0,0,0,0,0,0,0,0,0,0,0,0,0,0,0],
[0,0,0,0,0,0,0,0,0,0,0,0,0,0,0,0,0,0,0,0,0,0,0,0,0,0,0,0,0,0,0,0,0,0,0,0,0,0,0,0,0,0,0,0,0,0,0,0,0,0,0,0,0,0,0,0,0,0,0,0,0,0,9.51,9.51,9.51,9.51,9.51,9.51,9.51,9.51,9.51,9.51,9.51,9.51,9.51,9.51,9.51,9.51,9.51,9.51,9.51,9.51,0,0,0,0,0,0,0,0,0,0,0,0,0,0,0,0,0,0],
[0,0,0,0,0,0,0,0,0,0,0,0,0,0,0,0,0,0,0,0,0,0,0,0,0,0,0,0,0,0,0,0,0,0,0,0,0,0,0,0,0,0,0,0,0,0,0,0,0,0,0,0,0,0,0,0,0,0,0,0,0,0,9.51,9.51,9.51,9.51,9.51,9.51,9.51,9.51,9.51,9.51,9.51,9.51,9.51,9.51,9.51,9.51,9.51,9.51,9.51,9.51,0,0,0,0,0,0,0,0,0,0,0,0,0,0,0,0,0,0],
[0,0,0,0,0,0,0,0,0,0,0,0,0,0,0,0,0,0,0,0,0,0,0,0,0,0,0,0,0,0,0,0,0,0,0,0,0,0,0,0,0,0,0,0,0,0,0,0,0,0,0,0,0,0,0,0,0,0,0,0,0,0,9.51,9.51,9.51,9.51,9.51,9.51,9.51,9.51,9.51,9.51,9.51,9.51,9.51,9.51,9.51,9.51,9.51,9.51,9.51,9.51,0,0,0,0,0,0,0,0,0,0,0,0,0,0,0,0,0,0],
[0,0,0,0,0,0,0,0,0,0,0,0,0,0,0,0,0,0,0,0,0,0,0,0,0,0,0,0,0,0,0,0,0,0,0,0,0,0,0,0,0,0,0,0,0,0,0,0,0,0,0,0,0,0,0,0,0,0,0,0,0,0,9.51,9.51,9.51,9.51,9.51,9.51,9.51,9.51,9.51,9.51,9.51,9.51,9.51,9.51,9.51,9.51,9.51,9.51,9.51,9.51,0,0,0,0,0,0,0,0,0,0,0,0,0,0,0,0,0,0],
[0,0,0,0,0,0,0,0,0,0,0,0,0,0,0,0,0,0,0,0,0,0,0,0,0,0,0,0,0,0,0,0,0,0,0,0,0,0,0,0,0,0,0,0,0,0,0,0,0,0,0,0,0,0,0,0,0,0,0,0,0,0,9.51,9.51,9.51,9.51,9.51,9.51,9.51,9.51,9.51,9.51,9.51,9.51,9.51,9.51,9.51,9.51,9.51,9.51,9.51,9.51,0,0,0,0,0,0,0,0,0,0,0,0,0,0,0,0,0,0],
[0,0,0,0,0,0,0,0,0,0,0,0,0,0,0,0,0,0,0,0,0,0,0,0,0,0,0,0,0,0,0,0,0,0,0,0,0,0,0,0,0,0,0,0,0,0,0,0,0,0,0,0,0,0,0,0,0,0,0,0,0,0,9.51,9.51,9.51,9.51,9.51,9.51,9.51,9.51,9.51,9.51,9.51,9.51,9.51,9.51,9.51,9.51,9.51,9.51,9.51,9.51,0,0,0,0,0,0,0,0,0,0,0,0,0,0,0,0,0,0],
[0,0,0,0,0,0,0,0,0,0,0,0,0,0,0,0,0,0,0,0,0,0,0,0,0,0,0,0,0,0,0,0,0,0,0,0,0,0,0,0,0,0,0,0,0,0,0,0,0,0,0,0,0,0,0,0,0,0,0,0,0,0,9.51,9.51,9.51,9.51,9.51,9.51,9.51,9.51,9.51,9.51,9.51,9.51,9.51,9.51,9.51,9.51,9.51,9.51,9.51,9.51,0,0,0,0,0,0,0,0,0,0,0,0,0,0,0,0,0,0],
[0,0,0,0,0,0,0,0,0,0,0,0,0,0,0,0,0,0,0,0,0,0,0,0,0,0,0,0,0,0,0,0,0,0,0,0,0,0,0,0,0,0,0,0,0,0,0,0,0,0,0,0,0,0,0,0,0,0,0,0,0,0,9.51,9.51,9.51,9.51,9.51,9.51,9.51,9.51,9.51,9.51,9.51,9.51,9.51,9.51,9.51,9.51,9.51,9.51,9.51,9.51,0,0,0,0,0,0,0,0,0,0,0,0,0,0,0,0,0,0],
[0,0,0,0,0,0,0,0,0,0,0,0,0,0,0,0,0,0,0,0,0,0,0,0,0,0,0,0,0,0,0,0,0,0,0,0,0,0,0,0,0,0,0,0,0,0,0,0,0,0,0,0,0,0,0,0,0,0,0,0,0,0,9.51,9.51,9.51,9.51,9.51,9.51,9.51,9.51,9.51,9.51,9.51,9.51,9.51,9.51,9.51,9.51,9.51,9.51,9.51,9.51,0,0,0,0,0,0,0,0,0,0,0,0,0,0,0,0,0,0],
[0,0,0,0,0,0,0,0,0,0,0,0,0,0,0,0,0,0,0,0,0,0,0,0,0,0,0,0,0,0,0,0,0,0,0,0,0,0,0,0,0,0,0,0,0,0,0,0,0,0,0,0,0,0,0,0,0,0,0,0,0,0,9.51,9.51,9.51,9.51,9.51,9.51,9.51,9.51,9.51,9.51,9.51,9.51,9.51,9.51,9.51,9.51,9.51,9.51,9.51,9.51,0,0,0,0,0,0,0,0,0,0,0,0,0,0,0,0,0,0],
[0,0,0,0,0,0,0,0,0,0,0,0,0,0,0,0,0,0,0,0,0,0,0,0,0,0,0,0,0,0,0,0,0,0,0,0,0,0,0,0,0,0,0,0,0,0,0,0,0,0,0,0,0,0,0,0,0,0,0,0,0,0,9.51,9.51,9.51,9.51,9.51,9.51,9.51,9.51,9.51,9.51,9.51,9.51,9.51,9.51,9.51,9.51,9.51,9.51,9.51,9.51,0,0,0,0,0,0,0,0,0,0,0,0,0,0,0,0,0,0],
[0,0,0,0,0,0,0,0,0,0,0,0,0,0,0,0,0,0,0,0,0,0,0,0,0,0,0,0,0,0,0,0,0,0,0,0,0,0,0,0,0,0,0,0,0,0,0,0,0,0,0,0,0,0,0,0,0,0,0,0,0,0,9.51,9.51,9.51,9.51,9.51,9.51,9.51,9.51,9.51,9.51,9.51,9.51,9.51,9.51,9.51,9.51,9.51,9.51,9.51,9.51,0,0,0,0,0,0,0,0,0,0,0,0,0,0,0,0,0,0],
[0,0,0,0,0,0,0,0,0,0,0,0,0,0,0,0,0,0,0,0,0,0,0,0,0,0,0,0,0,0,0,0,0,0,0,0,0,0,0,0,0,0,0,0,0,0,0,0,0,0,0,0,0,0,0,0,0,0,0,0,0,0,9.51,9.51,9.51,9.51,9.51,9.51,9.51,9.51,9.51,9.51,9.51,9.51,9.51,9.51,9.51,9.51,9.51,9.51,9.51,9.51,0,0,0,0,0,0,0,0,0,0,0,0,0,0,0,0,0,0],
[0,0,0,0,0,0,0,0,0,0,0,0,0,0,0,0,0,0,0,0,0,0,0,0,0,0,0,0,0,0,0,0,0,0,0,0,0,0,0,0,0,0,0,0,0,0,0,0,0,0,0,0,0,0,0,0,0,0,0,0,0,0,9.51,9.51,9.51,9.51,9.51,9.51,9.51,9.51,9.51,9.51,9.51,9.51,9.51,9.51,9.51,9.51,9.51,9.51,9.51,9.51,0,0,0,0,0,0,0,0,0,0,0,0,0,0,0,0,0,0],
[0,0,0,0,0,0,0,0,0,0,0,0,0,0,0,0,0,0,0,0,0,0,0,0,0,0,0,0,0,0,0,0,0,0,0,0,0,0,0,0,0,0,0,0,0,0,0,0,0,0,0,0,0,0,0,0,0,0,0,0,0,0,9.51,9.51,9.51,9.51,9.51,9.51,9.51,9.51,9.51,9.51,9.51,9.51,9.51,9.51,9.51,9.51,9.51,9.51,9.51,9.51,0,0,0,0,0,0,0,0,0,0,0,0,0,0,0,0,0,0],
[0,0,0,0,0,0,0,0,0,0,0,0,0,0,0,0,0,0,0,0,0,0,0,0,0,0,0,0,0,0,0,0,0,0,0,0,0,0,0,0,0,0,0,0,0,0,0,0,0,0,0,0,0,0,0,0,0,0,0,0,0,0,9.51,9.51,9.51,9.51,9.51,9.51,9.51,9.52,9.52,9.52,9.52,9.52,9.52,9.51,9.51,9.51,9.51,9.51,9.51,9.51,0,0,0,0,0,0,0,0,0,0,0,0,0,0,0,0,0,0],
[0,0,0,0,0,0,0,0,0,0,0,0,0,0,0,0,0,0,0,0,0,0,0,0,0,0,0,0,0,0,0,0,0,0,0,0,0,0,0,0,0,0,0,0,0,0,0,0,0,0,0,0,0,0,0,0,0,0,0,0,0,0,9.51,9.51,9.51,9.51,9.51,9.51,0,9.57,9.56,9.56,9.56,9.56,9.57,9.57,9.51,9.51,9.51,9.51,9.51,9.51,0,0,0,0,0,0,0,0,0,0,0,0,0,0,0,0,0,0],
[0,0,0,0,0,0,0,0,0,0,0,0,0,0,0,0,0,0,0,0,0,0,0,0,0,0,0,0,0,0,0,0,0,0,0,0,0,0,0,0,0,0,0,0,0,0,0,0,0,0,0,0,0,0,0,0,0,0,0,0,0,0,0,0,0,0,0,0,0,9.83,9.78,9.78,9.78,9.77,9.82,9.83,0,0,0,0,0,0,0,0,0,0,0,0,0,0,0,0,0,0,0,0,0,0,0,0],
[0,0,0,0,0,0,0,0,0,0,0,0,0,0,0,0,0,0,0,0,0,0,0,0,0,0,0,0,0,0,0,0,0,0,0,0,0,0,0,0,0,0,0,0,0,0,0,0,0,0,0,0,0,0,0,0,0,0,0,0,0,0,0,0,0,0,0,0,0,10.33,10.28,10.28,10.28,10.28,10.32,10.33,0,0,0,0,0,0,0,0,0,0,0,0,0,0,0,0,0,0,0,0,0,0,0,0],
[0,0,0,0,0,0,0,0,0,0,0,0,0,0,0,0,0,0,0,0,0,0,0,0,0,0,0,0,0,0,0,0,0,0,0,0,0,0,0,0,0,0,0,0,0,0,0,0,0,0,0,0,0,0,0,0,0,0,0,0,0,0,0,0,0,0,0,0,0,10.82,10.78,10.78,10.78,10.78,10.81,10.82,0,0,0,0,0,0,0,0,0,0,0,0,0,0,0,0,0,0,0,0,0,0,0,0],
[0,0,0,0,0,0,0,0,0,0,0,0,0,0,0,0,0,0,0,0,0,0,0,0,0,0,0,0,0,0,0,0,0,0,0,0,0,0,0,0,0,0,0,0,0,0,0,0,0,0,0,0,0,0,0,0,0,0,0,0,0,0,0,0,0,0,0,0,0,11.32,11.28,11.28,11.28,11.28,11.31,11.32,0,0,0,0,0,0,0,0,0,0,0,0,0,0,0,0,0,0,0,0,0,0,0,0],
[0,0,0,0,0,0,0,0,0,0,0,0,0,0,0,0,0,0,0,0,0,0,0,0,0,0,0,0,0,0,0,0,0,0,0,0,0,0,0,0,0,0,0,0,0,0,0,0,0,0,0,0,0,0,0,0,0,0,0,0,0,0,0,0,0,0,0,0,0,11.81,11.79,11.79,11.79,11.79,11.80,11.81,0,0,0,0,0,0,0,0,0,0,0,0,0,0,0,0,0,0,0,0,0,0,0,0],
[0,0,0,0,0,0,0,0,0,0,0,0,0,0,0,0,0,0,0,0,0,0,0,0,0,0,0,0,0,0,0,0,0,0,0,0,0,0,0,0,0,0,0,0,0,0,0,0,0,0,0,0,0,0,0,0,0,0,0,0,0,0,0,0,0,0,0,0,0,12.31,12.29,12.29,12.29,12.29,12.30,12.31,0,0,0,0,0,0,0,0,0,0,0,0,0,0,0,0,0,0,0,0,0,0,0,0],
[0,0,0,0,0,0,0,0,0,0,0,0,0,0,0,0,0,0,0,0,0,0,0,0,0,0,0,0,0,0,0,0,0,0,0,0,0,0,0,0,0,0,0,0,0,0,0,0,0,0,0,0,0,0,0,0,0,0,0,0,0,0,0,0,0,0,0,0,0,12.80,12.79,12.79,12.79,12.79,12.80,12.80,0,0,0,0,0,0,0,0,0,0,0,0,0,0,0,0,0,0,0,0,0,0,0,0],
[0,0,0,0,0,0,0,0,0,0,0,0,0,0,0,0,0,0,0,0,0,0,0,0,0,0,0,0,0,0,0,0,0,0,0,0,0,0,0,0,0,0,0,0,0,0,0,0,0,0,0,0,0,0,0,0,0,0,0,0,0,0,0,0,0,0,0,0,0,13.30,13.29,13.29,13.29,13.29,13.29,13.30,0,0,0,0,0,0,0,0,0,0,0,0,0,0,0,0,0,0,0,0,0,0,0,0],
[0,0,0,0,0,0,0,0,0,0,0,0,0,0,0,0,0,0,0,0,0,0,0,0,0,0,0,0,0,0,0,0,0,0,0,0,0,0,0,0,0,0,0,0,0,0,0,0,0,0,0,0,0,0,0,0,0,0,0,0,0,0,0,0,0,0,0,0,0,13.75,13.76,13.76,13.76,13.76,13.75,13.75,0,0,0,0,0,0,0,0,0,0,0,0,0,0,0,0,0,0,0,0,0,0,0,0],
[0,0,0,0,0,0,0,0,0,0,0,0,0,18.11,18.11,18.11,18.11,18.11,18.11,18.11,18.11,18.11,18.11,18.11,18.11,18.11,18.11,18.11,18.11,18.11,18.11,18.11,18.11,18.11,18.11,18.11,18.11,18.11,18.11,18.11,18.11,18.11,18.11,18.11,0,0,0,0,0,0,0,0,0,0,0,0,0,13.85,13.85,13.85,13.85,13.85,13.85,13.85,13.85,13.85,13.85,13.85,0,13.89,13.89,13.89,13.89,13.89,13.89,13.89,13.85,13.85,13.85,13.85,13.85,13.85,13.85,13.85,13.85,13.85,13.85,13.85,0,0,0,0,0,0,0,0,0,0,0,0],
[0,0,0,0,0,0,0,0,0,0,0,0,0,18.11,18.11,18.11,18.11,18.11,18.11,18.11,18.11,18.11,18.11,18.11,18.11,18.11,18.11,18.11,18.11,18.11,18.11,18.11,18.11,18.11,18.11,18.11,18.11,18.11,18.11,18.11,18.11,18.11,18.11,18.11,0,0,0,0,0,0,0,0,0,0,0,0,13.85,13.85,13.85,13.85,13.85,13.85,13.85,13.85,13.85,13.85,13.85,13.85,0,13.85,13.85,13.85,13.85,13.85,13.85,13.85,13.85,13.85,13.85,13.85,13.85,13.85,13.85,13.85,13.85,13.85,13.85,13.85,0,0,0,0,0,0,0,0,0,0,0,0],
[0,0,0,0,0,0,0,0,0,0,0,0,18.11,18.11,18.11,18.11,18.11,18.11,18.11,18.11,18.11,18.11,18.11,18.11,18.11,18.11,18.11,18.11,18.11,18.11,18.11,18.11,18.11,18.11,18.11,18.11,18.11,18.11,18.11,18.11,18.11,18.11,18.11,18.11,18.11,18.11,0,0,0,0,0,0,0,0,0,13.85,13.85,13.85,13.85,13.85,13.85,13.85,13.85,13.85,13.85,13.85,13.85,13.85,13.85,13.85,13.85,13.85,13.85,13.85,13.85,13.85,13.85,13.85,13.85,13.85,13.85,13.85,13.85,13.85,13.85,13.85,13.85,13.85,13.85,0,0,0,0,0,0,0,0,0,0,0],
[0,0,0,0,0,0,0,0,0,0,0,0,18.11,18.11,18.11,18.11,18.11,18.11,18.11,18.11,18.11,18.11,18.11,18.11,18.11,18.11,18.11,18.11,18.11,18.11,18.11,18.11,18.11,18.11,18.11,18.11,18.11,18.11,18.11,18.11,18.11,18.11,18.11,18.11,18.11,18.11,0,0,0,0,0,0,0,0,0,13.85,13.85,13.85,13.85,13.85,13.85,13.85,13.85,13.85,13.85,13.85,13.85,13.85,13.85,13.85,13.85,13.85,13.85,13.85,13.85,13.85,13.85,13.85,13.85,13.85,13.85,13.85,13.85,13.85,13.85,13.85,13.85,13.85,13.85,0,0,0,0,0,0,0,0,0,0,0],
[0,0,0,0,0,0,0,0,0,0,0,0,18.11,18.11,18.11,18.11,18.11,18.11,18.11,18.11,18.11,18.11,18.11,18.11,18.11,18.11,18.11,18.11,18.11,18.11,18.11,18.11,18.11,18.11,18.11,18.11,18.11,18.11,18.11,18.11,18.11,18.11,18.11,18.11,18.11,18.11,0,0,0,0,0,0,0,0,0,13.85,13.85,13.85,13.85,13.85,13.85,13.85,13.85,13.85,13.85,13.85,13.85,13.85,13.85,13.85,13.85,13.85,13.85,13.85,13.85,13.85,13.85,13.85,13.85,13.85,13.85,13.85,13.85,13.85,13.85,13.85,13.85,13.85,13.85,0,0,0,0,0,0,0,0,0,0,0],
[0,0,0,0,0,0,0,0,0,0,0,0,18.11,18.11,18.11,18.11,18.11,18.11,18.11,18.11,18.11,18.11,18.11,18.11,18.11,18.11,18.11,18.11,18.11,18.11,18.11,18.11,18.11,18.11,18.11,18.11,18.11,18.11,18.11,18.11,18.11,18.11,18.11,18.11,18.11,18.11,0,0,0,0,0,0,0,0,0,13.85,13.85,13.85,13.85,13.85,13.85,13.85,13.85,13.85,13.85,13.85,13.85,13.85,13.85,13.85,13.85,13.85,13.85,13.85,13.85,13.85,13.85,13.85,13.85,13.85,13.85,13.85,13.85,13.85,13.85,13.85,13.85,13.85,13.85,0,0,0,0,0,0,0,0,0,0,0],
[0,0,0,0,0,0,0,0,0,0,0,0,18.11,18.11,18.11,18.11,18.11,18.11,18.11,18.11,18.11,18.11,18.11,18.11,18.11,18.11,18.11,18.11,18.11,18.11,18.11,18.11,18.11,18.11,18.11,18.11,18.11,18.11,18.11,18.11,18.11,18.11,18.11,18.11,18.11,18.11,0,0,0,0,0,0,0,0,0,13.85,13.85,13.85,13.85,13.85,13.85,13.85,13.85,13.85,13.85,13.85,13.85,13.85,13.85,13.85,13.85,13.85,13.85,13.85,13.85,13.85,13.85,13.85,13.85,13.85,13.85,13.85,13.85,13.85,13.85,13.85,13.85,13.85,13.85,0,0,0,0,0,0,0,0,0,0,0],
[0,0,0,0,0,0,0,0,0,0,0,0,18.11,18.11,18.11,18.11,18.11,18.11,18.11,18.11,18.11,18.11,18.11,18.11,18.11,18.11,18.11,18.11,18.11,18.11,18.11,18.11,18.11,18.11,18.11,18.11,18.11,18.11,18.11,18.11,18.11,18.11,18.11,18.11,18.11,18.11,0,0,0,0,0,0,0,0,0,13.85,13.85,13.85,13.85,13.85,13.85,13.85,13.85,13.85,13.85,13.85,13.85,13.85,13.85,13.85,13.85,13.85,13.85,13.85,13.85,13.85,13.85,13.85,13.85,13.85,13.85,13.85,13.85,13.85,13.85,13.85,13.85,13.85,13.85,0,0,0,0,0,0,0,0,0,0,0],
[0,0,0,0,0,0,0,0,0,0,0,0,18.11,18.11,18.11,18.11,18.11,18.11,18.11,18.11,18.11,18.11,18.11,18.11,18.11,18.11,18.11,18.11,18.11,18.11,18.11,18.11,18.11,18.11,18.11,18.11,18.11,18.11,18.11,18.11,18.11,18.11,18.11,18.11,18.11,18.11,0,0,0,0,0,0,0,0,0,13.85,13.85,13.85,13.85,13.85,13.85,13.85,13.85,13.85,13.85,13.85,13.85,13.85,13.85,13.85,13.85,13.85,13.85,13.85,13.85,13.85,13.85,13.85,13.85,13.85,13.85,13.85,13.85,13.85,13.85,13.85,13.85,13.85,13.85,0,0,0,0,0,0,0,0,0,0,0],
[0,0,0,0,0,0,0,0,0,0,0,0,18.11,18.11,18.11,18.11,18.11,18.11,18.11,18.11,18.11,18.11,18.11,18.11,18.11,18.11,18.11,18.11,18.11,18.11,18.11,18.11,18.11,18.11,18.11,18.11,18.11,18.11,18.11,18.11,18.11,18.11,18.11,18.11,18.11,18.11,0,0,0,0,0,0,0,0,0,13.85,13.85,13.85,13.85,13.85,13.85,13.85,13.85,13.85,13.85,13.85,13.85,13.85,13.85,13.85,13.85,13.85,13.85,13.85,13.85,13.85,13.85,13.85,13.85,13.85,13.85,13.85,13.85,13.85,13.85,13.85,13.85,13.85,13.85,0,0,0,0,0,0,0,0,0,0,0],
[0,0,0,0,0,0,0,0,0,0,0,0,18.11,18.11,18.11,18.11,18.11,18.11,18.11,18.11,18.11,18.11,18.11,18.11,18.11,18.11,18.11,18.11,18.11,18.11,18.11,18.11,18.11,18.11,18.11,18.11,18.11,18.11,18.11,18.11,18.11,18.11,18.11,18.11,18.11,18.11,0,0,0,0,0,0,0,0,0,13.85,13.85,13.85,13.85,13.85,13.85,13.85,13.85,13.85,13.85,13.85,13.85,13.85,13.85,13.85,13.85,13.85,13.85,13.85,13.85,13.85,13.85,13.85,13.85,13.85,13.85,13.85,13.85,13.85,13.85,13.85,13.85,13.85,13.85,0,0,0,0,0,0,0,0,0,0,0],
[0,0,0,0,0,0,0,0,0,0,0,0,18.11,18.11,18.11,18.11,18.11,18.11,18.11,18.11,18.11,18.11,18.11,18.11,18.11,18.11,18.11,18.11,18.11,18.11,18.11,18.11,18.11,18.11,18.11,18.11,18.11,18.11,18.11,18.11,18.11,18.11,18.11,18.11,18.11,18.11,0,0,0,0,0,0,0,0,0,13.85,13.85,13.85,13.85,13.85,13.85,13.85,13.85,13.85,13.85,13.85,13.85,13.85,13.85,13.85,13.85,13.85,13.85,13.85,13.85,13.85,13.85,13.85,13.85,13.85,13.85,13.85,13.85,13.85,13.85,13.85,13.85,13.85,13.85,0,0,0,0,0,0,0,0,0,0,0],
[0,0,0,0,0,0,0,0,0,0,0,0,18.11,18.11,18.11,18.11,18.11,18.11,18.11,18.11,18.11,18.11,18.11,18.11,18.11,18.11,18.11,18.11,18.11,18.11,18.11,18.11,18.11,18.11,18.11,18.11,18.11,18.11,18.11,18.11,18.11,18.11,18.11,18.11,18.11,18.11,0,0,0,0,0,0,0,0,0,13.85,13.85,13.85,13.85,13.85,13.85,13.85,13.85,13.85,13.85,13.85,13.85,13.85,13.85,13.85,13.85,13.85,13.85,13.85,13.85,13.85,13.85,13.85,13.85,13.85,13.85,13.85,13.85,13.85,13.85,13.85,13.85,13.85,13.85,0,0,0,0,0,0,0,0,0,0,0],
[0,0,0,0,0,0,0,0,0,0,0,0,18.11,18.11,18.11,18.11,18.11,18.11,18.11,18.11,18.11,18.11,18.11,18.11,18.11,18.11,18.11,18.11,18.11,18.11,18.11,18.11,18.11,18.11,18.11,18.11,18.11,18.11,18.11,18.11,18.11,18.11,18.11,18.11,0,0,0,0,0,0,0,0,0,0,0,0,13.85,13.85,13.85,13.85,13.85,13.85,13.85,13.85,13.85,13.85,13.85,13.85,13.85,13.85,13.85,13.85,13.85,13.85,13.85,13.85,13.85,13.85,13.85,13.85,13.85,13.85,13.85,13.85,13.85,13.85,13.85,13.85,13.85,0,0,0,0,0,0,0,0,0,0,0],
[0,0,0,0,0,0,0,0,0,0,0,0,18.11,18.11,18.11,18.11,18.11,18.11,18.11,18.11,18.11,18.11,18.11,18.11,18.11,18.11,18.11,18.11,18.11,18.11,18.11,18.11,18.11,18.11,18.11,18.11,18.11,18.11,18.11,18.11,18.11,18.11,18.11,18.11,18.13,18.16,18.06,17.61,17.09,16.57,16.05,15.53,15.02,14.50,14.04,13.89,13.86,13.85,13.85,13.85,13.85,13.85,13.85,13.85,13.85,13.85,13.85,13.85,13.85,13.85,13.85,13.85,13.85,13.85,13.85,13.85,13.85,13.85,13.85,13.85,13.85,13.85,13.85,13.85,13.85,13.85,13.85,13.85,13.85,0,0,0,0,0,0,0,0,0,0,0],
[0,0,0,0,0,0,0,0,0,0,0,0,18.11,18.11,18.11,18.11,18.11,18.11,18.11,18.11,18.11,18.11,18.11,18.11,18.11,18.11,18.11,18.11,18.11,18.11,18.11,18.11,18.11,18.11,18.11,18.11,18.11,18.11,18.11,18.11,18.11,18.11,18.11,18.11,18.13,18.16,18.06,17.60,17.08,16.56,16.05,15.49,14.97,14.44,13.93,13.89,13.86,13.85,13.85,13.85,13.85,13.85,13.85,13.85,13.85,13.85,13.85,13.85,13.85,13.85,13.85,13.85,13.85,13.85,13.85,13.85,13.85,13.85,13.85,13.85,13.85,13.85,13.85,13.85,13.85,13.85,13.85,13.85,13.85,0,0,0,0,0,0,0,0,0,0,0],
[0,0,0,0,0,0,0,0,0,0,0,0,18.11,18.11,18.11,18.11,18.11,18.11,18.11,18.11,18.11,18.11,18.11,18.11,18.11,18.11,18.11,18.11,18.11,18.11,18.11,18.11,18.11,18.11,18.11,18.11,18.11,18.11,18.11,18.11,18.11,18.11,18.11,18.11,18.13,18.16,18.06,17.59,17.06,16.54,16.05,15.48,14.96,14.43,13.91,13.89,13.86,13.85,13.85,13.85,13.85,13.85,13.85,13.85,13.85,13.85,13.85,13.85,13.85,13.85,13.85,13.85,13.85,13.85,13.85,13.85,13.85,13.85,13.85,13.85,13.85,13.85,13.85,13.85,13.85,13.85,13.85,13.85,13.85,0,0,0,0,0,0,0,0,0,0,0],
[0,0,0,0,0,0,0,0,0,0,0,0,18.11,18.11,18.11,18.11,18.11,18.11,18.11,18.11,18.11,18.11,18.11,18.11,18.11,18.11,18.11,18.11,18.11,18.11,18.11,18.11,18.11,18.11,18.11,18.11,18.11,18.11,18.11,18.11,18.11,18.11,18.11,18.11,18.13,18.16,18.05,17.58,17.05,16.54,16.05,15.47,14.96,14.44,13.91,13.89,13.86,13.85,13.85,13.85,13.85,13.85,13.85,13.85,13.85,13.85,13.85,13.85,13.85,13.85,13.85,13.85,13.85,13.85,13.85,13.85,13.85,13.85,13.85,13.85,13.85,13.85,13.85,13.85,13.85,13.85,13.85,13.85,13.85,0,0,0,0,0,0,0,0,0,0,0],
[0,0,0,0,0,0,0,0,0,0,0,0,18.11,18.11,18.11,18.11,18.11,18.11,18.11,18.11,18.11,18.11,18.11,18.11,18.11,18.11,18.11,18.11,18.11,18.11,18.11,18.11,18.11,18.11,18.11,18.11,18.11,18.11,18.11,18.11,18.11,18.11,18.11,18.11,18.13,18.16,18.05,17.58,17.05,16.54,16.05,15.47,14.95,14.44,13.92,13.89,13.86,13.85,13.85,13.85,13.85,13.85,13.85,13.85,13.85,13.85,13.85,13.85,13.85,13.85,13.85,13.85,13.85,13.85,13.85,13.85,13.85,13.85,13.85,13.85,13.85,13.85,13.85,13.85,13.85,13.85,13.85,13.85,13.85,0,0,0,0,0,0,0,0,0,0,0],
[0,0,0,0,0,0,0,0,0,0,0,0,18.11,18.11,18.11,18.11,18.11,18.11,18.11,18.11,18.11,18.11,18.11,18.11,18.11,18.11,18.11,18.11,18.11,18.11,18.11,18.11,18.11,18.11,18.11,18.11,18.11,18.11,18.11,18.11,18.11,18.11,18.11,18.11,18.13,18.16,18.06,17.60,17.08,16.56,16.05,15.51,15.00,14.48,14.01,13.89,13.86,13.85,13.85,13.85,13.85,13.85,13.85,13.85,13.85,13.85,13.85,13.85,13.85,13.85,13.85,13.85,13.85,13.85,13.85,13.85,13.85,13.85,13.85,13.85,13.85,13.85,13.85,13.85,13.85,13.85,13.85,13.85,13.85,0,0,0,0,0,0,0,0,0,0,0],
[0,0,0,0,0,0,0,0,0,0,0,0,18.11,18.11,18.11,18.11,18.11,18.11,18.11,18.11,18.11,18.11,18.11,18.11,18.11,18.11,18.11,18.11,18.11,18.11,18.11,18.11,18.11,18.11,18.11,18.11,18.11,18.11,18.11,18.11,18.11,18.11,18.11,18.11,18.13,18.16,18.06,17.61,17.09,16.57,16.05,15.53,15.02,14.50,14.04,13.89,13.86,13.85,13.85,13.85,13.85,13.85,13.85,13.85,13.85,13.85,13.85,13.85,13.85,13.85,13.85,13.85,13.85,13.85,13.85,13.85,13.85,13.85,13.85,13.85,13.85,13.85,13.85,13.85,13.85,13.85,13.85,13.85,13.85,0,0,0,0,0,0,0,0,0,0,0],
[0,0,0,0,0,0,0,0,0,0,0,0,18.11,18.11,18.11,18.11,18.11,18.11,18.11,18.11,18.11,18.11,18.11,18.11,18.11,18.11,18.11,18.11,18.11,18.11,18.11,18.11,18.11,18.11,18.11,18.11,18.11,18.11,18.11,18.11,18.11,18.11,18.11,18.11,18.11,18.11,0,0,0,0,0,0,0,0,0,0,13.85,13.85,13.85,13.85,13.85,13.85,13.85,13.85,13.85,13.85,13.85,13.85,13.85,13.85,13.85,13.85,13.85,13.85,13.85,13.85,13.85,13.85,13.85,13.85,13.85,13.85,13.85,13.85,13.85,13.85,13.85,13.85,13.85,0,0,0,0,0,0,0,0,0,0,0],
[0,0,0,0,0,0,0,0,0,0,0,0,18.11,18.11,18.11,18.11,18.11,18.11,18.11,18.11,18.11,18.11,18.11,18.11,18.11,18.11,18.11,18.11,18.11,18.11,18.11,18.11,18.11,18.11,18.11,18.11,18.11,18.11,18.11,18.11,18.11,18.11,18.11,18.11,18.11,18.11,0,0,0,0,0,0,0,0,0,13.85,13.85,13.85,13.85,13.85,13.85,13.85,13.85,13.85,13.85,13.85,13.85,13.85,13.85,13.85,13.85,13.85,13.85,13.85,13.85,13.85,13.85,13.85,13.85,13.85,13.85,13.85,13.85,13.85,13.85,13.85,13.85,13.85,13.85,0,0,0,0,0,0,0,0,0,0,0],
[0,0,0,0,0,0,0,0,0,0,0,0,18.11,18.11,18.11,18.11,18.11,18.11,18.11,18.11,18.11,18.11,18.11,18.11,18.11,18.11,18.11,18.11,18.11,18.11,18.11,18.11,18.11,18.11,18.11,18.11,18.11,18.11,18.11,18.11,18.11,18.11,18.11,18.11,18.11,18.11,0,0,0,0,0,0,0,0,0,13.85,13.85,13.85,13.85,13.85,13.85,13.85,13.85,13.85,13.85,13.85,13.85,13.85,13.85,13.85,13.85,13.85,13.85,13.85,13.85,13.85,13.85,13.85,13.85,13.85,13.85,13.85,13.85,13.85,13.85,13.85,13.85,13.85,13.85,0,0,0,0,0,0,0,0,0,0,0],
[0,0,0,0,0,0,0,0,0,0,0,0,18.11,18.11,18.11,18.11,18.11,18.11,18.11,18.11,18.11,18.11,18.11,18.11,18.11,18.11,18.11,18.11,18.11,18.11,18.11,18.11,18.11,18.11,18.11,18.11,18.11,18.11,18.11,18.11,18.11,18.11,18.11,18.11,18.11,18.11,0,0,0,0,0,0,0,0,0,13.85,13.85,13.85,13.85,13.85,13.85,13.85,13.85,13.85,13.85,13.85,13.85,13.85,13.85,13.85,13.85,13.85,13.85,13.85,13.85,13.85,13.85,13.85,13.85,13.85,13.85,13.85,13.85,13.85,13.85,13.85,13.85,13.85,13.85,0,0,0,0,0,0,0,0,0,0,0],
[0,0,0,0,0,0,0,0,0,0,0,0,18.11,18.11,18.11,18.11,18.11,18.11,18.11,18.11,18.11,18.11,18.11,18.11,18.11,18.11,18.11,18.11,18.11,18.11,18.11,18.11,18.11,18.11,18.11,18.11,18.11,18.11,18.11,18.11,18.11,18.11,18.11,18.11,18.11,18.11,0,0,0,0,0,0,0,0,0,13.85,13.85,13.85,13.85,13.85,13.85,13.85,13.85,13.85,13.85,13.85,13.85,13.85,13.85,13.85,13.85,13.85,13.85,13.85,13.85,13.85,13.85,13.85,13.85,13.85,13.85,13.85,13.85,13.85,13.85,13.85,13.85,13.85,13.85,0,0,0,0,0,0,0,0,0,0,0],
[0,0,0,0,0,0,0,0,0,0,0,0,18.11,18.11,18.11,18.11,18.11,18.11,18.11,18.11,18.11,18.11,18.11,18.11,18.11,18.11,18.11,18.11,18.11,18.11,18.11,18.11,18.11,18.11,18.11,18.11,18.11,18.11,18.11,18.11,18.11,18.11,18.11,18.11,18.11,18.11,0,0,0,0,0,0,0,0,0,13.85,13.85,13.85,13.85,13.85,13.85,13.85,13.85,13.85,13.85,13.85,13.85,13.85,13.85,13.85,13.85,13.85,13.85,13.85,13.85,13.85,13.85,13.85,13.85,13.85,13.85,13.85,13.85,13.85,13.85,13.85,13.85,13.85,13.85,0,0,0,0,0,0,0,0,0,0,0],
[0,0,0,0,0,0,0,0,0,0,0,0,18.11,18.11,18.11,18.11,18.11,18.11,18.11,18.11,18.11,18.11,18.11,18.11,18.11,18.11,18.11,18.11,18.11,18.11,18.11,18.11,18.11,18.11,18.11,18.11,18.11,18.11,18.11,18.11,18.11,18.11,18.11,18.11,18.11,18.11,0,0,0,0,0,0,0,0,0,13.85,13.85,13.85,13.85,13.85,13.85,13.85,13.85,13.85,13.85,13.85,13.85,13.85,13.85,13.85,13.85,13.85,13.85,13.85,13.85,13.85,13.85,13.85,13.85,13.85,13.85,13.85,13.85,13.85,13.85,13.85,13.85,13.85,13.85,0,0,0,0,0,0,0,0,0,0,0],
[0,0,0,0,0,0,0,0,0,0,0,0,18.11,18.11,18.11,18.11,18.11,18.11,18.11,18.11,18.11,18.11,18.11,18.11,18.11,18.11,18.11,18.11,18.11,18.11,18.11,18.11,18.11,18.11,18.11,18.11,18.11,18.11,18.11,18.11,18.11,18.11,18.11,18.11,18.11,18.11,0,0,0,0,0,0,0,0,0,13.85,13.85,13.85,13.85,13.85,13.85,13.85,13.85,13.85,13.85,13.85,13.85,13.85,13.85,13.85,13.85,13.85,13.85,13.85,13.85,13.85,13.85,13.85,13.85,13.85,13.85,13.85,13.85,13.85,13.85,13.85,13.85,13.85,13.85,0,0,0,0,0,0,0,0,0,0,0],
[0,0,0,0,0,0,0,0,0,0,0,0,18.11,18.11,18.11,18.11,18.11,18.11,18.11,18.11,18.11,18.11,18.11,18.11,18.11,18.11,18.11,18.11,18.11,18.11,18.11,18.11,18.11,18.11,18.11,18.11,18.11,18.11,18.11,18.11,18.11,18.11,18.11,18.11,18.11,18.11,0,0,0,0,0,0,0,0,0,13.85,13.85,13.85,13.85,13.85,13.85,13.85,13.85,13.85,13.85,13.85,13.85,13.85,13.85,13.85,13.85,13.85,13.85,13.85,13.85,13.85,13.85,13.85,13.85,13.85,13.85,13.85,13.85,13.85,13.85,13.85,13.85,13.85,13.85,0,0,0,0,0,0,0,0,0,0,0],
[0,0,0,0,0,0,0,0,0,0,0,0,18.11,18.11,18.11,18.11,18.11,18.11,18.11,18.11,18.11,18.11,18.11,18.11,18.11,18.11,18.11,18.11,18.11,18.11,18.11,18.11,18.11,18.11,18.11,18.11,18.11,18.11,18.11,18.11,18.11,18.11,18.11,18.11,18.11,18.11,0,0,0,0,0,0,0,0,0,13.85,13.85,13.85,13.85,13.85,13.85,13.85,13.85,13.85,13.85,13.85,13.85,13.85,13.85,13.85,13.85,13.85,13.85,13.85,13.85,13.85,13.85,13.85,13.85,13.85,13.85,13.85,13.85,13.85,13.85,13.85,13.85,13.85,13.85,0,0,0,0,0,0,0,0,0,0,0],
[0,0,0,0,0,0,0,0,0,0,0,0,18.11,18.11,18.11,18.11,18.11,18.11,18.11,18.11,18.11,18.11,18.11,18.11,18.11,18.11,18.11,18.11,18.11,18.11,18.11,18.11,18.11,18.11,18.11,18.11,18.11,18.11,18.11,18.11,18.11,18.11,18.11,18.11,18.11,18.11,0,0,0,0,0,0,0,0,0,13.85,13.85,13.85,13.85,13.85,13.85,13.85,13.85,13.85,13.85,13.85,13.85,13.85,13.85,13.85,13.85,13.85,13.85,13.85,13.85,13.85,13.85,13.85,13.85,13.85,13.85,13.85,13.85,13.85,13.85,13.85,13.85,13.85,13.85,0,0,0,0,0,0,0,0,0,0,0],
[0,0,0,0,0,0,0,0,0,0,0,0,18.11,18.11,18.11,18.11,18.11,18.11,18.11,18.11,18.11,18.11,18.11,18.11,18.11,18.11,18.11,18.11,18.11,18.11,18.11,18.11,18.11,18.11,18.11,18.11,18.11,18.11,18.11,18.11,18.11,18.11,18.11,18.11,18.11,18.11,0,0,0,0,0,0,0,0,0,13.85,13.85,13.85,13.85,13.85,13.85,13.85,13.85,13.85,13.85,13.85,13.85,13.85,13.85,13.85,13.85,13.85,13.85,13.85,13.85,13.85,13.85,13.85,13.85,13.85,13.85,13.85,13.85,13.85,13.85,13.85,13.85,13.85,13.85,0,0,0,0,0,0,0,0,0,0,0],
[0,0,0,0,0,0,0,0,0,0,0,0,0,18.11,18.11,18.11,18.11,18.11,18.11,18.11,18.11,18.11,18.11,18.11,18.11,18.11,18.11,18.11,18.11,18.11,18.11,18.11,18.11,18.11,18.11,18.11,18.11,18.11,18.11,18.11,18.11,18.11,18.11,18.11,0,0,0,0,0,0,0,0,0,0,0,0,13.85,13.85,13.85,13.85,13.85,13.85,13.85,13.85,13.85,13.85,13.85,13.85,13.85,13.85,13.85,13.85,13.85,13.85,13.85,13.85,13.85,13.85,13.85,13.85,13.85,13.85,13.85,13.85,13.85,13.85,13.85,13.85,0,0,0,0,0,0,0,0,0,0,0,0],
[0,0,0,0,0,0,0,0,0,0,0,0,0,0,0,0,0,0,0,0,0,0,0,0,0,0,0,0,0,0,0,0,0,0,0,0,0,0,0,0,0,0,0,0,0,0,0,0,0,0,0,0,0,0,0,0,0,13.85,13.85,13.85,13.85,13.85,13.85,13.85,13.85,13.85,13.85,13.85,13.85,13.85,13.85,13.85,13.85,13.85,13.85,13.85,13.85,13.85,13.85,13.85,13.85,13.85,13.85,13.85,13.85,13.85,13.85,0,0,0,0,0,0,0,0,0,0,0,0,0],
[0,0,0,0,0,0,0,0,0,0,0,0,0,0,0,0,0,0,0,0,0,0,0,0,0,0,0,0,0,0,0,0,0,0,0,0,0,0,0,0,0,0,0,0,0,0,0,0,0,0,0,0,0,0,0,0,0,0,0,0,0,0,0,0,0,0,0,0,0,0,0,0,0,0,0,0,0,0,0,0,0,0,0,0,0,0,0,0,0,0,0,0,0,0,0,0,0,0,0,0],
[0,0,0,0,0,0,0,0,0,0,0,0,0,0,0,0,0,0,0,0,0,0,0,0,0,0,0,0,0,0,0,0,0,0,0,0,0,0,0,0,0,0,0,0,0,0,0,0,0,0,0,0,0,0,0,0,0,0,0,0,0,0,0,0,0,0,0,0,0,0,0,0,0,0,0,0,0,0,0,0,0,0,0,0,0,0,0,0,0,0,0,0,0,0,0,0,0,0,0,0],
[0,0,0,0,0,0,0,0,0,0,0,0,0,0,0,0,0,0,0,0,0,0,0,0,0,0,0,0,0,0,0,0,0,0,0,0,0,0,0,0,0,0,0,0,0,0,0,0,0,0,0,0,0,0,0,0,0,0,0,0,0,0,0,0,0,0,0,0,0,0,0,0,0,0,0,0,0,0,0,0,0,0,0,0,0,0,0,0,0,0,0,0,0,0,0,0,0,0,0,0],
[0,0,0,0,0,0,0,0,0,0,0,0,0,0,0,0,0,0,0,0,0,0,0,0,0,0,0,0,0,0,0,0,0,0,0,0,0,0,0,0,0,0,0,0,0,0,0,0,0,0,0,0,0,0,0,0,0,0,0,0,0,0,0,0,0,0,0,0,0,0,0,0,0,0,0,0,0,0,0,0,0,0,0,0,0,0,0,0,0,0,0,0,0,0,0,0,0,0,0,0],
[0,0,0,0,0,0,0,0,0,0,0,0,0,0,0,0,0,0,0,0,0,0,0,0,0,0,0,0,0,0,0,0,0,0,0,0,0,0,0,0,0,0,0,0,0,0,0,0,0,0,0,0,0,0,0,0,0,0,0,0,0,0,0,0,0,0,0,0,0,0,0,0,0,0,0,0,0,0,0,0,0,0,0,0,0,0,0,0,0,0,0,0,0,0,0,0,0,0,0,0],
[0,0,0,0,0,0,0,0,0,0,0,0,0,0,0,0,0,0,0,0,0,0,0,0,0,0,0,0,0,0,0,0,0,0,0,0,0,0,0,0,0,0,0,0,0,0,0,0,0,0,0,0,0,0,0,0,0,0,0,0,0,0,0,0,0,0,0,0,0,0,0,0,0,0,0,0,0,0,0,0,0,0,0,0,0,0,0,0,0,0,0,0,0,0,0,0,0,0,0,0],
[0,0,0,0,0,0,0,0,0,0,0,0,0,0,0,0,0,0,0,0,0,0,0,0,0,0,0,0,0,0,0,0,0,0,0,0,0,0,0,0,0,0,0,0,0,0,0,0,0,0,0,0,0,0,0,0,0,0,0,0,0,0,0,0,0,0,0,0,0,0,0,0,0,0,0,0,0,0,0,0,0,0,0,0,0,0,0,0,0,0,0,0,0,0,0,0,0,0,0,0],
[0,0,0,0,0,0,0,0,0,0,0,0,0,0,0,0,0,0,0,0,0,0,0,0,0,0,0,0,0,0,0,0,0,0,0,0,0,0,0,0,0,0,0,0,0,0,0,0,0,0,0,0,0,0,0,0,0,0,0,0,0,0,0,0,0,0,0,0,0,0,0,0,0,0,0,0,0,0,0,0,0,0,0,0,0,0,0,0,0,0,0,0,0,0,0,0,0,0,0,0],
[0,0,0,0,0,0,0,0,0,0,0,0,0,0,0,0,0,0,0,0,0,0,0,0,0,0,0,0,0,0,0,0,0,0,0,0,0,0,0,0,0,0,0,0,0,0,0,0,0,0,0,0,0,0,0,0,0,0,0,0,0,0,0,0,0,0,0,0,0,0,0,0,0,0,0,0,0,0,0,0,0,0,0,0,0,0,0,0,0,0,0,0,0,0,0,0,0,0,0,0],
[0,0,0,0,0,0,0,0,0,0,0,0,0,0,0,0,0,0,0,0,0,0,0,0,0,0,0,0,0,0,0,0,0,0,0,0,0,0,0,0,0,0,0,0,0,0,0,0,0,0,0,0,0,0,0,0,0,0,0,0,0,0,0,0,0,0,0,0,0,0,0,0,0,0,0,0,0,0,0,0,0,0,0,0,0,0,0,0,0,0,0,0,0,0,0,0,0,0,0,0],
[0,0,0,0,0,0,0,0,0,0,0,0,0,0,0,0,0,0,0,0,0,0,0,0,0,0,0,0,0,0,0,0,0,0,0,0,0,0,0,0,0,0,0,0,0,0,0,0,0,0,0,0,0,0,0,0,0,0,0,0,0,0,0,0,0,0,0,0,0,0,0,0,0,0,0,0,0,0,0,0,0,0,0,0,0,0,0,0,0,0,0,0,0,0,0,0,0,0,0,0],
[0,0,0,0,0,0,0,0,0,0,0,0,0,0,0,0,0,0,0,0,0,0,0,0,0,0,0,0,0,0,0,0,0,0,0,0,0,0,0,0,0,0,0,0,0,0,0,0,0,0,0,0,0,0,0,0,0,0,0,0,0,0,0,0,0,0,0,0,0,0,0,0,0,0,0,0,0,0,0,0,0,0,0,0,0,0,0,0,0,0,0,0,0,0,0,0,0,0,0,0],
[0,0,0,0,0,0,0,0,0,0,0,0,0,0,0,0,0,0,0,0,0,0,0,0,0,0,0,0,0,0,0,0,0,0,0,0,0,0,0,0,0,0,0,0,0,0,0,0,0,0,0,0,0,0,0,0,0,0,0,0,0,0,0,0,0,0,0,0,0,0,0,0,0,0,0,0,0,0,0,0,0,0,0,0,0,0,0,0,0,0,0,0,0,0,0,0,0,0,0,0],
[0,0,0,0,0,0,0,0,0,0,0,0,0,0,0,0,0,0,0,0,0,0,0,0,0,0,0,0,0,0,0,0,0,0,0,0,0,0,0,0,0,0,0,0,0,0,0,0,0,0,0,0,0,0,0,0,0,0,0,0,0,0,0,0,0,0,0,0,0,0,0,0,0,0,0,0,0,0,0,0,0,0,0,0,0,0,0,0,0,0,0,0,0,0,0,0,0,0,0,0],
[0,0,0,0,0,0,0,0,0,0,0,0,0,0,0,0,0,0,0,0,0,0,0,0,0,0,0,0,0,0,0,0,0,0,0,0,0,0,0,0,0,0,0,0,0,0,0,0,0,0,0,0,0,0,0,0,0,0,0,0,0,0,0,0,0,0,0,0,0,0,0,0,0,0,0,0,0,0,0,0,0,0,0,0,0,0,0,0,0,0,0,0,0,0,0,0,0,0,0,0],
[0,0,0,0,0,0,0,0,0,0,0,0,0,0,0,0,0,0,0,0,0,0,0,0,0,0,0,0,0,0,0,0,0,0,0,0,0,0,0,0,0,0,0,0,0,0,0,0,0,0,0,0,0,0,0,0,0,0,0,0,0,0,0,0,0,0,0,0,0,0,0,0,0,0,0,0,0,0,0,0,0,0,0,0,0,0,0,0,0,0,0,0,0,0,0,0,0,0,0,0]]