[[0,0,0,0,0,0,0,0,0,0,0,0,0,0,0,0,0,0,0,0,0,0,0,0,0,0,0,0,0,0,0,0,0,0,0,0,0,0,0,0,0,0,0,0,0,0,0,0,0,0,0,0,0,0,0,0,0,0,0,0,0,0,0,0,0,0,0,0,0,0,0,0,0,0,0,0,0,0,0,0,0,0,0,0,0,0,0,0,0,0,0,0,0,0,0,0,0,0,0,0,0,0,0,0,0,0,0,0,0,0,0,0,0,0,0,0,0,0,0,0,0,0,0,0,0,0,0,0,0,0,0,0,0,0,0,0,0,0,0,0,0,0,0,0,0,0,0,0,0,0],
[0,0,0,0,0,0,0,0,0,0,0,0,0,0,0,0,0,0,0,0,0,0,0,0,0,0,0,0,0,0,0,0,0,0,0,0,0,0,0,0,0,0,0,0,0,0,0,0,0,0,0,0,0,0,0,0,0,0,0,0,0,0,0,0,0,0,0,0,0,0,0,0,0,0,0,0,0,0,0,0,0,0,0,0,0,0,0,0,0,0,0,0,0,0,0,0,0,0,0,0,0,0,0,0,0,0,0,0,0,0,0,0,0,0,0,0,0,0,0,0,0,0,0,0,0,0,0,0,0,0,0,0,0,0,0,0,0,0,0,0,0,0,0,0,0,0,0,0,0,0],
[0,0,0,0,0,0,0,0,0,0,0,0,0,0,0,0,0,0,0,0,0,0,0,0,0,0,0,0,0,0,0,0,0,0,0,0,0,0,0,0,0,0,0,0,0,0,0,0,0,0,0,0,0,0,0,0,0,0,0,0,0,0,0,0,0,0,0,0,0,0,0,0,0,0,0,0,0,0,0,0,0,0,0,0,0,0,0,0,0,0,0,0,0,0,0,0,0,0,0,0,0,0,0,0,0,0,0,0,0,0,0,0,0,0,0,0,0,0,0,0,0,0,0,0,0,0,0,0,0,0,0,0,0,0,0,0,0,0,0,0,0,0,0,0,0,0,0,0,0,0],
[0,0,0,0,0,0,0,0,0,0,0,0,0,0,0,0,0,0,0,0,0,0,0,0,0,0,0,0,0,0,0,0,0,0,0,0,0,0,0,0,0,0,0,0,0,0,0,0,0,0,0,0,0,0,0,0,0,0,0,0,0,0,0,0,0,0,0,0,0,0,0,0,0,0,0,0,0,0,0,0,0,0,0,0,0,0,0,0,0,0,0,0,0,0,0,0,0,0,0,0,0,0,0,0,0,0,0,0,0,0,0,0,0,0,0,0,0,0,0,0,0,0,0,0,0,0,0,0,0,0,0,0,0,0,0,0,0,0,0,0,0,0,0,0,0,0,0,0,0,0],
[0,0,0,0,0,0,0,0,0,0,0,0,0,0,0,0,0,0,0,0,0,0,0,0,0,0,0,0,0,0,0,0,0,0,0,0,0,0,0,0,0,0,0,0,0,0,0,0,0,0,0,0,0,0,0,0,0,0,0,0,0,0,0,0,0,0,0,0,0,0,0,0,0,0,0,0,0,0,0,0,0,0,0,0,0,0,0,0,0,0,0,0,0,0,0,0,0,0,0,0,0,0,0,0,0,0,0,0,0,0,0,0,0,0,0,0,0,0,0,0,0,0,0,0,0,0,0,0,0,0,0,0,0,0,0,0,0,0,0,0,0,0,0,0,0,0,0,0,0,0],
[0,0,0,0,0,0,0,0,0,0,0,0,0,0,0,0,0,0,0,0,0,0,0,0,0,0,0,0,0,0,0,0,0,0,0,0,0,0,0,0,0,0,0,0,0,0,0,0,0,0,0,0,0,0,0,0,0,0,0,0,0,0,0,0,0,0,0,0,0,0,0,0,0,0,0,0,0,0,0,0,0,0,0,0,0,0,0,0,0,0,0,0,0,0,0,0,0,0,0,0,0,0,0,0,0,0,0,0,0,0,0,0,0,0,0,0,0,0,0,0,0,0,0,0,0,0,0,0,0,0,0,0,0,0,0,0,0,0,0,0,0,0,0,0,0,0,0,0,0,0],
[0,0,0,0,0,0,0,0,0,0,0,0,0,0,0,0,0,0,0,0,0,0,0,0,0,0,0,0,0,0,0,0,0,0,0,0,0,0,0,0,0,0,0,0,0,0,0,0,0,0,0,0,0,0,0,0,0,0,0,0,0,0,0,0,0,0,0,0,0,0,0,0,0,0,0,0,0,0,0,0,0,0,0,0,0,0,0,0,0,0,0,0,0,0,0,0,0,0,0,0,0,0,0,0,0,0,0,0,0,0,0,0,0,0,0,0,0,0,0,0,0,0,0,0,0,0,0,0,0,0,0,0,0,0,0,0,0,0,0,0,0,0,0,0,0,0,0,0,0,0],
[0,0,0,0,0,0,0,0,0,0,0,0,0,0,0,0,0,0,0,0,0,0,0,0,0,0,0,0,0,0,0,0,0,0,0,0,0,0,0,0,0,0,0,0,0,0,0,0,0,0,0,0,0,0,0,0,0,0,0,0,0,0,0,0,0,0,0,0,0,0,0,0,0,0,0,0,0,0,0,0,0,0,0,0,0,0,0,0,0,0,0,0,0,0,0,0,0,0,0,0,0,0,0,0,0,0,0,0,0,0,0,0,0,0,0,0,0,0,0,0,0,0,0,0,0,0,0,0,0,0,0,0,0,0,0,0,0,0,0,0,0,0,0,0,0,0,0,0,0,0],
[0,0,0,0,0,0,0,0,0,0,0,0,0,0,0,0,0,0,0,0,0,0,0,0,0,0,0,0,0,0,0,0,0,0,0,0,0,0,0,0,0,0,0,0,0,0,0,0,0,0,0,0,0,0,0,0,0,0,0,0,0,0,0,0,0,0,0,0,0,0,0,0,0,0,0,0,0,0,0,0,0,0,0,0,0,0,0,0,0,0,0,0,0,0,0,0,0,0,0,0,0,0,0,0,0,0,0,0,0,0,0,0,0,0,0,0,0,0,0,0,0,0,0,0,0,0,0,0,0,0,0,0,0,0,0,0,0,0,0,0,0,0,0,0,0,0,0,0,0,0],
[0,0,0,0,0,0,0,0,0,0,0,0,0,0,0,0,0,0,0,0,0,0,0,0,0,0,0,0,0,0,0,0,0,0,0,0,0,0,0,0,0,0,0,0,0,0,0,0,0,0,0,0,0,0,0,0,0,0,0,0,0,0,0,0,0,0,0,0,0,0,0,0,0,0,0,0,0,0,0,0,0,0,0,0,0,0,0,0,0,0,0,0,0,0,0,0,0,0,0,0,0,0,0,0,0,0,0,0,0,0,0,0,0,0,0,0,0,0,0,0,0,0,0,0,0,0,0,0,0,0,0,0,0,0,0,0,0,0,0,0,0,0,0,0,0,0,0,0,0,0],
[0,0,0,0,0,0,0,0,0,0,0,0,0,0,0,0,0,0,0,0,0,0,0,0,0,0,0,0,0,0,0,0,0,0,0,0,0,0,0,0,0,0,0,0,0,0,0,0,0,0,0,0,0,0,0,0,0,0,0,0,0,0,0,0,0,0,0,0,0,0,0,0,0,0,0,0,0,0,0,0,0,0,0,0,0,0,0,0,0,0,0,0,0,0,0,0,0,0,0,0,0,0,0,0,0,0,0,0,0,0,0,0,0,0,0,0,0,0,0,0,0,0,0,0,0,0,0,0,0,0,0,0,0,0,0,0,0,0,0,0,0,0,0,0,0,0,0,0,0,0],
[0,0,0,0,0,0,0,0,0,0,0,0,0,0,0,0,0,0,0,0,0,0,0,0,0,0,0,0,0,0,0,0,0,0,0,0,0,0,0,0,0,0,0,0,0,0,0,0,0,0,0,0,0,0,0,0,0,0,0,0,0,0,0,0,0,0,0,0,0,0,0,0,0,0,0,0,0,0,0,0,0,0,0,0,0,0,0,0,0,0,0,0,0,0,0,0,0,0,0,0,0,0,0,0,0,0,0,0,0,0,0,0,0,0,0,0,0,0,0,0,0,0,0,0,0,0,0,0,0,0,0,0,0,0,0,0,0,0,0,0,0,0,0,0,0,0,0,0,0,0],
[0,0,0,0,0,0,0,0,0,0,0,0,0,0,0,0,0,0,0,0,0,0,0,0,0,0,0,0,0,0,0,0,0,0,0,0,0,0,0,0,0,0,0,0,0,0,0,0,0,0,0,0,0,0,0,0,0,0,0,0,0,0,0,0,0,0,0,0,0,0,0,0,0,0,0,0,0,0,0,0,0,0,0,0,0,0,0,0,0,0,0,0,0,0,0,0,0,0,0,0,0,0,0,0,0,0,0,0,0,0,0,0,0,0,0,0,0,0,0,0,0,0,0,0,0,0,0,0,0,0,0,0,0,0,0,0,0,0,0,0,0,0,0,0,0,0,0,0,0,0],
[0,0,0,0,0,0,0,0,0,0,0,0,0,0,0,0,0,0,0,0,0,0,0,0,0,0,0,0,0,0,0,0,0,0,0,0,0,0,0,0,0,0,0,0,0,0,0,0,0,0,0,0,0,0,0,0,0,0,0,0,0,0,0,0,0,0,0,0,0,0,0,0,0,0,0,0,0,0,0,0,0,0,0,0,0,0,0,0,0,0,0,0,0,0,0,0,29.61,29.77,29.79,29.82,29.76,0,0,0,0,0,0,0,0,0,0,0,0,0,0,0,0,0,0,0,0,0,0,0,0,0,0,0,0,0,0,0,0,0,0,0,0,0,0,0,0,0,0,0,0,0,0,0,0,0],
[0,0,0,0,0,0,0,0,0,0,0,0,0,0,0,0,0,0,0,0,0,0,0,0,0,0,0,0,0,0,0,0,0,0,0,0,0,0,0,0,0,0,0,0,0,0,0,0,0,0,0,0,0,0,0,0,0,0,0,0,0,0,0,0,0,0,0,0,0,0,0,0,0,0,0,0,0,0,0,0,0,0,0,0,0,0,0,0,0,0,0,0,0,0,0,29.36,29.48,29.62,29.66,29.65,29.57,0,0,0,0,0,0,0,0,0,0,0,0,0,0,0,0,0,0,0,0,0,0,0,0,0,0,0,0,0,0,0,0,0,0,0,0,0,0,0,0,0,0,0,0,0,0,0,0,0],
[0,0,0,0,0,0,0,0,0,0,0,0,0,0,0,0,0,0,0,0,0,0,0,0,0,0,0,0,0,0,0,0,0,0,0,0,0,0,0,0,0,0,0,0,0,0,0,0,0,0,0,0,0,0,0,0,0,0,0,0,0,0,0,0,0,0,0,0,0,0,0,0,0,0,0,0,0,0,0,0,0,0,0,0,0,0,0,0,0,0,0,0,0,0,0,29.31,29.36,29.45,29.45,29.41,29.37,29.26,0,0,0,0,0,0,0,0,28.95,28.95,28.95,28.95,0,0,0,0,0,0,0,0,0,0,0,0,0,0,0,0,0,0,0,0,0,0,0,0,0,0,0,0,0,0,0,0,0,0,0,0],
[0,0,0,0,0,0,0,0,0,0,0,0,0,0,0,0,0,0,0,0,0,0,0,0,0,0,0,0,0,0,0,0,0,0,0,0,0,0,0,0,0,0,0,0,0,0,0,0,0,0,0,0,0,0,0,0,0,0,0,0,0,0,0,0,0,0,0,0,0,0,0,0,0,0,0,0,0,0,0,0,0,0,0,0,0,0,0,0,0,0,0,0,0,0,29.24,29.29,29.32,29.38,29.32,29.25,29.21,29.13,29.03,0,0,0,0,0,0,0,28.95,28.95,28.95,28.95,28.95,0,0,0,0,0,0,0,0,0,0,0,0,0,0,0,0,0,0,0,0,0,0,0,0,0,0,0,0,0,0,0,0,0,0,0],
[0,0,0,0,0,0,0,0,0,0,0,0,0,0,0,0,0,0,0,0,0,0,0,29.72,29.83,29.88,0,0,0,0,0,0,0,0,0,0,0,0,0,0,0,0,0,0,0,0,0,0,0,0,0,0,0,0,0,0,0,0,0,0,0,0,0,0,0,0,0,0,0,0,0,0,0,0,0,0,0,0,0,0,0,0,0,0,0,0,0,0,0,0,0,0,0,0,29.24,29.28,29.31,29.34,29.30,29.21,29.11,28.97,28.95,28.95,28.95,28.95,28.95,28.95,28.95,28.95,28.95,28.95,28.95,28.95,28.95,0,0,0,0,0,0,0,0,0,0,0,0,0,0,0,0,0,0,0,0,0,0,0,0,0,0,0,0,0,0,0,0,0,0,0],
[0,0,0,0,0,0,0,0,0,0,0,0,0,0,0,0,0,0,0,0,0,29.46,29.58,29.70,29.80,29.78,0,0,0,0,0,0,0,0,0,0,0,0,0,0,0,0,0,0,0,0,0,0,0,0,0,0,0,0,0,0,0,0,0,0,0,0,0,0,0,0,0,0,0,0,0,0,0,0,0,0,0,0,0,0,0,0,0,0,0,0,0,0,0,0,0,0,0,0,29.24,29.26,29.29,29.31,29.26,29.15,29.00,28.96,28.96,28.96,28.96,28.95,28.95,28.95,28.95,28.95,28.95,28.95,28.95,28.95,28.95,0,0,0,0,0,0,0,0,0,0,0,0,0,0,0,0,0,0,0,0,0,0,0,0,0,0,0,0,0,0,0,0,0,0,0],
[0,0,0,0,0,0,0,0,0,0,0,0,0,0,0,0,0,0,0,0,29.38,29.41,29.50,29.61,29.67,29.56,29.46,0,0,0,0,0,0,0,0,0,0,0,0,0,0,0,0,0,0,0,0,0,0,0,0,0,0,0,0,0,0,0,0,0,0,0,0,0,0,0,0,0,0,0,0,0,0,0,0,0,0,0,0,0,0,0,0,0,0,0,0,0,0,0,0,0,0,29.24,29.24,29.26,29.28,29.26,29.09,29.02,28.97,28.97,28.97,28.96,28.95,28.95,28.95,28.95,28.95,28.95,28.95,28.95,28.95,28.95,28.95,28.95,0,0,0,0,0,0,0,0,0,0,0,0,0,0,0,0,0,0,0,0,0,0,0,0,0,0,0,0,0,0,0,0,0,0],
[0,0,0,0,0,0,0,0,0,0,0,0,0,0,0,0,0,0,0,0,29.35,29.40,29.48,29.57,29.53,29.40,29.23,29.07,28.95,28.95,28.95,28.95,28.95,0,0,0,0,0,0,0,0,0,0,0,0,0,0,0,0,0,0,0,0,0,0,0,0,0,0,0,0,0,0,0,0,0,0,0,0,0,0,0,0,0,0,0,0,0,0,0,0,0,0,0,0,0,0,28.95,28.95,28.95,0,0,0,29.24,29.25,29.26,29.21,29.11,29.02,28.99,28.98,28.98,28.97,28.96,28.95,28.95,28.95,28.95,28.95,28.95,28.95,28.95,28.95,28.95,28.95,28.95,28.95,0,0,0,0,0,28.95,28.95,0,0,0,0,0,0,0,0,0,0,0,0,0,0,0,0,0,0,0,0,0,0,0,0,0,0],
[0,0,0,0,0,0,0,0,0,0,0,0,0,0,0,0,0,0,0,29.32,29.34,29.39,29.46,29.49,29.42,29.26,29.08,28.95,28.95,28.95,28.95,28.95,28.95,28.95,0,0,0,0,0,0,0,0,0,0,0,0,0,0,0,0,0,0,0,0,0,0,0,0,0,0,0,0,0,0,0,0,0,0,0,0,0,0,0,0,0,0,28.95,28.95,0,0,0,28.95,28.95,28.95,28.95,28.95,28.95,28.95,28.95,28.97,29.02,0,0,29.24,29.25,29.17,29.13,29.01,29.00,28.99,28.98,28.97,28.96,28.96,28.95,28.95,28.95,28.95,28.95,28.95,28.95,28.95,28.95,28.95,28.95,28.95,28.95,28.95,28.95,28.95,28.95,28.95,28.95,28.95,28.95,28.95,0,0,0,0,0,0,0,0,0,0,0,0,0,0,0,0,0,0,0,0,0,0,0,0],
[0,0,0,0,0,0,0,0,0,0,0,0,0,0,0,0,0,0,0,29.30,29.34,29.39,29.45,29.40,29.30,29.11,28.96,28.95,28.95,28.95,28.95,28.95,28.95,28.95,28.95,0,0,0,0,0,0,0,0,0,0,0,0,0,0,0,0,0,0,0,0,0,0,0,0,0,0,0,0,0,0,0,0,0,0,0,0,0,0,0,0,28.95,28.95,28.95,28.95,28.95,28.95,28.95,28.95,28.96,28.96,28.96,28.97,28.97,28.97,28.98,29.07,29.11,29.24,29.24,29.15,29.05,29.01,29.00,29.00,28.99,28.98,28.97,28.96,28.95,28.95,28.95,28.95,28.95,28.95,28.95,28.95,28.95,28.95,28.95,28.95,28.95,28.95,28.95,28.95,28.95,28.95,28.95,28.95,28.95,28.95,28.95,0,0,0,0,28.95,0,0,0,0,0,0,0,0,0,0,0,0,0,0,0,0,0,0,0],
[0,0,0,0,0,0,0,0,0,0,0,0,0,0,0,0,0,0,29.30,29.30,29.34,29.39,29.39,29.28,29.13,28.98,28.96,28.95,28.95,28.95,28.95,28.95,28.95,28.95,28.95,28.95,0,0,0,0,0,0,0,0,0,0,0,0,0,0,0,0,0,0,0,0,0,0,0,0,0,0,0,0,0,0,0,0,0,0,0,0,0,0,28.95,28.95,28.95,28.95,28.95,28.95,28.95,28.96,28.96,28.97,28.97,28.98,28.99,28.99,29.00,29.00,29.06,29.17,29.24,29.28,29.13,29.01,29.00,29.00,28.99,28.99,28.98,28.97,28.96,28.95,28.95,28.95,28.95,28.95,28.95,28.95,28.95,28.95,28.95,28.95,28.95,28.95,28.95,28.95,28.95,28.95,28.95,28.95,28.95,28.95,28.95,28.95,28.95,28.95,28.95,28.95,28.95,28.95,0,0,0,0,0,0,0,0,0,0,0,0,0,0,0,0,0,0],
[0,0,0,0,0,0,0,0,0,0,0,0,0,0,0,0,0,0,29.30,29.31,29.33,29.38,29.25,29.12,29.00,28.97,28.95,28.95,28.95,28.95,28.95,28.95,28.95,28.95,28.95,28.95,28.95,0,0,0,0,0,0,0,0,0,0,0,0,0,0,0,0,0,0,0,0,0,0,0,0,0,0,0,0,0,0,0,28.95,28.95,0,0,0,28.95,28.95,28.95,28.95,28.95,28.95,28.95,28.95,28.95,28.96,28.96,28.97,28.98,28.98,28.99,28.99,29.00,29.01,29.09,29.15,29.19,29.05,29.01,29.00,29.00,28.99,28.98,28.97,28.97,28.96,28.95,28.95,28.95,28.95,28.95,28.95,28.95,28.95,28.95,28.95,28.95,28.95,28.95,28.95,28.95,28.95,28.95,28.95,28.95,28.95,28.95,28.95,28.95,28.95,28.95,28.95,28.95,28.95,28.95,28.95,0,0,0,0,0,0,0,0,0,0,0,0,0,0,0,0,0],
[0,0,0,0,0,0,0,0,0,0,0,0,0,0,0,0,0,0,29.30,29.31,29.34,29.28,29.10,29.00,28.99,28.97,28.95,28.95,28.95,28.95,28.95,28.95,28.95,28.95,28.95,28.95,28.95,28.95,0,0,0,0,0,0,0,0,0,0,28.95,28.95,28.95,28.95,0,0,0,0,0,0,0,0,0,0,0,0,0,0,0,28.95,28.95,28.95,28.95,28.95,28.95,28.95,28.95,28.95,28.95,28.95,28.95,28.95,28.95,28.95,28.95,28.96,28.97,28.97,28.98,28.98,28.99,29.00,29.00,29.00,29.04,29.01,29.01,29.00,29.00,28.99,28.99,28.98,28.97,28.96,28.96,28.95,28.95,28.95,28.95,28.95,28.95,28.95,28.95,28.95,28.95,28.95,28.95,28.95,28.95,28.95,28.95,28.95,28.95,28.95,28.95,28.95,28.95,28.95,28.95,28.95,28.95,28.95,28.95,28.95,28.95,28.95,0,0,0,0,0,0,0,0,0,0,0,0,0,0,0,0],
[0,0,0,0,0,0,0,0,0,0,0,0,0,0,0,0,0,0,29.30,29.32,29.33,29.11,29.00,29.00,28.99,28.96,28.95,28.95,28.95,28.95,28.95,28.95,28.95,28.95,28.95,28.95,28.95,28.95,28.95,0,0,0,0,0,0,0,0,28.95,28.95,28.95,28.95,28.95,28.95,0,0,0,0,0,0,0,0,0,0,0,0,0,28.95,28.95,28.95,28.95,28.95,28.95,28.95,28.95,28.95,28.95,28.95,28.95,28.95,28.95,28.95,28.95,28.95,28.95,28.96,28.97,28.97,28.98,28.98,28.99,29.00,29.00,29.00,29.00,29.00,29.00,29.00,28.99,28.99,28.98,28.97,28.96,28.95,28.95,28.95,28.95,28.95,28.95,28.95,28.95,28.95,28.95,28.95,28.95,28.95,28.95,28.95,28.95,28.95,28.95,28.95,28.95,28.95,28.95,28.95,28.95,28.95,28.95,28.95,28.95,28.95,28.95,28.95,28.95,0,0,0,0,0,0,0,0,0,0,0,0,0,0,0,0],
[0,0,0,0,0,0,0,0,0,0,0,0,0,0,0,0,0,0,29.30,29.35,29.15,29.00,29.00,28.99,28.98,28.96,28.95,28.95,28.95,28.95,28.95,28.95,28.95,28.95,28.95,28.95,28.95,28.95,28.95,28.95,28.95,28.95,0,0,0,28.95,28.95,28.95,28.95,28.95,28.95,28.95,28.95,0,0,0,0,0,0,0,0,0,0,0,28.95,28.95,28.95,28.95,28.95,28.95,28.95,28.95,28.95,28.95,28.95,28.95,28.95,28.95,28.95,28.95,28.95,28.95,28.95,28.95,28.96,28.96,28.97,28.97,28.98,28.99,28.99,28.99,28.99,28.99,29.00,29.00,28.99,28.99,28.98,28.98,28.97,28.96,28.95,28.95,28.95,28.95,28.95,28.95,28.95,28.95,28.95,28.95,28.95,28.95,28.95,28.95,28.95,28.95,28.95,28.95,28.95,28.95,28.95,28.95,28.95,28.95,28.95,28.95,28.95,28.95,28.95,28.95,28.95,28.95,0,0,0,0,0,0,0,0,0,0,0,0,0,0,0,0],
[0,0,0,0,0,0,0,0,0,0,0,0,0,0,0,0,0,0,29.32,29.23,28.98,29.00,28.99,28.98,28.98,28.95,28.95,28.95,28.95,28.95,28.95,28.95,28.95,28.95,28.95,28.95,28.95,28.95,28.95,28.95,28.95,28.95,28.95,28.95,28.95,28.95,28.95,28.95,28.95,28.95,28.95,28.95,28.95,0,0,0,0,0,0,0,0,0,28.95,28.95,28.95,28.95,28.95,28.95,28.95,28.95,28.95,28.95,28.95,28.95,28.95,28.95,28.95,28.95,28.95,28.95,28.95,28.95,28.95,28.95,28.95,28.96,28.96,28.97,28.98,28.98,28.99,28.98,28.98,28.98,28.99,28.99,28.99,28.99,28.98,28.97,28.97,28.96,28.95,28.95,28.95,28.95,28.95,28.95,28.95,28.95,28.95,28.95,28.95,28.95,28.95,28.95,28.95,28.95,28.95,28.95,28.95,28.95,28.95,28.95,28.95,28.95,28.95,28.95,28.95,28.95,28.95,28.95,28.95,28.95,0,0,0,0,0,0,0,0,0,0,0,0,0,0,0,0],
[0,0,0,0,0,0,0,0,0,0,0,0,0,0,0,0,0,0,0,28.95,28.95,28.97,28.98,28.97,28.97,28.95,28.95,28.95,28.95,28.95,28.95,28.95,28.95,28.95,28.95,28.95,28.95,28.95,28.95,28.95,28.95,28.95,28.95,28.95,28.95,28.95,28.95,28.95,28.95,28.95,28.95,28.95,28.95,28.95,0,0,0,0,0,0,28.95,28.95,28.95,28.95,28.95,28.95,28.95,28.95,28.95,28.95,28.95,28.95,28.95,28.95,28.95,28.95,28.95,28.95,28.95,28.95,28.95,28.95,28.95,28.95,28.95,28.95,28.96,28.97,28.97,28.98,28.98,28.97,28.97,28.98,28.98,28.98,28.98,28.98,28.98,28.97,28.96,28.96,28.95,28.95,28.95,28.95,28.95,28.95,28.95,28.95,28.95,28.95,28.95,28.95,28.95,28.95,28.95,28.95,28.95,28.95,28.95,28.95,28.95,28.95,28.95,28.95,28.95,28.95,28.95,28.95,28.95,28.95,28.95,28.95,0,0,0,0,0,0,0,0,0,0,0,0,0,0,0,0],
[0,0,0,0,0,0,0,0,0,0,0,0,0,0,0,0,0,0,0,28.95,28.95,28.95,28.95,28.96,28.97,28.95,28.95,28.95,28.95,28.95,28.95,28.95,28.95,28.95,28.95,28.95,28.95,28.95,28.95,28.95,28.95,28.95,28.95,28.95,28.95,28.95,28.95,28.95,28.95,28.95,28.95,28.95,28.95,28.95,28.95,28.95,0,0,28.95,28.95,28.95,28.95,28.95,28.95,28.95,28.95,28.95,28.95,28.95,28.95,28.95,28.95,28.95,28.95,28.95,28.95,28.95,28.95,28.95,28.95,28.95,28.95,28.95,28.95,28.95,28.95,28.95,28.96,28.97,28.97,28.97,28.97,28.96,28.97,28.97,28.98,28.98,28.98,28.97,28.97,28.96,28.95,28.95,28.95,28.95,28.95,28.95,28.95,28.95,28.95,28.95,28.95,28.95,28.95,28.95,28.95,28.95,28.95,28.95,28.95,28.95,28.95,28.95,28.95,28.95,28.95,28.95,28.95,28.95,28.95,28.95,28.95,28.95,28.95,28.95,0,0,0,0,0,0,0,0,0,0,0,0,0,0,0],
[0,0,0,0,0,0,0,0,0,0,0,0,0,0,0,0,0,0,0,28.95,28.95,28.95,28.95,28.95,28.96,28.95,28.95,28.95,28.95,28.95,28.95,28.95,28.95,28.95,28.95,28.95,28.95,28.95,28.95,28.95,28.95,28.95,28.95,28.95,28.95,28.95,28.95,28.95,28.95,28.95,28.95,28.95,28.95,28.95,28.95,28.95,28.95,28.95,28.95,28.95,28.95,28.95,28.95,28.95,28.95,28.95,28.95,28.95,28.95,28.95,28.95,28.95,28.95,28.95,28.95,28.95,28.95,28.95,28.95,28.95,28.95,28.95,28.95,28.95,28.95,28.95,28.95,28.96,28.96,28.97,28.96,28.96,28.95,28.96,28.96,28.97,28.97,28.97,28.97,28.97,28.96,28.95,28.95,28.95,28.95,28.95,28.95,28.95,28.95,28.95,28.95,28.95,28.95,28.95,28.95,28.95,28.95,28.95,28.95,28.95,28.95,28.95,28.95,28.95,28.95,28.95,28.95,28.95,28.95,28.95,28.95,28.95,28.95,28.95,28.95,0,0,0,0,0,0,0,0,0,0,0,0,0,0,0],
[0,0,0,0,0,0,0,0,0,0,0,0,0,0,0,0,0,0,0,0,28.95,28.95,28.95,28.95,28.95,28.95,28.95,28.95,28.95,28.95,28.95,28.95,28.95,28.95,28.95,28.95,28.95,28.95,28.95,28.95,28.95,28.95,28.95,28.95,28.95,28.95,28.95,28.95,28.95,28.95,28.95,28.95,28.95,28.95,28.95,28.95,28.95,28.95,28.95,28.95,28.95,28.95,28.95,28.95,28.95,28.95,28.95,28.95,28.95,28.95,28.95,28.95,28.95,28.95,28.95,28.95,28.95,28.95,28.95,28.95,28.95,28.95,28.95,28.95,28.95,28.95,28.95,28.95,28.96,28.96,28.96,28.95,28.95,28.95,28.96,28.96,28.97,28.97,28.97,28.96,28.96,28.95,28.95,28.95,28.95,28.95,28.95,28.95,28.95,28.95,28.95,28.95,28.95,28.95,28.95,28.95,28.95,28.95,28.95,28.95,28.95,28.95,28.95,28.95,28.95,28.95,28.95,28.95,28.95,28.95,28.95,28.95,28.95,28.95,0,0,0,0,0,0,0,0,0,0,0,0,0,0,0,0],
[0,0,0,0,0,0,0,0,0,0,0,0,0,0,0,0,0,0,0,0,0,0,0,0,28.95,28.95,28.95,28.95,28.95,28.95,28.95,28.95,28.95,28.95,28.95,28.95,28.95,28.95,28.95,28.95,28.95,28.95,28.95,28.95,28.95,28.95,28.95,28.95,28.95,28.95,28.95,28.95,28.95,28.95,28.95,28.95,28.95,28.95,28.95,28.95,28.95,28.95,28.95,28.95,28.95,28.95,28.95,28.95,28.95,28.95,28.95,28.95,28.95,28.95,28.95,28.95,28.95,28.95,28.95,28.95,28.95,28.95,28.95,28.95,28.95,28.95,28.95,28.95,28.95,28.95,28.95,28.95,0,28.95,28.95,28.95,28.96,28.96,28.96,28.96,28.96,28.95,28.95,28.95,28.95,28.95,28.95,28.95,28.95,28.95,28.95,28.95,28.95,28.95,28.95,28.95,28.95,28.95,28.95,28.95,28.95,28.95,28.95,28.95,28.95,28.95,28.95,28.95,28.95,28.95,0,0,0,0,0,0,0,0,0,0,0,0,0,0,0,0,0,0,0,0],
[0,0,0,0,0,0,0,0,0,0,0,0,0,0,0,0,0,0,0,0,0,0,0,28.95,28.95,28.95,28.95,28.95,28.95,28.95,28.95,28.95,28.95,28.95,28.95,28.95,28.95,28.95,28.95,28.95,28.95,28.95,28.95,28.95,28.95,28.95,28.95,28.95,28.95,28.95,28.95,28.95,28.95,28.95,28.95,28.95,28.95,28.95,28.95,28.95,28.95,28.95,28.95,28.95,28.95,28.95,28.95,28.95,28.95,28.95,28.95,28.95,28.95,28.95,28.95,28.95,28.95,28.95,28.95,28.95,28.95,28.95,28.95,28.95,28.95,28.95,28.95,28.95,28.95,28.95,28.95,28.95,0,0,28.95,28.95,28.95,28.96,28.96,28.96,28.95,28.95,28.95,28.95,28.95,28.95,28.95,28.95,28.95,28.95,28.95,28.95,28.95,28.95,28.95,28.95,28.95,28.95,28.95,28.95,28.95,28.95,28.95,28.95,28.95,28.95,28.95,28.95,28.95,0,0,0,0,0,0,0,0,0,0,0,0,0,0,0,0,0,0,0,0,0],
[0,0,0,0,0,0,0,0,0,0,0,0,0,0,0,0,0,0,0,0,0,0,0,28.95,28.95,28.95,28.95,28.95,28.95,28.95,28.95,28.95,28.95,28.95,28.95,28.95,28.95,28.95,28.95,28.95,28.95,28.95,28.95,28.95,28.95,28.95,28.95,28.95,28.95,28.95,28.95,28.95,28.95,28.95,28.95,28.95,28.95,28.95,28.95,28.95,28.95,28.95,28.95,28.95,28.95,28.95,28.95,28.95,28.95,28.95,28.95,28.95,28.95,28.95,28.95,28.95,28.95,28.95,28.95,28.95,28.95,28.95,28.95,28.95,28.95,28.95,28.95,28.95,28.95,28.95,28.95,0,0,0,28.95,28.95,28.95,28.95,28.95,28.95,28.95,28.95,28.95,28.95,28.95,28.95,28.95,28.95,28.95,28.95,28.95,28.95,28.95,28.95,28.95,28.95,28.95,28.95,28.95,28.95,28.95,28.95,28.95,28.95,28.95,28.95,28.95,28.95,28.95,0,0,0,0,0,0,0,0,0,0,0,0,0,0,0,0,0,0,0,0,0],
[0,0,0,0,0,0,0,0,0,0,0,0,0,0,0,0,0,0,0,0,0,0,0,28.95,28.95,28.95,28.95,28.95,28.95,28.95,28.95,28.95,28.95,28.95,28.95,28.95,28.95,28.95,28.95,28.95,28.95,28.95,28.95,28.95,28.95,28.95,28.95,28.95,28.95,28.95,28.95,28.95,28.95,28.95,28.95,28.95,28.95,28.95,28.95,28.95,28.95,28.95,28.95,28.95,28.95,28.95,28.95,28.95,28.95,28.95,28.95,28.95,28.95,28.95,28.95,28.95,28.95,28.95,28.95,28.95,28.95,28.95,28.95,28.95,28.95,28.95,28.95,28.95,28.95,0,0,0,0,0,0,28.95,28.95,28.95,28.95,28.95,28.95,28.95,28.95,28.95,28.95,28.95,28.95,28.95,28.95,28.95,28.95,28.95,28.95,28.95,28.95,28.95,28.95,28.95,28.95,28.95,28.95,28.95,28.95,28.95,28.95,28.95,28.95,28.95,28.95,0,0,0,0,0,0,0,0,0,0,0,0,0,0,0,0,0,0,0,0,0],
[0,0,0,0,0,0,0,0,0,0,0,0,0,0,0,0,0,0,0,0,0,0,0,28.95,28.95,28.95,28.95,28.95,28.95,28.95,28.95,28.95,28.95,28.95,28.95,28.95,28.95,28.95,28.95,28.95,28.95,28.95,28.95,28.95,28.95,28.95,28.95,28.95,28.95,28.95,28.95,28.95,28.95,28.95,28.95,28.95,28.95,28.95,28.95,28.95,28.95,28.95,28.95,28.95,28.95,28.95,28.95,28.95,28.95,28.95,28.95,28.95,28.95,28.95,28.95,28.95,28.95,28.95,28.95,28.95,28.95,28.95,28.95,28.95,28.95,28.95,28.95,28.95,0,0,0,0,0,0,0,0,28.95,28.95,0,0,0,28.95,28.95,28.95,28.95,28.95,28.95,28.95,28.95,28.95,28.95,28.95,28.95,28.95,28.95,28.95,28.95,28.95,28.95,28.95,28.95,28.95,28.95,28.95,28.95,28.95,28.95,28.95,28.95,0,0,0,0,0,0,0,0,0,0,0,0,0,0,0,0,0,0,0,0,0],
[0,0,0,0,0,0,0,0,0,0,0,0,0,0,0,0,0,0,0,0,0,0,0,28.95,28.95,28.95,28.95,28.95,28.95,28.95,28.95,28.95,28.95,28.95,28.95,28.95,28.95,28.95,28.95,28.95,28.95,28.95,28.95,28.95,28.95,28.95,28.95,28.95,28.95,28.95,28.95,28.95,28.95,28.95,28.95,28.95,28.95,28.95,28.95,28.95,28.95,28.95,28.95,28.95,28.95,28.95,28.95,28.95,28.95,28.95,28.95,28.95,28.95,28.95,28.95,28.95,28.95,28.95,28.95,28.95,28.95,28.95,28.95,28.95,28.95,28.95,28.95,28.95,0,0,28.95,0,0,0,0,0,0,0,0,0,0,28.95,28.95,28.95,28.95,28.95,28.95,28.95,28.95,28.95,28.95,28.95,28.95,28.95,28.95,28.95,28.95,28.95,28.95,28.95,28.95,28.95,28.95,28.95,28.95,28.95,28.95,28.95,28.95,28.95,0,0,0,0,0,0,0,0,0,0,0,0,0,0,0,0,0,0,0,0],
[0,0,0,0,0,0,0,0,0,0,0,0,0,0,0,0,0,0,0,0,0,0,0,28.95,28.95,28.95,28.95,28.95,28.95,28.95,28.95,28.95,28.95,28.95,28.95,28.95,28.95,28.95,28.95,28.95,28.95,28.95,28.95,28.95,28.95,28.95,28.95,28.95,28.95,28.95,28.95,28.95,28.95,28.95,28.95,28.95,28.95,28.95,28.95,28.95,28.95,28.95,28.95,28.95,28.95,28.95,28.95,28.95,28.95,28.95,28.95,28.95,28.95,28.95,28.95,28.95,28.95,28.95,28.95,28.95,28.95,28.95,28.95,28.95,28.95,28.95,28.95,28.95,28.95,28.95,28.95,28.95,0,0,0,0,0,0,0,0,0,28.95,28.95,28.95,28.95,28.95,28.95,28.95,28.95,28.95,28.95,28.95,28.95,28.95,28.95,28.95,28.95,28.95,28.95,28.95,28.95,28.95,28.95,28.95,28.95,28.95,28.95,28.95,28.95,28.95,0,0,0,0,0,0,0,0,0,0,0,0,0,0,0,0,0,0,0,0],
[0,0,0,0,0,0,0,0,0,0,0,0,0,0,0,0,0,0,0,0,0,0,0,28.95,28.95,28.95,28.95,28.95,28.95,28.95,28.95,28.95,28.95,28.95,28.95,28.95,28.95,28.95,28.95,28.95,28.95,28.95,28.95,28.95,28.95,28.95,28.95,28.95,28.95,28.95,28.95,28.95,28.95,28.95,28.95,28.95,28.95,28.95,28.95,28.95,28.95,28.95,28.95,28.95,28.95,28.95,28.95,28.95,28.95,28.95,28.95,28.95,28.95,28.95,28.95,28.95,28.95,28.95,28.95,28.95,28.95,28.95,28.95,28.95,28.95,28.95,28.95,28.95,28.95,28.95,28.95,28.95,0,0,0,0,0,0,0,0,0,28.95,28.95,28.95,28.95,28.95,28.95,28.95,28.95,28.95,28.95,28.95,28.95,28.95,28.95,28.95,28.95,28.95,28.95,28.95,28.95,28.95,28.95,28.95,28.95,28.95,28.95,28.95,28.95,28.95,0,0,0,0,0,0,0,0,0,0,0,0,0,0,0,0,0,0,0,0],
[0,0,0,0,0,0,0,0,0,0,0,0,0,0,0,0,0,0,0,0,0,0,0,28.95,28.95,28.95,28.95,28.95,28.95,28.95,28.95,28.95,28.95,28.95,28.95,28.95,28.95,28.95,28.95,28.95,28.95,28.95,28.95,28.95,28.95,28.95,28.95,28.95,28.95,28.95,28.95,28.95,28.95,28.95,28.95,28.95,28.95,28.95,28.95,28.95,28.95,28.95,28.95,28.95,28.95,28.95,28.95,28.95,28.95,28.95,28.95,28.95,28.95,28.95,28.95,28.95,28.95,28.95,28.95,28.95,28.95,28.95,28.95,28.95,28.95,28.95,28.95,28.95,28.95,28.95,28.95,0,0,0,0,0,0,28.95,28.95,28.95,28.95,28.95,28.95,28.95,28.95,28.95,28.95,28.95,28.95,28.95,28.95,28.95,28.95,28.95,28.95,28.95,28.95,28.95,28.95,28.95,28.95,28.95,28.95,28.95,28.95,28.95,28.95,28.95,28.95,28.95,28.95,0,0,0,0,0,0,0,0,0,0,0,0,0,0,0,0,0,0,0],
[0,0,0,0,0,0,0,0,0,0,0,0,0,0,0,0,0,0,0,0,0,0,0,28.95,28.95,28.95,28.95,28.95,28.95,28.95,28.95,28.95,28.95,28.95,28.95,28.95,28.95,28.95,28.95,28.95,28.95,28.95,28.95,28.95,28.95,28.95,28.95,28.95,28.95,28.95,28.95,28.95,28.95,28.95,28.95,28.95,28.95,28.95,28.95,28.95,28.95,28.95,28.95,28.95,28.95,28.95,28.95,28.95,28.95,28.95,28.95,28.95,28.95,28.95,28.95,28.95,28.95,28.95,28.95,28.95,28.95,28.95,28.95,28.95,28.95,28.95,28.95,28.95,28.95,28.95,28.95,0,0,0,28.95,28.95,28.95,28.95,28.95,28.95,28.95,28.95,28.95,28.95,28.95,28.95,28.95,28.95,28.95,28.95,28.95,28.95,28.95,28.95,28.95,28.95,28.95,28.95,28.95,28.95,28.95,28.95,28.95,28.95,28.95,28.95,28.95,28.95,28.95,28.95,28.95,0,0,0,0,0,0,0,0,0,0,0,0,0,0,0,0,0,0,0],
[0,0,0,0,0,0,0,0,0,0,0,0,0,0,0,0,0,0,0,0,0,0,0,28.95,28.95,28.95,28.95,28.95,28.95,28.95,28.95,28.95,28.95,28.95,28.95,28.95,28.95,28.95,28.95,28.95,28.95,28.95,28.95,28.95,28.95,28.95,28.95,28.95,28.95,28.95,28.95,28.95,28.95,28.95,28.95,28.95,28.95,28.95,28.95,28.95,28.95,28.95,28.95,28.95,28.95,28.95,28.95,28.95,28.95,28.95,28.95,28.95,28.95,28.95,28.95,28.95,28.95,28.95,28.95,28.95,28.95,28.95,28.95,28.95,28.95,28.95,28.95,28.95,28.95,28.95,28.95,0,28.95,28.95,28.95,28.95,28.95,28.95,28.95,28.95,28.95,28.95,28.95,28.95,28.95,28.95,28.95,28.95,28.95,28.95,28.95,28.95,28.95,28.95,28.95,28.95,28.95,28.95,28.95,28.95,28.95,28.95,28.95,28.95,28.95,28.95,28.95,28.95,28.95,28.95,0,0,0,0,0,0,0,0,0,0,0,0,0,0,0,0,0,0,0,0],
[0,0,0,0,0,0,0,0,0,0,0,0,0,0,0,0,0,0,0,0,0,0,0,0,28.95,28.95,28.95,28.95,28.95,28.95,28.95,28.95,28.95,28.95,28.95,28.95,28.95,28.95,28.95,28.95,28.95,28.95,28.95,28.95,28.95,28.95,28.95,28.95,28.95,28.95,28.95,28.95,28.95,28.95,28.95,28.95,28.95,28.95,28.95,28.95,28.95,28.95,28.95,28.95,28.95,28.95,28.95,28.95,28.95,28.95,28.95,28.95,28.95,28.95,28.95,28.95,28.95,28.95,28.95,28.95,28.95,28.95,28.95,28.95,28.95,28.95,28.95,28.95,28.95,28.95,28.95,28.95,28.95,28.95,28.95,28.95,28.95,28.95,28.95,28.95,28.95,28.95,28.95,28.95,28.95,28.95,28.95,28.95,28.95,28.95,28.95,28.95,28.95,28.95,28.95,28.95,28.95,28.95,28.95,28.95,28.95,28.95,28.95,28.95,28.95,28.95,28.95,28.95,28.95,28.95,28.95,28.95,28.95,0,0,0,0,0,0,0,0,0,0,0,0,0,0,0,0,0],
[0,0,0,0,0,0,0,0,0,0,0,0,0,0,0,0,0,0,0,0,0,0,0,0,0,28.95,28.95,28.95,28.95,28.95,28.95,28.95,28.95,28.95,28.95,28.95,28.95,28.95,28.95,28.95,28.95,28.95,28.95,28.95,28.95,28.95,28.95,28.95,28.95,28.95,28.95,28.95,28.95,28.95,28.95,28.95,28.95,28.95,28.95,28.95,28.95,28.95,28.95,28.95,28.95,28.95,28.95,28.95,28.95,28.95,28.95,28.95,28.95,28.95,28.95,28.95,28.95,28.95,28.95,28.95,28.95,28.95,28.95,28.95,28.95,28.95,28.95,28.95,28.95,28.95,28.95,28.95,28.95,28.95,28.95,28.95,28.95,28.95,28.95,28.95,28.95,28.95,28.95,28.95,28.95,28.95,28.95,28.95,28.95,28.95,28.95,28.95,28.95,28.95,28.95,28.95,28.95,28.95,28.95,28.95,28.95,28.95,28.95,28.95,28.95,28.95,28.95,28.95,28.95,28.95,28.95,28.95,28.95,0,0,0,0,0,0,0,0,0,0,0,0,0,0,0,0,0],
[0,0,0,0,0,0,0,0,0,0,0,0,0,0,0,0,0,0,0,0,0,0,0,0,0,28.95,28.95,28.95,28.95,28.95,28.95,28.95,28.95,28.95,28.95,28.95,28.95,28.95,28.95,28.95,28.95,28.95,28.95,28.95,28.95,28.95,28.95,28.95,28.95,28.95,28.95,28.95,28.95,28.95,28.95,28.95,28.95,28.95,28.95,28.95,28.95,28.95,28.95,28.95,28.95,28.95,28.95,28.95,28.95,28.95,28.95,28.95,28.95,28.95,28.95,28.95,28.95,28.95,28.95,28.95,28.95,28.95,28.95,28.95,28.95,28.95,28.95,28.95,28.95,28.95,28.95,28.95,28.95,28.95,28.95,28.95,28.95,28.95,28.95,28.95,28.95,28.95,28.95,28.95,28.95,28.95,28.95,28.95,28.95,28.95,28.95,28.95,28.95,28.95,28.95,28.95,28.95,28.95,28.95,28.95,28.95,28.95,28.95,28.95,28.95,28.95,28.95,28.95,28.95,28.95,28.95,28.95,28.95,28.95,0,0,0,0,0,0,0,0,0,0,0,0,0,0,0,0],
[0,0,0,0,0,0,0,0,0,0,0,0,0,0,0,0,0,0,0,0,0,0,0,0,0,0,28.95,28.95,28.95,28.95,28.95,28.95,28.95,28.95,28.95,28.95,28.95,28.95,28.95,28.95,28.95,28.95,28.95,28.95,28.95,28.95,28.95,28.95,28.95,28.95,28.95,28.95,28.95,28.95,28.95,28.95,28.95,28.95,28.95,28.95,28.95,28.95,28.95,28.95,28.95,28.95,28.95,28.95,28.95,28.95,28.95,28.95,28.95,28.95,28.95,28.95,28.95,28.95,28.95,28.95,28.95,28.95,28.95,28.95,28.95,28.95,28.95,28.95,28.95,28.95,28.95,28.95,28.95,28.95,28.95,28.95,28.95,28.95,28.95,28.95,28.95,28.95,28.95,28.95,28.95,28.95,28.95,28.95,28.95,28.95,28.95,28.95,28.95,28.95,28.95,28.95,28.95,28.95,28.95,28.95,28.95,28.95,28.95,28.95,28.95,28.95,28.95,28.95,28.95,28.95,28.95,28.95,28.95,28.95,0,0,0,0,0,0,0,0,0,0,0,0,0,0,0,0],
[0,0,0,0,0,0,0,0,0,0,0,0,0,0,0,0,0,0,0,0,0,0,0,0,0,0,28.95,28.95,28.95,28.95,28.95,28.95,28.95,28.95,28.95,28.95,28.95,28.95,28.95,28.95,28.95,28.95,28.95,28.95,28.95,28.95,28.95,28.95,28.95,28.95,28.95,28.95,28.95,28.95,28.95,28.95,28.95,28.95,28.95,28.95,28.95,28.95,28.95,28.95,28.95,28.95,28.95,28.95,28.95,28.95,28.95,28.95,28.95,28.95,28.95,28.95,28.95,28.95,28.95,28.95,28.95,28.95,28.95,28.95,28.95,28.95,28.95,28.95,28.95,28.95,28.95,28.95,28.95,28.95,28.95,28.95,28.95,28.95,28.95,28.95,28.95,28.95,28.95,28.95,28.95,28.95,28.95,28.95,28.95,28.95,28.95,28.95,28.95,28.95,28.95,28.95,28.95,28.95,28.95,28.95,0,0,28.95,28.95,28.95,28.95,28.95,28.95,28.95,28.95,28.95,28.95,28.95,28.95,28.95,0,0,0,0,0,0,0,0,0,0,0,0,0,0,0],
[0,0,0,0,0,0,0,0,0,0,0,0,0,0,0,0,0,0,0,0,0,0,0,0,28.95,28.95,28.95,28.95,28.95,28.95,28.95,28.95,28.95,28.95,28.95,28.95,28.95,28.95,28.95,28.95,28.95,28.95,28.95,28.95,28.95,28.95,28.95,28.95,28.95,28.95,28.95,28.95,28.95,28.95,28.95,28.95,28.95,28.95,28.95,28.95,28.95,28.95,28.95,28.95,28.95,28.95,28.95,28.95,28.95,28.95,28.95,28.95,28.95,28.95,28.95,28.95,28.95,28.95,28.95,28.95,28.95,28.95,28.95,28.95,28.95,28.95,28.95,28.95,28.95,28.95,28.95,28.95,28.95,28.95,28.95,28.95,28.95,28.95,28.95,28.95,28.95,28.95,28.95,28.95,28.95,28.95,28.95,28.95,28.95,28.95,28.95,28.95,28.95,28.95,0,0,0,0,0,0,0,0,28.95,28.95,28.95,28.95,28.95,28.95,28.95,28.95,28.95,28.95,28.95,28.95,28.95,28.95,0,0,0,0,0,0,0,0,0,0,0,0,0,0],
[0,0,0,0,0,0,0,0,0,0,0,0,0,0,0,0,0,0,0,0,0,0,0,28.95,28.95,28.95,28.95,28.95,28.95,28.95,28.95,28.95,28.95,28.95,28.95,28.95,28.95,28.95,28.95,28.95,28.95,28.95,28.95,28.95,28.95,28.95,28.95,28.95,28.95,28.95,28.95,28.95,28.95,28.95,28.95,28.95,28.95,28.95,28.95,28.95,28.95,28.95,28.95,28.95,28.95,28.95,28.95,28.95,28.95,28.95,28.95,28.95,28.95,28.95,28.95,28.95,28.95,28.95,28.95,28.95,28.95,28.95,28.95,28.95,28.95,28.95,28.95,28.95,28.95,28.95,28.95,28.95,28.95,28.95,28.95,28.95,28.95,28.95,28.95,28.95,28.95,28.95,28.95,28.95,28.95,28.95,28.95,28.95,28.95,28.95,28.95,28.95,28.95,0,0,0,0,0,0,0,0,0,28.95,28.95,28.95,28.95,28.95,28.95,28.95,28.95,28.95,28.95,28.95,28.95,28.95,28.95,0,0,0,0,0,0,0,0,0,0,0,0,0,0],
[0,0,0,0,0,0,0,0,0,0,0,0,0,0,0,0,0,0,0,0,0,0,28.95,28.95,28.95,28.95,28.95,28.95,28.95,28.95,28.95,28.95,28.95,28.95,28.95,28.95,28.95,0,0,0,0,0,28.95,28.95,28.95,28.95,28.95,28.95,28.95,28.95,28.95,28.95,28.95,28.95,28.95,28.95,28.95,28.95,28.95,28.95,28.95,28.95,28.95,28.95,28.95,28.95,28.95,0,0,0,0,28.95,28.95,28.95,28.95,28.95,28.95,28.95,28.95,0,28.95,28.95,28.95,28.95,28.95,28.95,28.95,28.95,28.95,28.95,28.95,28.95,28.95,28.95,28.95,28.95,28.95,28.95,28.95,28.95,28.95,28.95,28.95,28.95,28.95,28.95,28.95,28.95,28.95,28.95,28.95,28.95,0,0,0,0,0,0,0,0,0,0,0,28.95,28.95,28.95,28.95,28.95,28.95,28.95,28.95,28.95,28.95,28.95,28.95,28.95,28.95,0,0,0,0,0,0,0,0,0,0,0,0,0],
[0,0,0,0,0,0,0,0,0,0,0,0,0,0,0,0,0,0,0,0,0,28.95,28.95,28.95,28.95,28.95,28.95,28.95,28.95,28.95,28.95,28.95,28.95,28.95,28.95,28.95,0,0,0,0,0,0,28.95,28.95,28.95,28.95,28.95,28.95,28.95,28.95,28.95,28.95,28.95,28.95,28.95,28.95,28.95,28.95,28.95,28.95,28.95,28.95,28.95,28.95,28.95,0,0,0,0,0,0,28.95,28.95,28.95,28.95,28.95,28.95,28.95,28.95,0,0,0,0,0,0,28.95,28.95,0,0,28.95,28.95,28.95,28.95,28.95,28.95,28.95,28.95,28.95,28.95,28.95,28.95,28.95,28.95,28.95,28.95,28.95,28.95,28.95,28.95,28.95,28.95,28.95,0,0,0,0,0,0,0,0,0,0,0,28.95,28.95,28.95,28.95,28.95,28.95,28.95,28.95,28.95,28.95,28.95,28.95,28.95,28.95,28.95,0,0,0,0,0,0,0,0,0,0,0,0],
[0,0,0,0,0,0,0,0,0,0,0,0,0,0,0,0,0,0,0,0,0,28.95,28.95,28.95,28.95,28.95,28.95,28.95,28.95,28.95,28.95,28.95,28.95,28.95,28.95,28.95,0,0,0,0,0,0,28.95,28.95,28.95,28.95,28.95,28.95,28.95,28.95,28.95,28.95,28.95,28.95,28.95,28.95,28.95,28.95,28.95,28.95,28.95,28.95,28.95,28.95,0,0,0,0,0,0,0,28.95,28.95,28.95,28.95,28.95,28.95,28.95,28.95,0,0,0,0,0,0,0,0,0,0,0,28.95,28.95,28.95,28.95,28.95,28.95,28.95,28.95,28.95,28.95,28.95,28.95,28.95,28.95,28.95,28.95,28.95,28.95,28.95,28.95,28.95,28.95,0,0,0,0,0,0,0,0,0,0,0,0,28.95,28.95,28.95,28.95,28.95,28.95,28.95,28.95,28.95,28.95,28.95,28.95,28.95,28.95,0,0,0,0,0,0,0,0,0,0,0,0],
[0,0,0,0,0,0,0,0,0,0,0,0,0,0,0,0,0,0,0,0,0,28.95,28.95,28.95,28.95,28.95,28.95,28.95,28.95,28.95,28.95,28.95,28.95,28.95,0,0,0,0,0,0,0,0,28.95,28.95,28.95,28.95,28.95,28.95,28.95,28.95,28.95,28.95,28.95,28.95,28.95,28.95,28.95,28.95,28.95,28.95,28.95,28.95,28.95,0,0,0,0,0,0,0,0,28.95,28.95,28.95,28.95,28.95,28.95,28.95,28.95,0,0,0,0,0,0,0,0,0,0,0,0,0,28.95,28.95,28.95,28.95,28.95,28.95,28.95,28.95,28.95,28.95,28.95,28.95,28.95,28.95,28.95,28.95,28.95,28.95,28.95,0,0,0,0,0,0,0,0,0,0,0,0,0,0,28.95,28.95,28.95,28.95,28.95,28.95,28.95,28.95,28.95,28.95,28.95,28.95,28.95,28.95,0,0,0,0,0,0,0,0,0,0,0],
[0,0,0,0,0,0,0,0,0,0,0,0,0,0,0,0,0,0,0,0,0,0,28.95,28.95,28.95,28.95,28.95,28.95,28.95,28.95,28.95,28.95,28.95,0,0,0,0,0,0,0,0,0,28.95,28.95,28.95,28.95,28.95,28.95,28.95,28.95,28.95,28.95,28.95,28.95,28.95,28.95,28.95,28.95,28.95,28.95,28.95,28.95,28.95,0,0,0,0,0,0,0,0,28.95,28.95,28.95,28.95,28.95,28.95,28.95,28.95,0,0,0,0,0,0,0,0,0,0,0,0,0,0,28.95,28.95,28.95,28.95,28.95,28.95,28.95,28.95,28.95,28.95,28.95,28.95,28.95,28.95,28.95,28.95,28.95,28.95,28.95,28.95,0,0,0,0,0,0,0,0,0,0,0,28.95,28.95,28.95,28.95,28.95,28.95,28.95,28.95,28.95,28.95,28.95,28.95,28.95,28.95,28.95,0,0,0,0,0,0,0,0,0,0,0],
[0,0,0,0,0,0,0,0,0,0,0,0,0,0,0,0,0,0,0,0,0,0,28.95,28.95,28.95,28.95,28.95,28.95,28.95,28.95,28.95,28.95,28.95,0,0,0,0,0,0,0,0,0,28.95,28.95,28.95,28.95,28.95,28.95,28.95,28.95,28.95,28.95,28.95,28.95,28.95,28.95,28.95,28.95,28.95,28.95,28.95,28.95,0,0,0,0,0,0,0,0,0,28.95,28.95,28.95,28.95,28.95,28.95,28.95,28.95,0,0,0,0,0,0,0,0,0,0,0,0,0,0,0,28.95,28.95,28.95,28.95,28.95,28.95,28.95,28.95,28.95,28.95,28.95,28.95,28.95,28.95,28.95,28.95,28.95,28.95,28.95,28.95,0,0,0,0,0,0,28.95,28.95,28.95,28.95,28.95,28.95,28.95,28.95,28.95,28.95,28.95,28.95,28.95,28.95,28.95,28.95,28.95,28.95,28.95,28.95,0,0,0,0,0,0,0,0,0,0],
[0,0,0,0,0,0,0,0,0,0,0,0,0,0,0,0,0,0,0,0,0,0,28.95,28.95,28.95,28.95,28.95,28.95,28.95,28.95,28.95,28.95,28.95,28.95,0,0,0,0,0,0,0,28.95,28.95,28.95,28.95,28.95,28.95,28.95,28.95,28.95,28.95,28.95,28.95,28.95,28.95,28.95,28.95,0,0,0,0,0,0,0,0,0,0,0,0,0,0,28.95,28.95,28.95,28.95,28.95,28.95,28.95,28.95,0,0,0,0,0,0,0,0,0,0,0,0,0,0,0,28.95,28.95,28.95,28.95,28.95,28.95,28.95,28.95,28.95,28.95,28.95,28.95,28.95,28.95,28.95,28.95,28.95,28.95,28.95,28.95,0,0,0,0,28.95,28.95,28.95,28.95,28.95,28.95,28.95,28.95,28.95,28.95,28.95,28.95,28.95,28.95,28.95,28.95,28.95,28.95,28.95,28.95,28.95,28.95,28.95,0,0,0,0,0,0,0,0,0],
[0,0,0,0,0,0,0,0,0,0,0,0,0,0,0,0,0,0,0,0,0,28.95,28.95,28.95,28.95,28.95,28.95,28.95,28.95,28.95,28.95,28.95,28.95,28.95,28.95,0,0,0,0,28.95,28.95,28.95,28.95,28.95,28.95,28.95,28.95,28.95,28.95,28.95,28.95,28.95,28.95,28.95,28.95,28.95,0,0,0,0,0,0,0,0,0,0,0,0,0,0,0,28.95,28.95,28.95,28.95,28.95,28.95,28.95,28.95,0,0,0,0,0,0,0,0,0,0,0,0,0,0,0,0,28.95,28.95,28.95,28.95,28.95,28.95,28.95,28.95,28.95,28.95,28.95,28.95,28.95,28.95,28.95,28.95,28.95,28.95,28.95,0,0,0,28.95,28.95,28.95,28.95,28.95,28.95,28.95,28.95,28.95,28.95,28.95,28.95,28.95,28.95,28.95,28.95,28.95,28.95,28.95,28.95,28.95,28.95,28.95,28.95,0,0,0,0,0,0,0,0,0],
[0,0,0,0,0,0,0,0,0,0,0,0,0,0,0,0,0,0,28.95,28.95,28.95,28.95,28.95,28.95,28.95,28.95,28.95,28.95,28.95,28.95,28.95,28.95,28.95,28.95,28.95,28.95,0,0,0,28.95,28.95,28.95,28.95,28.95,28.95,28.95,28.95,28.95,28.95,28.95,28.95,28.95,28.95,28.95,28.95,0,0,0,0,0,0,0,0,0,0,0,0,0,0,0,0,28.95,28.95,28.95,28.95,28.95,28.95,28.95,28.95,0,0,0,0,0,0,0,0,0,0,0,0,0,0,0,0,0,28.95,28.95,28.95,28.95,28.95,28.95,28.95,28.95,28.95,28.95,28.95,28.95,28.95,28.95,28.95,28.95,28.95,28.95,28.95,28.95,28.95,28.95,28.95,28.95,28.95,28.95,28.95,28.95,28.95,28.95,28.95,28.95,28.95,28.95,28.95,28.95,28.95,28.95,28.95,28.95,28.95,28.95,28.95,28.95,28.95,28.95,0,0,0,0,0,0,0,0],
[0,0,0,0,0,0,0,0,0,0,0,0,0,0,28.95,28.95,28.95,28.95,28.95,28.95,28.95,28.95,28.95,28.95,28.95,28.95,28.95,28.95,28.95,28.95,28.95,28.95,28.95,28.95,28.95,28.95,28.95,28.95,28.95,28.95,28.95,28.95,28.95,28.95,28.95,28.95,28.95,28.95,28.95,28.95,28.95,28.95,28.95,0,0,0,0,0,0,0,0,0,0,0,0,0,0,0,0,0,0,28.95,28.95,28.95,28.95,28.95,28.95,28.95,28.95,28.95,0,0,0,0,0,0,0,0,0,0,0,0,0,0,0,0,0,28.95,28.95,28.95,28.95,28.95,28.95,28.95,28.95,28.95,28.95,28.95,28.95,28.95,28.95,28.95,28.95,28.95,28.95,28.95,28.95,28.95,28.95,28.95,28.95,28.95,28.95,28.95,28.95,28.95,28.95,28.95,28.95,28.95,28.95,28.95,28.95,28.95,28.95,28.95,28.95,28.95,28.95,28.95,28.95,28.95,0,0,0,0,0,0,0,0],
[0,0,0,0,0,0,0,0,0,0,0,0,0,0,28.95,28.95,28.95,28.95,28.95,28.95,28.95,28.95,28.95,28.95,28.95,28.95,28.95,28.95,28.95,28.95,28.95,28.95,28.95,28.95,28.95,28.95,28.95,28.95,28.95,28.95,28.95,28.95,28.95,28.95,28.95,28.95,28.95,28.95,28.95,28.95,28.95,28.95,0,0,0,0,0,0,0,0,0,0,0,0,0,0,0,0,0,0,0,28.95,28.95,28.95,28.95,28.95,28.95,28.95,28.95,28.95,0,0,0,0,0,0,0,0,0,0,0,0,0,0,0,0,0,28.95,28.95,28.95,28.95,28.95,28.95,28.95,28.95,28.95,28.95,28.95,28.95,28.95,28.95,28.95,28.95,28.95,28.95,28.95,28.95,28.95,28.95,28.95,28.95,28.95,28.95,28.95,28.95,28.95,28.95,28.95,28.95,28.95,28.95,28.95,28.95,28.95,28.95,28.95,28.95,28.95,28.95,28.95,28.95,28.95,28.95,0,0,0,0,0,0,0],
[0,0,0,0,0,0,0,0,0,0,0,0,0,28.95,28.95,28.95,28.95,28.95,28.95,28.95,28.95,28.95,28.95,28.95,28.95,28.95,28.95,28.95,28.95,28.95,28.95,28.95,28.95,28.95,28.95,28.95,28.95,28.95,28.95,28.95,28.95,28.95,28.95,28.95,28.95,28.95,28.95,28.95,28.95,28.95,28.95,0,0,0,0,0,0,0,0,0,0,0,0,0,0,0,0,0,0,0,0,28.95,28.95,28.95,28.95,28.95,28.95,28.95,28.95,0,0,0,0,0,0,0,0,0,0,0,0,0,0,0,0,0,0,0,28.95,28.95,28.95,28.95,28.95,28.95,28.95,28.95,28.95,28.95,28.95,28.95,28.95,28.95,28.95,28.95,28.95,28.95,28.95,28.95,28.95,28.95,28.95,28.95,28.95,28.95,28.95,28.95,28.95,28.95,28.95,28.95,28.95,28.95,28.95,28.95,28.95,28.95,28.95,28.95,28.95,28.95,28.95,28.95,28.95,0,0,0,0,0,0,0],
[0,0,0,0,0,0,0,0,0,0,0,0,28.95,28.95,28.95,28.95,28.95,28.95,28.95,28.95,28.95,28.95,28.95,28.95,28.95,28.95,28.95,28.95,28.95,28.95,28.95,28.95,28.95,28.95,28.95,28.95,28.95,28.95,28.95,28.95,28.95,28.95,28.95,28.95,28.95,28.95,28.95,28.95,28.95,28.95,0,0,0,0,0,0,0,0,0,0,0,0,0,0,0,0,0,0,0,0,0,28.95,28.95,28.95,28.95,28.95,28.95,28.95,28.95,0,0,0,0,0,0,0,0,0,0,0,0,0,0,0,0,0,0,0,28.95,28.95,28.95,28.95,28.95,28.95,28.95,28.95,28.95,28.95,28.95,28.95,28.95,28.95,28.95,28.95,28.95,28.95,28.95,28.95,28.95,28.95,28.95,28.95,28.95,28.95,28.95,28.95,28.95,28.95,28.95,28.95,28.95,28.95,28.95,28.95,28.95,28.95,28.95,28.95,28.95,28.95,28.95,28.95,28.95,0,0,0,0,0,0,0],
[0,0,0,0,0,0,0,0,0,0,0,0,28.95,28.95,28.95,28.95,28.95,28.95,28.95,28.95,28.95,28.95,28.95,28.95,28.95,28.95,28.95,28.95,28.95,28.95,28.95,28.95,28.95,28.95,28.95,28.95,28.95,28.95,28.95,28.95,28.95,28.95,28.95,28.95,28.95,28.95,28.95,28.95,28.95,28.95,0,0,0,0,0,0,0,0,0,0,0,0,0,0,0,0,0,0,0,0,0,0,29.24,29.24,29.24,29.24,29.27,29.18,29.24,0,0,0,0,0,0,0,0,0,0,0,0,0,0,0,0,0,0,28.95,28.95,28.95,28.95,28.95,28.95,28.95,28.95,28.95,28.95,28.95,28.95,28.95,28.95,28.95,28.95,28.95,28.95,28.95,28.95,28.95,28.95,28.95,28.95,28.95,28.95,28.95,28.95,28.95,28.95,28.95,28.95,28.95,28.95,28.95,28.95,28.95,28.95,28.95,28.95,28.95,28.95,28.95,28.95,28.95,28.95,0,0,0,0,0,0,0],
[0,0,0,0,0,0,0,0,0,0,0,0,28.95,28.95,28.95,28.95,28.95,28.95,28.95,28.95,28.95,28.95,28.95,28.95,28.95,28.95,28.95,28.95,28.95,28.95,28.95,28.95,28.95,28.95,28.95,28.95,28.95,28.95,28.95,28.95,28.95,28.95,28.95,28.95,28.95,28.95,28.95,28.95,28.95,28.95,0,0,0,0,0,0,0,0,0,0,0,0,0,0,0,0,0,0,0,0,0,0,29.59,29.59,29.59,29.71,29.68,29.66,29.78,0,0,0,0,0,0,0,0,0,0,0,0,0,0,0,0,0,0,0,28.95,28.95,28.95,28.95,28.95,28.95,28.95,28.95,28.95,28.95,28.95,28.95,28.95,28.95,28.95,28.95,28.95,28.95,28.95,28.95,28.95,28.95,28.95,28.95,28.95,28.95,28.95,28.95,28.95,28.95,28.95,28.95,28.95,28.95,28.95,28.95,28.95,28.95,28.95,28.95,28.95,28.95,28.95,28.95,28.95,0,0,0,0,0,0,0],
[0,0,0,0,0,0,0,0,0,0,0,28.95,28.95,28.95,28.95,28.95,28.95,28.95,28.95,28.95,28.95,28.95,28.95,28.95,28.95,28.95,28.95,28.95,28.95,28.95,28.95,28.95,28.95,28.95,28.95,28.95,28.95,28.95,28.95,28.95,28.95,28.95,28.95,28.95,28.95,28.95,28.95,28.95,28.95,28.95,0,0,0,0,0,0,0,0,0,0,0,0,0,0,0,0,0,0,0,0,0,0,30.30,30.26,30.23,30.23,30.23,30.23,30.24,0,0,0,0,0,0,0,0,0,0,0,0,0,0,0,0,0,0,0,0,28.95,28.95,28.95,28.95,28.95,28.95,28.95,28.95,28.95,28.95,28.95,28.95,28.95,28.95,28.95,28.95,28.95,28.95,28.95,28.95,28.95,28.95,28.95,28.95,28.95,28.95,28.95,28.95,28.95,28.95,28.95,28.95,28.95,28.95,28.95,28.95,28.95,28.95,28.95,28.95,28.95,28.95,28.95,28.95,0,0,0,0,0,0,0],
[0,0,0,0,0,0,0,0,0,0,0,28.95,28.95,28.95,28.95,28.95,28.95,28.95,28.95,28.95,28.95,28.95,28.95,28.95,28.95,28.95,28.95,28.95,28.95,28.95,28.95,28.95,28.95,28.95,28.95,28.95,28.95,28.95,28.95,28.95,28.95,28.95,28.95,28.95,28.95,28.95,28.95,28.95,28.95,28.95,0,0,0,0,0,0,0,0,0,0,0,0,0,0,0,0,0,0,0,0,0,0,30.35,30.37,30.38,30.40,30.38,30.36,30.34,0,0,0,0,0,0,0,0,0,0,0,0,0,0,0,0,0,0,0,0,0,28.95,28.95,28.95,28.95,28.95,28.95,28.95,28.95,28.95,28.95,28.95,28.95,28.95,28.95,28.95,28.95,28.95,28.95,28.95,28.95,28.95,28.95,28.95,28.95,28.95,28.95,28.95,28.95,28.95,28.95,28.95,28.95,28.95,28.95,28.95,28.95,28.95,28.95,28.95,28.95,28.95,28.95,28.95,0,0,0,0,0,0,0],
[0,0,0,0,0,0,0,0,0,0,0,28.95,28.95,28.95,28.95,28.95,28.95,0,28.95,28.95,28.95,28.95,28.95,28.95,28.95,28.95,28.95,28.95,28.95,28.95,28.95,28.95,28.95,28.95,28.95,28.95,28.95,28.95,28.95,28.95,28.95,28.95,28.95,28.95,28.95,28.95,28.95,28.95,28.95,28.95,0,0,0,0,0,0,0,0,0,0,0,0,0,0,0,0,0,0,0,30.35,30.35,30.35,0,30.35,30.40,30.40,30.37,30.35,0,30.35,30.35,30.35,0,0,0,0,0,0,0,0,0,0,0,0,0,0,0,0,0,0,0,28.95,28.95,28.95,28.95,28.95,28.95,28.95,28.95,28.95,28.95,28.95,28.95,28.95,28.95,28.95,28.95,28.95,28.95,28.95,28.95,28.95,28.95,28.95,28.95,28.95,28.95,28.95,28.95,28.95,28.95,28.95,28.95,28.95,28.95,28.95,28.95,28.95,28.95,28.95,28.95,28.95,28.95,0,0,0,0,0,0,0],
[0,0,0,0,0,0,0,0,0,0,28.95,28.95,28.95,28.95,28.95,28.95,0,0,0,0,0,28.95,28.95,28.95,28.95,28.95,28.95,28.95,28.95,28.95,28.95,28.95,28.95,28.95,28.95,28.95,28.95,28.95,28.95,28.95,28.95,28.95,28.95,28.95,28.95,28.95,28.95,28.95,28.95,28.95,0,0,0,0,0,0,0,0,0,0,0,0,0,0,0,0,0,0,30.35,30.35,30.35,30.35,30.35,30.35,30.40,30.39,30.36,30.35,30.35,30.35,30.35,30.35,30.35,0,0,0,0,0,0,0,0,0,0,0,0,0,0,0,0,0,0,28.95,28.95,28.95,28.95,28.95,28.95,28.95,28.95,28.95,28.95,28.95,28.95,28.95,28.95,28.95,28.95,28.95,28.95,28.95,28.95,28.95,28.95,28.95,28.95,28.95,28.95,28.95,28.95,28.95,28.95,28.95,28.95,28.95,28.95,28.95,28.95,28.95,28.95,28.95,28.95,28.95,28.95,0,0,0,0,0,0,0],
[0,0,0,0,0,0,0,0,0,0,28.95,28.95,28.95,28.95,28.95,0,0,0,0,0,28.95,28.95,28.95,28.95,28.95,28.95,28.95,28.95,28.95,28.95,28.95,28.95,28.95,28.95,28.95,28.95,28.95,28.95,28.95,28.95,28.95,28.95,28.95,28.95,28.95,28.95,28.95,28.95,28.95,28.95,0,0,0,0,0,0,0,0,0,0,0,0,0,0,0,0,0,30.35,30.35,30.35,30.35,30.35,30.35,30.35,30.39,30.38,30.36,30.35,30.35,30.35,30.35,30.35,30.35,0,0,0,0,0,0,0,0,0,0,0,0,0,0,0,0,0,0,28.95,28.95,28.95,28.95,28.95,28.95,28.95,28.95,28.95,28.95,28.95,28.95,28.95,28.95,28.95,28.95,28.95,28.95,28.95,28.95,28.95,28.95,28.95,28.95,28.95,28.95,28.95,28.95,28.95,28.95,28.95,28.95,28.95,28.95,28.95,28.95,28.95,28.95,28.95,28.95,28.95,28.95,0,0,0,0,0,0,0],
[0,0,0,0,0,0,0,0,0,0,0,28.95,28.95,28.95,28.95,0,0,0,0,0,28.95,28.95,28.95,28.95,28.95,28.95,28.95,28.95,28.95,28.95,28.95,28.95,28.95,28.95,28.95,28.95,28.95,28.95,28.95,28.95,28.95,28.95,28.95,28.95,28.95,28.95,28.95,28.95,28.95,28.95,0,0,0,0,0,0,0,0,0,0,0,0,0,0,0,0,0,30.35,30.35,30.35,30.35,30.35,30.35,30.35,30.37,30.38,30.35,30.35,30.35,30.35,30.35,30.35,30.35,30.35,0,0,0,0,28.95,28.95,28.95,0,0,0,0,0,0,0,0,0,0,28.95,28.95,28.95,28.95,28.95,28.95,28.95,28.95,28.95,28.95,28.95,28.95,28.95,28.95,28.95,28.95,28.95,28.95,28.95,28.95,28.95,28.95,28.95,28.95,28.95,28.95,28.95,28.95,28.95,28.95,28.95,28.95,28.95,28.95,28.95,28.95,28.95,28.95,28.95,28.95,28.95,28.95,0,0,0,0,0,0,0],
[0,0,0,0,0,0,0,0,0,0,0,0,0,0,0,0,0,0,0,0,28.95,28.95,28.95,28.95,28.95,28.95,28.95,28.95,28.95,28.95,28.95,28.95,28.95,28.95,28.95,28.95,28.95,28.95,28.95,28.95,28.95,28.95,28.95,28.95,28.95,28.95,28.95,28.95,28.95,28.95,28.95,28.95,28.95,28.95,28.95,28.95,28.95,28.95,28.95,28.95,28.95,28.95,28.95,0,0,0,30.35,30.35,30.35,30.35,30.35,30.35,30.35,30.35,30.35,30.37,30.35,30.35,30.35,30.35,30.35,30.35,30.35,30.35,30.28,29.75,29.24,28.95,28.95,28.95,28.95,28.95,28.95,28.95,28.95,28.95,28.95,28.95,28.95,28.95,28.95,28.95,28.95,28.95,28.95,28.95,28.95,28.95,28.95,28.95,28.95,28.95,28.95,28.95,28.95,28.95,28.95,28.95,28.95,28.95,28.95,28.95,28.95,28.95,28.95,28.95,28.95,28.95,28.95,28.95,28.95,28.95,28.95,28.95,28.95,28.95,28.95,28.95,28.95,28.95,28.95,28.95,28.95,0,0,0,0,0,0,0],
[0,0,0,0,0,0,0,0,0,0,0,0,0,0,0,0,0,0,0,0,0,28.95,28.95,28.95,28.95,28.95,28.95,28.95,28.95,28.95,28.95,28.95,28.95,28.95,28.95,28.95,28.95,28.95,28.95,28.95,28.95,28.95,28.95,28.95,28.95,28.95,28.95,28.95,28.95,28.95,28.95,28.95,28.95,28.95,28.95,28.95,28.95,28.95,28.95,28.95,28.97,28.98,29.00,29.36,29.83,30.22,30.35,30.35,30.35,30.35,30.35,30.35,30.35,30.35,30.35,30.36,30.35,30.35,30.35,30.35,30.35,30.35,30.35,30.35,30.28,29.53,29.23,28.95,28.95,28.95,28.95,28.95,28.95,28.95,28.95,28.95,28.95,28.95,28.95,28.95,28.95,28.95,28.95,28.95,28.95,28.95,28.95,28.95,28.95,28.95,28.95,28.95,28.95,28.95,28.95,28.95,28.95,28.95,28.95,28.95,28.95,28.95,28.95,28.95,28.95,28.95,28.95,28.95,28.95,28.95,28.95,28.95,28.95,28.95,28.95,28.95,28.95,28.95,28.95,28.95,28.95,28.95,28.95,0,0,0,0,0,0,0],
[0,0,0,0,0,0,0,0,0,0,0,0,0,0,0,0,0,0,0,0,28.95,28.95,28.95,28.95,28.95,28.95,28.95,28.95,28.95,28.95,28.95,28.95,28.95,28.95,28.95,28.95,28.95,28.95,28.95,28.95,28.95,28.95,28.95,28.95,28.95,28.95,28.95,28.95,28.95,28.95,28.95,28.95,28.95,28.95,28.96,28.96,28.96,28.97,28.97,28.97,28.98,29.00,29.05,29.39,29.87,30.31,30.40,30.40,30.38,30.35,30.35,30.35,30.35,30.35,30.35,30.36,30.35,30.35,30.35,30.35,30.35,30.35,30.36,30.37,30.28,29.53,29.21,28.95,28.95,28.95,28.95,28.95,28.95,28.95,28.95,28.95,28.95,28.95,28.95,28.95,28.95,28.95,28.95,28.95,28.95,28.95,28.95,28.95,28.95,28.95,28.95,28.95,28.95,28.95,28.95,28.95,28.95,28.95,28.95,28.95,28.95,28.95,28.95,28.95,28.95,28.95,28.95,28.95,28.95,28.95,28.95,28.95,28.95,28.95,28.95,28.95,28.95,28.95,28.95,28.95,28.95,28.95,28.95,0,0,0,0,0,0,0],
[0,0,0,0,0,0,0,0,0,0,0,0,0,0,0,0,0,0,0,0,28.95,28.95,28.95,28.95,28.95,28.95,28.95,28.95,28.95,28.95,28.95,28.95,28.95,28.95,28.95,28.95,28.95,28.95,28.95,28.95,28.95,28.95,28.95,28.95,28.95,28.95,28.95,28.96,28.96,28.96,28.97,28.97,28.97,28.98,28.98,28.98,28.99,28.99,28.99,29.00,29.00,29.01,29.10,29.40,29.83,30.25,30.40,30.40,30.39,30.39,30.38,30.37,30.37,30.36,30.36,30.35,30.36,30.36,30.37,30.38,30.38,30.39,30.40,30.40,30.26,29.59,29.18,28.95,28.95,28.95,28.95,28.95,28.95,28.95,28.95,28.95,28.95,28.95,28.95,28.95,28.95,28.95,28.95,28.95,28.95,28.95,28.95,28.95,28.95,28.95,28.95,28.95,28.95,28.95,28.95,28.95,28.95,28.95,28.95,28.95,28.95,28.95,28.95,28.95,28.95,28.95,28.95,28.95,28.95,28.95,28.95,28.95,28.95,28.95,28.95,28.95,28.95,28.95,28.95,28.95,28.95,28.95,28.95,0,0,0,0,0,0,0],
[0,0,0,0,0,0,0,0,0,0,0,0,0,0,0,0,0,0,0,28.95,28.95,28.95,28.95,28.95,28.95,28.95,28.95,28.95,28.95,28.95,28.95,28.95,28.95,28.95,28.95,28.95,28.95,28.95,28.95,28.95,28.95,28.95,28.95,28.95,28.95,28.95,28.95,28.95,28.95,28.96,28.96,28.97,28.97,28.97,28.98,28.98,28.98,28.99,28.99,28.99,28.99,29.00,29.07,29.39,29.88,30.30,30.39,30.38,30.37,30.37,30.36,30.36,30.35,30.35,30.35,30.36,30.35,30.35,30.35,30.36,30.36,30.37,30.38,30.38,30.30,29.59,29.18,28.95,28.95,28.95,28.95,28.95,28.95,28.95,28.95,28.95,28.95,28.95,28.95,28.95,28.95,28.95,28.95,28.95,28.95,28.95,28.95,28.95,28.95,28.95,28.95,28.95,28.95,28.95,28.95,28.95,28.95,28.95,28.95,28.95,28.95,28.95,28.95,28.95,28.95,28.95,28.95,28.95,28.95,28.95,28.95,28.95,28.95,28.95,28.95,28.95,28.95,28.95,28.95,28.95,28.95,28.95,28.95,0,0,0,0,0,0,0],
[0,0,0,0,0,0,0,0,0,0,0,0,0,0,0,0,0,0,0,28.95,28.95,28.95,28.95,28.95,28.95,28.95,28.95,28.95,28.95,28.95,28.95,28.95,28.95,28.95,28.95,28.95,28.95,28.95,28.95,28.95,28.95,28.95,28.95,28.95,28.95,28.95,28.95,28.95,28.95,28.95,28.96,28.96,28.96,28.97,28.97,28.97,28.97,28.97,28.97,28.97,28.98,29.00,29.05,29.35,29.84,30.30,30.39,30.37,30.36,30.35,30.35,30.35,30.35,30.35,30.35,30.36,30.35,30.35,30.35,30.35,30.35,30.35,30.36,30.37,30.25,29.59,29.18,28.95,28.95,28.95,28.95,28.95,28.95,28.95,28.95,28.95,28.95,28.95,28.95,28.95,28.95,28.95,28.95,28.95,28.95,28.95,28.95,28.95,28.95,28.95,28.95,28.95,28.95,28.95,28.95,28.95,28.95,28.95,28.95,28.95,28.95,28.95,28.95,28.95,28.95,28.95,28.95,28.95,28.95,28.95,28.95,28.95,28.95,28.95,28.95,28.95,28.95,28.95,28.95,28.95,28.95,28.95,28.95,0,0,0,0,0,0,0],
[0,0,0,0,0,0,0,0,0,0,0,0,0,0,0,0,0,0,0,28.95,28.95,28.95,28.95,28.95,28.95,28.95,28.95,28.95,28.95,28.95,28.95,28.95,28.95,28.95,28.95,28.95,28.95,28.95,28.95,28.95,28.95,28.95,28.95,28.95,28.95,28.95,28.95,28.95,28.95,28.95,28.95,28.96,28.96,28.96,28.96,28.96,28.95,28.95,28.95,28.96,28.95,28.95,28.95,29.32,29.79,30.21,30.35,30.35,30.35,30.35,30.35,30.35,30.35,30.35,30.35,30.37,30.35,30.35,30.35,30.35,30.35,30.35,30.35,30.36,30.28,29.47,29.18,28.95,28.95,28.95,28.95,28.95,28.95,28.95,28.95,28.95,28.95,28.95,28.95,28.95,28.95,28.95,28.95,28.95,28.95,28.95,28.95,28.95,28.95,28.95,28.95,28.95,28.95,28.95,28.95,28.95,28.95,28.95,28.95,28.95,28.95,28.95,28.95,28.95,28.95,28.95,28.95,28.95,28.95,28.95,28.95,28.95,28.95,28.95,28.95,28.95,28.95,28.95,28.95,28.95,28.95,28.95,28.95,0,0,0,0,0,0,0],
[0,0,0,0,0,0,0,0,0,0,0,0,0,0,0,28.95,28.95,28.95,28.95,28.95,28.95,28.95,28.95,28.95,28.95,28.95,28.95,28.95,28.95,28.95,28.95,28.95,28.95,28.95,28.95,28.95,28.95,28.95,28.95,28.95,28.95,28.95,28.95,28.95,28.95,28.95,28.95,28.95,28.95,28.95,28.95,28.95,28.95,28.95,28.95,28.95,28.95,28.95,28.95,28.95,28.95,28.95,28.95,29.30,29.80,30.26,30.35,0,30.35,30.35,30.35,30.35,30.35,30.35,30.35,30.37,30.35,30.35,30.35,30.35,30.35,30.35,30.35,0,0,0,0,28.95,28.95,28.95,28.95,28.95,28.97,29.00,28.96,28.95,28.95,28.95,28.95,28.95,28.95,28.95,28.95,28.95,28.95,28.95,28.95,28.95,28.95,28.95,28.95,28.95,28.95,28.95,28.95,28.95,28.95,28.95,28.95,28.95,28.95,28.95,28.95,28.95,28.95,28.95,28.95,28.95,28.95,28.95,28.95,28.95,28.95,28.95,28.95,28.95,28.95,28.95,28.95,28.95,28.95,28.95,0,0,0,0,0,0,0,0],
[0,0,0,0,0,0,0,0,0,0,0,0,0,0,0,28.95,28.95,28.95,28.95,28.95,28.95,28.95,28.95,28.95,28.95,28.95,28.95,28.95,28.95,28.95,28.95,28.95,28.95,28.95,28.95,28.95,28.95,28.95,28.95,28.95,28.95,28.95,28.95,28.95,28.95,28.95,28.95,28.95,28.95,28.95,28.95,28.95,28.95,28.95,0,0,0,0,0,28.95,28.95,0,0,0,0,0,0,30.35,30.35,30.35,30.35,30.35,30.35,30.35,30.36,30.38,30.35,30.35,30.35,30.35,30.35,30.35,30.35,30.35,0,0,0,0,0,0,0,0,0,0,0,0,0,0,0,0,28.95,28.95,28.95,28.95,28.95,28.95,28.95,28.95,28.95,28.95,28.95,28.95,28.95,28.95,28.95,28.95,28.95,28.95,28.95,28.95,28.95,28.95,28.95,28.95,28.95,28.95,28.95,28.95,28.95,28.95,28.95,28.95,28.95,28.95,28.95,28.95,28.95,28.95,28.95,28.95,28.95,0,0,0,0,0,0,0,0,0],
[0,0,0,0,0,0,0,0,0,0,0,0,0,0,0,28.95,28.95,28.95,28.95,28.95,28.95,28.95,28.95,28.95,28.95,28.95,28.95,28.95,28.95,28.95,28.95,28.95,28.95,28.95,28.95,28.95,28.95,28.95,28.95,28.95,28.95,28.95,28.95,28.95,28.95,28.95,28.95,28.95,28.95,28.95,28.95,28.95,28.95,28.95,0,0,0,0,0,0,0,0,0,0,0,0,0,30.35,30.35,30.35,30.35,30.35,30.35,30.35,30.36,30.39,30.36,30.35,30.35,30.35,30.35,30.35,30.35,0,0,0,0,0,0,0,0,0,0,0,0,0,0,0,0,0,28.95,28.95,28.95,28.95,28.95,28.95,28.95,28.95,28.95,28.95,28.95,28.95,28.95,28.95,28.95,28.95,28.95,28.95,28.95,28.95,28.95,28.95,28.95,28.95,28.95,28.95,28.95,28.95,28.95,28.95,28.95,28.95,28.95,28.95,28.95,28.95,28.95,28.95,28.95,28.95,0,0,0,0,0,0,0,0,0,0],
[0,0,0,0,0,0,0,0,0,0,0,0,0,0,28.95,28.95,28.95,28.95,28.95,28.95,28.95,28.95,28.95,28.95,28.95,28.95,28.95,28.95,28.95,28.95,28.95,28.95,28.95,28.95,28.95,28.95,28.95,28.95,28.95,28.95,28.95,28.95,28.95,28.95,28.95,28.95,28.95,28.95,28.95,28.95,28.95,28.95,28.95,28.95,0,0,0,0,0,0,0,0,0,0,0,0,0,0,30.35,30.35,30.35,30.35,30.35,30.35,30.37,30.39,30.36,30.35,30.35,30.35,30.35,30.35,30.35,0,0,0,0,0,0,0,0,0,0,0,0,0,0,0,0,0,0,28.95,28.95,28.95,28.95,28.95,28.95,28.95,28.95,28.95,28.95,28.95,28.95,28.95,28.95,28.95,28.95,28.95,28.95,28.95,28.95,28.95,28.95,28.95,28.95,28.95,28.95,28.95,28.95,28.95,28.95,28.95,28.95,28.95,28.95,28.95,28.95,28.95,28.95,28.95,0,0,0,0,0,0,0,0,0,0],
[0,0,0,0,0,0,0,0,0,0,0,0,0,0,0,28.95,28.95,28.95,28.95,28.95,28.95,28.95,28.95,28.95,28.95,28.95,28.95,28.95,28.95,28.95,28.95,28.95,28.95,28.95,28.95,28.95,28.95,28.95,28.95,28.95,28.95,28.95,28.95,28.95,28.95,28.95,28.95,28.95,28.95,28.95,28.95,28.95,28.95,28.95,0,0,0,0,0,0,0,0,0,0,0,0,0,0,0,30.35,30.35,30.35,30.35,30.35,30.38,30.40,30.37,30.32,0,30.35,30.35,0,0,0,0,0,0,0,0,0,0,0,0,0,0,0,0,0,0,0,28.95,28.95,28.95,28.95,28.95,28.95,28.95,28.95,28.95,28.95,28.95,28.95,28.95,28.95,28.95,28.95,28.95,28.95,28.95,28.95,28.95,28.95,28.95,28.95,28.95,28.95,28.95,28.95,28.95,28.95,28.95,28.95,28.95,28.95,28.95,28.95,28.95,28.95,28.95,28.95,0,0,0,0,0,0,0,0,0,0],
[0,0,0,0,0,0,0,0,0,0,0,0,0,0,0,28.95,28.95,28.95,28.95,28.95,28.95,28.95,28.95,28.95,28.95,28.95,28.95,28.95,28.95,28.95,28.95,28.95,28.95,28.95,28.95,28.95,28.95,28.95,28.95,28.95,28.95,28.95,28.95,28.95,28.95,28.95,28.95,28.95,28.95,28.95,28.95,28.95,28.95,0,0,0,0,0,0,0,0,0,0,0,0,0,0,0,0,0,30.35,0,30.36,30.35,30.38,30.40,30.35,30.29,30.29,0,0,0,0,0,0,0,0,0,0,0,0,0,0,0,0,0,0,0,0,0,28.95,28.95,28.95,28.95,28.95,28.95,28.95,28.95,28.95,28.95,28.95,28.95,28.95,28.95,28.95,28.95,28.95,28.95,28.95,28.95,28.95,28.95,28.95,28.95,28.95,28.95,28.95,28.95,28.95,28.95,28.95,28.95,28.95,28.95,28.95,28.95,28.95,28.95,28.95,0,0,0,0,0,0,0,0,0,0,0],
[0,0,0,0,0,0,0,0,0,0,0,0,0,0,0,28.95,28.95,28.95,28.95,28.95,28.95,28.95,28.95,28.95,28.95,28.95,28.95,28.95,28.95,28.95,28.95,28.95,28.95,28.95,28.95,28.95,28.95,28.95,28.95,28.95,28.95,28.95,28.95,28.95,28.95,28.95,28.95,28.95,28.95,28.95,28.95,28.95,28.95,0,0,0,0,0,0,0,0,0,0,0,0,0,0,0,0,0,0,0,30.41,30.35,30.36,30.36,30.33,30.29,30.29,0,0,0,0,0,0,0,0,0,0,0,0,0,0,0,0,0,0,0,0,0,28.95,28.95,28.95,28.95,28.95,28.95,28.95,28.95,28.95,28.95,28.95,28.95,28.95,28.95,28.95,28.95,28.95,28.95,28.95,28.95,28.95,28.95,28.95,28.95,28.95,28.95,28.95,28.95,28.95,28.95,28.95,28.95,28.95,28.95,28.95,28.95,28.95,28.95,0,0,0,0,0,0,0,0,0,0,0,0],
[0,0,0,0,0,0,0,0,0,0,0,0,0,0,0,28.95,28.95,28.95,28.95,28.95,28.95,28.95,28.95,28.95,28.95,28.95,28.95,28.95,28.95,28.95,28.95,28.95,0,0,0,28.95,0,0,28.95,28.95,28.95,28.95,28.95,28.95,28.95,28.95,28.95,28.95,28.95,28.95,28.95,28.95,28.95,0,0,0,0,0,0,0,0,0,0,0,0,0,0,0,0,0,0,0,29.72,29.59,29.96,29.91,29.84,29.59,29.59,0,0,0,0,0,0,0,0,0,0,0,0,0,0,0,0,0,0,0,0,0,28.95,28.95,28.95,28.95,28.95,28.95,28.95,28.95,28.95,28.95,28.95,28.95,28.95,28.95,28.95,28.95,28.95,28.95,28.95,28.95,28.95,28.95,28.95,28.95,28.95,28.95,28.95,28.95,28.95,28.95,28.95,28.95,28.95,28.95,28.95,28.95,28.95,0,0,0,0,0,0,0,0,0,0,0,0,0],
[0,0,0,0,0,0,0,0,0,0,0,0,0,0,28.95,28.95,28.95,28.95,28.95,28.95,28.95,28.95,28.95,28.95,28.95,28.95,28.95,28.95,28.95,28.95,28.95,0,0,0,0,0,0,0,28.95,28.95,28.95,28.95,28.95,28.95,28.95,28.95,28.95,28.95,28.95,28.95,28.95,28.95,28.95,28.95,0,0,0,0,0,0,0,0,0,0,0,0,0,0,0,0,0,0,0,29.36,29.36,29.36,29.30,29.30,29.30,0,0,0,0,0,0,0,0,0,0,0,0,0,0,0,0,0,0,0,0,0,28.95,28.95,28.95,28.95,28.95,28.95,28.95,28.95,28.95,28.95,28.95,28.95,28.95,28.95,28.95,28.95,28.95,28.95,28.95,28.95,28.95,28.95,28.95,28.95,28.95,28.95,28.95,28.95,28.95,28.95,28.95,28.95,28.95,28.95,28.95,28.95,28.95,0,0,0,0,0,0,0,0,0,0,0,0,0],
[0,0,0,0,0,0,0,0,0,0,0,0,28.95,28.95,28.95,28.95,28.95,28.95,28.95,28.95,28.95,28.95,28.95,28.95,28.95,28.95,28.95,28.95,28.95,28.95,0,0,0,0,0,0,0,0,0,28.95,28.95,28.95,28.95,28.95,28.95,28.95,28.95,28.95,28.95,28.95,28.95,28.95,28.95,28.95,28.95,0,0,0,0,0,0,0,0,0,0,0,0,0,0,0,0,0,28.95,28.95,28.98,29.01,28.99,28.97,28.95,28.95,0,0,0,0,0,0,0,0,0,0,0,0,0,0,0,0,0,0,0,0,28.95,28.95,28.95,28.95,28.95,28.95,28.95,28.95,28.95,28.95,28.95,28.95,28.95,28.95,28.95,28.95,28.95,28.95,0,0,0,28.95,28.95,28.95,28.95,28.95,28.95,28.95,28.95,28.95,28.95,28.95,28.95,28.95,28.95,28.95,0,0,0,0,0,0,0,0,0,0,0,0,0,0],
[0,0,0,0,0,0,0,0,0,0,0,28.95,28.95,28.95,28.95,28.95,28.95,28.95,28.95,28.95,28.95,28.95,28.95,28.95,28.95,28.95,28.95,28.95,28.95,0,0,0,0,0,0,0,0,0,0,28.95,28.95,28.95,28.95,28.95,28.95,28.95,28.95,28.95,28.95,28.95,28.95,28.95,28.95,28.95,28.95,28.95,28.95,0,0,0,0,0,0,0,0,0,0,0,0,0,0,28.95,28.95,28.96,28.98,29.00,28.99,28.97,28.95,28.95,0,0,0,0,0,0,0,0,0,29.67,29.77,29.82,0,0,0,0,0,0,0,28.95,28.95,28.95,28.95,28.95,28.95,28.95,28.95,28.95,28.95,28.95,28.95,28.95,28.95,28.95,28.95,28.95,28.95,28.95,0,0,0,0,0,0,28.95,28.95,28.95,28.95,28.95,28.95,28.95,28.95,28.95,28.95,28.95,28.95,0,0,0,0,0,0,0,0,0,0,0,0,0,0],
[0,0,0,0,0,0,0,0,0,0,28.95,28.95,28.95,28.95,28.95,28.95,28.95,28.95,28.95,28.95,28.95,28.95,28.95,28.95,28.95,28.95,28.95,28.95,28.95,0,0,0,0,0,0,0,0,0,28.95,28.95,28.95,28.95,28.95,28.95,28.95,28.95,28.95,28.95,28.95,28.95,28.95,28.95,28.95,28.95,28.95,28.95,28.95,0,0,0,0,0,0,0,0,0,0,0,0,0,0,28.95,28.95,28.96,28.98,29.00,28.98,28.97,28.95,28.95,0,0,0,0,0,0,0,29.36,29.45,29.63,29.74,29.80,29.77,0,0,0,0,28.95,28.95,28.95,28.95,28.95,28.95,28.95,28.95,28.95,28.95,28.95,28.95,28.95,28.95,28.95,28.95,28.95,28.95,28.95,28.95,28.95,0,0,0,0,0,0,28.95,28.95,28.95,28.95,28.95,28.95,28.95,28.95,28.95,28.95,28.95,28.95,0,0,0,0,0,0,0,0,0,0,0,0,0,0],
[0,0,0,0,0,0,0,0,28.95,28.95,28.95,28.95,28.95,28.95,28.95,28.95,28.95,28.95,28.95,28.95,28.95,28.95,28.95,28.95,28.95,28.95,28.95,28.95,0,0,0,0,0,0,0,0,0,0,28.95,28.95,28.95,28.95,28.95,28.95,28.95,28.95,28.95,28.95,28.95,28.95,28.95,28.95,28.95,28.95,28.95,28.95,28.95,28.95,0,0,0,0,0,0,0,0,0,0,0,0,0,28.95,28.95,28.96,28.98,29.00,28.98,28.97,28.95,28.98,0,0,0,0,0,0,29.36,29.36,29.41,29.50,29.59,29.66,29.60,0,0,0,28.95,28.95,28.95,28.95,28.95,28.95,28.95,28.95,28.95,28.95,28.95,28.95,28.95,28.95,28.95,28.95,28.95,28.95,28.95,28.95,28.95,0,0,0,0,0,0,0,28.95,28.95,28.95,28.95,28.95,28.95,28.95,28.95,28.95,28.95,28.95,28.95,0,0,0,0,0,0,0,0,0,0,0,0,0,0],
[0,0,0,0,0,0,0,28.95,28.95,28.95,28.95,28.95,28.95,28.95,28.95,28.95,28.95,28.95,28.95,28.95,28.95,28.95,28.95,28.95,28.95,28.95,28.95,28.95,0,0,0,0,0,0,0,0,28.95,28.95,28.95,28.95,28.95,28.95,28.95,28.95,28.95,28.95,28.95,28.95,28.95,28.95,28.95,28.95,28.95,28.95,28.95,28.95,28.95,28.95,0,0,0,0,0,0,0,0,0,0,0,0,0,0,28.95,28.96,28.98,28.99,28.98,28.96,28.95,28.95,0,0,0,0,0,0,29.36,29.37,29.39,29.43,29.49,29.44,29.39,29.31,0,0,28.95,28.95,28.95,28.95,28.95,28.95,28.95,28.95,28.95,28.95,28.95,28.95,28.95,28.95,28.95,28.95,28.95,28.95,28.95,0,0,0,0,0,0,0,0,0,0,28.95,28.95,28.95,28.95,28.95,28.95,28.95,28.95,28.95,28.95,28.95,0,0,0,0,0,0,0,0,0,0,0,0,0,0],
[0,0,0,0,28.95,28.95,28.95,28.95,28.95,28.95,28.95,28.95,28.95,28.95,28.95,28.95,28.95,28.95,28.95,28.95,28.95,28.95,28.95,28.95,28.95,28.95,28.95,0,0,0,0,0,0,0,0,28.95,28.95,28.95,28.95,28.95,28.95,28.95,28.95,28.95,28.95,28.95,28.95,28.95,28.95,28.95,28.95,28.95,28.95,28.95,28.95,28.95,28.95,28.95,0,0,0,0,0,0,0,0,0,0,0,0,0,0,28.95,28.96,28.98,28.99,28.97,28.96,28.95,0,0,0,0,0,0,29.36,29.36,29.38,29.39,29.43,29.34,29.25,29.18,29.11,0,0,28.95,28.95,28.95,28.95,28.95,28.95,28.95,28.95,28.95,28.95,28.95,28.95,28.95,28.95,28.95,28.95,28.95,28.95,28.95,0,0,0,0,0,0,0,0,0,0,28.95,28.95,28.95,28.95,28.95,28.95,28.95,28.95,28.95,28.95,28.95,0,0,0,0,0,0,0,0,0,0,0,0,0,0],
[0,0,0,0,28.95,28.95,28.95,28.95,28.95,28.95,28.95,28.95,28.95,28.95,28.95,28.95,28.95,28.95,28.95,28.95,28.95,28.95,28.95,28.95,28.95,28.95,28.95,0,0,0,0,0,0,0,0,28.95,28.95,28.95,28.95,28.95,28.95,28.95,28.95,28.95,28.95,28.95,28.95,28.95,28.95,28.95,28.95,28.95,28.95,28.95,28.95,28.95,28.95,28.95,28.95,0,0,0,0,0,0,0,0,0,0,0,0,0,28.95,28.96,28.98,28.99,28.97,28.96,28.95,0,0,0,0,0,29.36,29.36,29.37,29.39,29.40,29.36,29.21,29.12,29.04,28.99,28.96,28.95,28.95,28.95,28.95,28.95,28.95,28.95,28.95,28.95,28.95,28.95,28.95,28.95,28.95,28.95,28.95,28.95,28.95,28.95,28.95,0,0,0,0,0,0,0,0,0,0,28.95,28.95,28.95,28.95,28.95,28.95,28.95,28.95,28.95,28.95,28.95,0,0,0,0,0,0,0,0,0,0,0,0,0,0],
[0,0,0,0,28.95,28.95,28.95,28.95,28.95,28.95,28.95,28.95,28.95,28.95,28.95,28.95,28.95,28.95,28.95,28.95,28.95,28.95,28.95,28.95,28.95,28.95,0,0,0,0,0,0,0,0,0,28.95,28.95,28.95,28.95,28.95,28.95,28.95,28.95,28.95,28.95,28.95,28.95,28.95,28.95,28.95,28.95,28.95,28.95,28.95,28.95,28.95,28.95,28.95,28.95,28.95,28.95,0,0,0,0,0,0,0,0,0,0,0,28.95,28.96,28.98,28.98,28.97,28.95,28.95,0,0,0,0,0,29.36,29.38,29.39,29.41,29.38,29.26,29.12,29.03,28.99,28.97,28.96,28.95,28.95,28.95,28.95,28.95,28.95,28.95,28.95,28.95,28.95,28.95,28.95,28.95,28.95,28.95,28.95,28.95,28.95,28.95,28.95,0,0,0,0,0,0,0,0,0,28.95,28.95,28.95,28.95,28.95,28.95,28.95,28.95,28.95,28.95,28.95,28.95,0,0,0,0,0,0,0,0,0,0,0,0,0,0],
[0,0,0,0,28.95,28.95,28.95,28.95,28.95,28.95,28.95,28.95,28.95,28.95,28.95,28.95,28.95,28.95,28.95,28.95,28.95,28.95,28.95,28.95,28.95,28.95,28.95,0,0,0,0,0,0,0,28.95,28.95,28.95,28.95,28.95,28.95,28.95,28.95,28.95,28.95,28.95,28.95,28.95,28.95,28.95,28.95,28.95,28.95,28.95,28.95,28.95,28.95,28.95,28.95,28.95,28.95,28.95,28.95,0,0,0,0,0,0,0,0,0,0,28.95,28.96,28.97,28.98,28.96,28.95,28.95,0,0,0,0,29.36,29.36,29.40,29.41,29.29,29.23,29.13,29.01,28.99,28.96,28.95,28.95,28.95,28.95,28.95,28.95,28.95,28.95,28.95,28.95,28.95,28.95,28.95,28.95,28.95,28.95,28.95,28.95,28.95,28.95,28.95,28.95,28.95,0,0,0,0,0,0,28.95,28.95,28.95,28.95,28.95,28.95,28.95,28.95,28.95,28.95,28.95,28.95,28.95,28.95,0,0,0,0,0,0,0,0,0,0,0,0,0,0],
[0,0,0,0,28.95,28.95,28.95,28.95,28.95,28.95,28.95,28.95,28.95,28.95,28.95,28.95,28.95,28.95,28.95,28.95,28.95,28.95,28.95,28.95,28.95,28.95,28.95,0,0,0,0,0,0,28.95,28.95,28.95,28.95,28.95,28.95,28.95,28.95,28.95,28.95,28.95,28.95,28.95,28.95,28.95,28.95,28.95,28.95,28.95,28.95,28.95,28.95,28.95,28.95,28.95,28.95,28.95,28.95,0,0,0,0,0,0,0,0,0,0,0,28.95,28.96,28.97,28.98,28.96,28.95,28.95,0,0,0,0,29.36,29.36,29.30,29.19,29.14,29.05,28.99,28.97,28.95,28.95,28.95,28.95,28.95,28.95,28.95,28.95,28.95,28.95,28.95,28.95,28.95,28.95,28.95,28.95,28.95,28.95,28.95,28.95,28.95,28.95,28.95,28.95,28.95,28.95,0,0,0,0,0,28.95,28.95,28.95,28.95,28.95,28.95,28.95,28.95,28.95,28.95,28.95,28.95,28.95,28.95,0,0,0,0,0,0,0,0,0,0,0,0,0,0],
[0,0,0,0,28.95,28.95,28.95,28.95,28.95,28.95,28.95,28.95,28.95,28.95,28.95,28.95,28.95,28.95,28.95,28.95,28.95,28.95,28.95,28.95,28.95,28.95,28.95,28.95,28.95,28.95,0,0,28.95,28.95,28.95,28.95,28.95,28.95,28.95,28.95,28.95,28.95,28.95,28.95,28.95,28.95,28.95,28.95,28.95,28.95,28.95,28.95,28.95,28.95,28.95,28.95,28.95,28.95,28.95,28.95,28.95,0,0,0,0,0,0,0,0,0,0,0,28.95,28.96,28.97,28.97,28.96,28.95,28.95,0,0,0,0,29.39,29.31,29.10,29.02,29.00,28.97,28.95,28.95,28.95,28.95,28.95,28.95,28.95,28.95,28.95,28.95,28.95,28.95,28.95,28.95,28.95,28.95,28.95,28.95,28.95,28.95,28.95,28.95,28.95,28.95,28.95,28.95,28.95,28.95,0,0,0,0,28.95,28.95,28.95,28.95,28.95,28.95,28.95,28.95,28.95,28.95,28.95,28.95,28.95,28.95,0,0,0,0,0,0,0,0,0,0,0,0,0,0,0],
[0,0,0,0,28.95,28.95,28.95,28.95,28.95,28.95,28.95,28.95,28.95,28.95,28.95,28.95,28.95,28.95,28.95,28.95,28.95,28.95,28.95,28.95,28.95,28.95,28.95,28.95,28.95,28.95,28.95,28.95,28.95,28.95,28.95,28.95,28.95,28.95,28.95,28.95,28.95,28.95,28.95,28.95,28.95,28.95,28.95,28.95,28.95,28.95,28.95,28.95,28.95,28.95,28.95,28.95,28.95,28.95,28.95,28.95,28.95,0,0,0,0,0,0,0,0,0,0,0,28.95,28.96,28.96,28.97,28.95,28.95,28.95,28.95,0,0,0,0,29.11,28.95,28.97,28.96,28.95,28.95,28.95,28.95,28.95,28.95,28.95,28.95,28.95,28.95,28.95,28.95,28.95,28.95,28.95,28.95,28.95,28.95,28.95,28.95,28.95,28.95,28.95,28.95,28.95,28.95,28.95,28.95,28.95,0,0,0,0,28.95,28.95,28.95,28.95,28.95,28.95,28.95,28.95,28.95,28.95,28.95,28.95,28.95,28.95,0,0,0,0,0,0,0,0,0,0,0,0,0,0,0],
[0,0,0,0,28.95,28.95,28.95,28.95,28.95,28.95,28.95,28.95,28.95,28.95,28.95,28.95,28.95,28.95,28.95,28.95,28.95,28.95,28.95,28.95,28.95,28.95,28.95,28.95,28.95,28.95,28.95,28.95,28.95,28.95,28.95,28.95,28.95,28.95,28.95,28.95,28.95,28.95,28.95,28.95,28.95,28.95,28.95,28.95,28.95,28.95,28.95,28.95,28.95,28.95,28.95,28.95,28.95,28.95,28.95,28.95,28.95,0,0,0,0,0,0,0,0,0,0,0,28.95,28.96,28.96,28.97,28.95,28.95,28.95,28.95,0,0,0,0,0,28.95,28.95,28.95,28.95,28.95,28.95,28.95,28.95,28.95,28.95,28.95,28.95,28.95,28.95,28.95,28.95,28.95,28.95,28.95,28.95,28.95,28.95,28.95,28.95,28.95,28.95,28.95,28.95,28.95,28.95,28.95,28.95,28.95,28.95,28.95,28.95,28.95,28.95,28.95,28.95,28.95,28.95,28.95,28.95,28.95,28.95,28.95,28.95,28.95,0,0,0,0,0,0,0,0,0,0,0,0,0,0,0,0],
[0,0,0,0,28.95,28.95,28.95,28.95,28.95,28.95,28.95,28.95,28.95,28.95,28.95,28.95,28.95,28.95,28.95,28.95,28.95,28.95,28.95,28.95,28.95,28.95,28.95,28.95,28.95,28.95,28.95,28.95,28.95,28.95,28.95,28.95,28.95,28.95,28.95,28.95,28.95,28.95,28.95,28.95,28.95,28.95,28.95,28.95,28.95,28.95,28.95,28.95,28.95,28.95,28.95,28.95,28.95,28.95,28.95,28.95,28.95,28.95,0,0,0,0,0,0,28.95,28.95,28.95,28.95,28.95,28.95,28.96,28.96,28.95,28.95,28.95,28.95,0,0,0,0,0,28.95,28.95,28.95,28.95,28.95,28.95,28.95,28.95,28.95,28.95,28.95,28.95,28.95,28.95,28.95,28.95,28.95,28.95,28.95,28.95,28.95,28.95,28.95,28.95,28.95,28.95,28.95,28.95,28.95,28.95,28.95,28.95,28.95,28.95,28.95,28.95,28.95,28.95,28.95,28.95,28.95,28.95,28.95,28.95,28.95,28.95,28.95,28.95,28.95,0,0,0,0,0,0,0,0,0,0,0,0,0,0,0,0],
[0,0,0,28.95,28.95,28.95,28.95,28.95,28.95,28.95,28.95,28.95,28.95,28.95,28.95,28.95,28.95,28.95,28.95,28.95,28.95,28.95,28.95,28.95,28.95,28.95,28.95,28.95,28.95,28.95,28.95,28.95,28.95,28.95,28.95,28.95,28.95,28.95,28.95,28.95,28.95,28.95,28.95,28.95,28.95,28.95,28.95,28.95,28.95,28.95,28.95,28.95,28.95,28.95,28.95,28.95,28.95,28.95,28.95,28.95,28.95,28.95,28.95,28.95,28.95,28.95,28.95,28.95,28.95,28.95,28.95,28.95,28.95,28.95,28.95,28.96,28.95,28.95,28.95,28.95,28.95,28.95,28.95,28.95,28.95,28.95,28.95,28.95,28.95,28.95,28.95,28.95,28.95,28.95,28.95,28.95,28.95,28.95,28.95,28.95,28.95,28.95,28.95,28.95,28.95,28.95,28.95,28.95,28.95,28.95,28.95,28.95,28.95,28.95,28.95,28.95,28.95,28.95,28.95,28.95,28.95,28.95,28.95,28.95,28.95,28.95,28.95,28.95,28.95,28.95,28.95,28.95,28.95,0,0,0,0,0,0,0,0,0,0,0,0,0,0,0,0,0],
[0,0,0,28.95,28.95,28.95,28.95,28.95,28.95,28.95,28.95,28.95,28.95,28.95,28.95,28.95,28.95,28.95,28.95,28.95,28.95,28.95,28.95,28.95,28.95,28.95,28.95,28.95,28.95,28.95,28.95,28.95,28.95,28.95,28.95,28.95,28.95,28.95,28.95,28.95,28.95,28.95,28.95,28.95,28.95,28.95,28.95,28.95,28.95,28.95,28.95,28.95,28.95,28.95,28.95,28.95,28.95,28.95,28.95,28.95,28.95,28.95,28.95,28.95,28.95,28.95,28.95,28.95,28.95,28.95,28.95,28.95,28.95,28.95,28.95,28.96,28.95,28.95,28.95,28.95,28.95,28.95,28.95,28.95,28.95,28.95,28.95,28.95,28.95,28.95,28.95,28.95,28.95,28.95,28.95,28.95,28.95,28.95,28.95,28.95,28.95,28.95,28.95,28.95,28.95,28.95,28.95,28.95,28.95,28.95,28.95,28.95,28.95,28.95,28.95,28.95,28.95,28.95,28.95,28.95,28.95,28.95,28.95,28.95,28.95,28.95,28.95,28.95,28.95,28.95,28.95,28.95,28.95,0,0,0,0,0,0,0,0,0,0,0,0,0,0,0,0,0],
[0,0,0,0,28.95,28.95,28.95,28.95,28.95,28.95,28.95,28.95,28.95,28.95,28.95,28.95,28.95,28.95,28.95,28.95,28.95,28.95,28.95,28.95,28.95,28.95,28.95,28.95,28.95,28.95,28.95,28.95,28.95,28.95,28.95,28.95,28.95,28.95,28.95,28.95,28.95,28.95,28.95,28.95,28.95,28.95,28.95,28.95,28.95,28.95,28.95,28.95,28.95,28.95,28.95,28.95,28.95,28.95,28.95,28.95,28.95,28.95,28.95,28.95,28.95,28.95,28.95,28.95,28.95,28.95,28.95,28.95,28.95,28.95,28.95,28.95,28.95,28.95,28.95,28.95,28.95,28.95,28.95,28.95,28.95,28.95,28.95,28.95,28.95,28.95,28.95,28.95,28.95,28.95,28.95,28.95,28.95,28.95,28.95,28.95,28.95,28.95,28.95,28.95,28.95,28.95,28.95,28.95,28.95,28.95,28.95,28.95,28.95,28.95,28.95,28.95,28.95,28.95,28.95,28.95,28.95,28.95,28.95,28.95,28.95,28.95,28.95,28.95,28.95,28.95,28.95,28.95,28.95,28.95,0,0,0,0,0,0,0,0,0,0,0,0,0,0,0,0],
[0,0,0,0,0,0,0,0,0,0,0,0,28.95,28.95,28.95,28.95,28.95,28.95,28.95,28.95,28.95,28.95,28.95,28.95,28.95,28.95,28.95,28.95,28.95,28.95,28.95,28.95,28.95,28.95,28.95,28.95,28.95,28.95,28.95,28.95,28.95,28.95,28.95,28.95,28.95,28.95,28.95,28.95,28.95,28.95,28.95,28.95,28.95,28.95,28.95,28.95,28.95,28.95,28.95,28.95,28.95,28.95,28.95,28.95,28.95,28.95,28.95,28.95,28.95,28.95,28.95,28.95,28.95,28.95,28.95,28.95,28.95,28.95,28.95,28.95,28.95,28.95,28.95,28.95,28.95,28.95,28.95,28.95,28.95,28.95,28.95,28.95,28.95,28.95,28.95,28.95,28.95,28.95,28.95,28.95,28.95,28.95,28.95,28.95,28.95,28.95,28.95,28.95,28.95,28.95,28.95,28.95,28.95,28.95,28.95,28.95,28.95,28.95,28.95,28.95,28.95,28.95,28.95,28.95,28.95,28.95,28.95,28.95,28.95,28.95,28.95,28.95,28.95,28.95,28.95,0,0,0,0,0,0,0,0,0,0,0,0,0,0,0],
[0,0,0,0,0,0,0,0,0,0,0,0,28.95,28.95,28.95,28.95,28.95,28.95,28.95,28.95,28.95,28.95,28.95,28.95,28.95,28.95,28.95,28.95,28.95,28.95,28.95,28.95,28.95,28.95,28.95,28.95,28.95,28.95,28.95,28.95,28.95,28.95,28.95,28.95,28.95,28.95,28.95,28.95,28.95,28.95,28.95,28.95,28.95,28.95,28.95,28.95,28.95,28.95,28.95,28.95,28.95,28.95,28.95,28.95,28.95,28.95,28.95,28.95,28.95,28.95,28.95,28.95,28.95,28.95,28.95,28.95,28.95,28.95,28.95,28.95,28.95,28.95,28.95,28.95,28.95,28.95,28.95,28.95,28.95,28.95,28.95,28.95,28.95,28.95,28.95,28.95,28.95,28.95,28.95,28.95,28.95,28.95,28.95,28.95,28.95,28.95,28.95,28.95,28.95,28.95,28.95,28.95,28.95,28.95,28.95,28.95,28.95,28.95,28.95,28.95,28.95,28.95,28.95,28.95,28.95,28.95,28.95,28.95,28.95,28.95,28.95,28.95,28.95,28.95,28.95,28.95,0,0,0,0,0,0,0,0,0,0,0,0,0,0],
[0,0,0,0,0,0,0,0,0,0,0,0,28.95,28.95,28.95,28.95,28.95,28.95,28.95,28.95,28.95,28.95,28.95,28.95,28.95,28.95,28.95,28.95,28.95,28.95,28.95,28.95,28.95,28.95,28.95,28.95,28.95,28.95,28.95,28.95,28.95,28.95,28.95,28.95,28.95,28.95,28.95,28.95,28.95,28.95,28.95,28.95,28.95,28.95,28.95,28.95,28.95,28.95,28.95,28.95,28.95,28.95,28.95,28.95,28.95,28.95,28.95,28.95,28.95,28.95,28.95,28.95,28.95,28.95,28.95,28.95,28.95,28.95,28.95,28.95,28.95,28.95,28.95,28.95,28.95,28.95,28.95,28.95,28.95,28.95,28.95,28.95,28.95,28.95,28.95,28.95,28.95,28.95,28.95,0,0,28.95,28.95,28.95,28.95,28.95,28.95,28.95,28.95,28.95,28.95,28.95,28.95,28.95,28.95,28.95,28.95,28.95,28.95,28.95,28.95,28.95,28.95,28.95,28.95,28.95,28.95,28.95,28.95,28.95,28.95,28.95,28.95,28.95,28.95,28.95,0,0,0,0,0,0,0,0,0,0,0,0,0,0],
[0,0,0,0,0,0,0,0,0,0,0,0,28.95,28.95,28.95,28.95,28.95,28.95,28.95,28.95,28.95,28.95,28.95,28.95,28.95,28.95,28.95,28.95,28.95,28.95,28.95,28.95,28.95,28.95,28.95,28.95,28.95,28.95,28.95,28.95,28.95,28.95,28.95,28.95,28.95,28.95,28.95,28.95,28.95,28.95,28.95,28.95,28.95,28.95,28.95,28.95,28.95,28.95,28.95,28.95,28.95,28.95,28.95,28.95,28.95,28.95,28.95,28.95,28.95,28.95,28.95,28.95,28.95,28.95,28.95,28.95,28.95,28.95,28.95,28.95,28.95,28.95,28.95,28.95,28.95,28.95,28.95,28.95,28.95,28.95,28.95,28.95,28.95,28.95,28.95,28.95,28.95,0,0,0,0,0,28.95,28.95,28.95,28.95,28.95,28.95,28.95,28.95,28.95,28.95,28.95,28.95,28.95,28.95,28.95,28.95,28.95,28.95,28.95,28.95,28.95,28.95,28.95,28.95,28.95,28.95,28.95,28.95,28.95,28.95,28.95,28.95,28.95,28.95,0,0,0,0,0,0,0,0,0,0,0,0,0,0],
[0,0,0,0,0,0,0,0,0,0,0,0,28.95,28.95,28.95,28.95,28.95,28.95,28.95,28.95,28.95,28.95,28.95,28.95,28.95,28.95,28.95,28.95,28.95,28.95,28.95,28.95,28.95,28.95,28.95,28.95,28.95,28.95,28.95,28.95,28.95,28.95,28.95,28.95,28.95,28.95,28.95,28.95,28.95,28.95,28.95,28.95,28.95,28.95,28.95,28.95,28.95,28.95,28.95,28.95,28.95,28.95,28.95,28.95,28.95,28.95,28.95,28.95,28.95,28.95,28.95,28.95,28.95,28.95,28.95,28.95,28.95,28.95,28.95,28.95,28.95,28.95,28.95,28.95,28.95,28.95,28.95,28.95,28.95,28.95,28.95,28.95,28.95,28.95,28.95,0,0,0,0,0,0,0,0,28.95,28.95,28.95,28.95,28.95,28.95,28.95,28.95,28.95,28.95,28.95,28.95,28.95,28.95,28.95,28.95,28.95,28.95,28.95,28.95,28.95,28.95,28.95,28.95,28.95,28.95,28.95,28.95,28.95,28.95,28.95,28.95,28.95,28.95,0,0,0,0,0,0,0,0,0,0,0,0,0],
[0,0,0,0,0,0,0,0,0,0,0,0,28.95,28.95,28.95,28.95,28.95,28.95,28.95,28.95,28.95,28.95,28.95,28.95,28.95,28.95,28.95,28.95,28.95,28.95,28.95,28.95,28.95,28.95,28.95,28.95,28.95,28.95,28.95,28.95,28.95,28.95,28.95,28.95,28.95,28.95,28.95,28.95,28.95,28.95,28.95,28.95,28.95,28.95,28.95,28.95,28.95,28.95,28.95,28.95,28.95,28.95,28.95,28.95,28.95,28.95,28.95,28.95,28.95,28.95,28.95,28.95,28.95,28.95,28.95,28.95,28.95,28.95,28.95,28.95,28.95,28.95,28.95,28.95,28.95,28.95,28.95,28.95,28.95,28.95,28.95,28.95,28.95,28.95,28.95,0,0,0,0,0,0,0,0,28.95,28.95,28.95,28.95,28.95,28.95,28.95,28.95,28.95,28.95,28.95,28.95,28.95,28.95,28.95,28.95,28.95,28.95,28.95,28.95,28.95,28.95,28.95,28.95,28.95,28.95,28.95,28.95,28.95,28.95,28.95,28.95,28.95,28.95,0,0,0,0,0,0,0,0,0,0,0,0,0],
[0,0,0,0,0,0,0,0,0,0,0,0,28.95,28.95,28.95,28.95,28.95,28.95,28.95,28.95,28.95,28.95,28.95,28.95,28.95,28.95,28.95,28.95,28.95,28.95,28.95,28.95,28.95,28.95,0,0,28.95,28.95,28.95,28.95,28.95,28.95,28.95,28.95,28.95,28.95,28.95,28.95,28.95,28.95,28.95,28.95,28.95,28.95,28.95,28.95,28.95,28.95,28.95,28.95,28.95,28.95,28.95,28.95,28.95,28.95,28.95,28.95,28.95,28.95,28.95,28.95,28.95,28.95,28.95,28.95,28.95,28.95,28.95,28.95,28.95,28.95,28.95,28.95,28.95,28.95,28.95,28.95,28.95,28.95,28.95,28.95,28.95,28.95,28.95,0,0,0,0,0,0,0,28.95,28.95,28.95,28.95,28.95,28.95,28.95,28.95,28.95,28.95,28.95,28.95,28.95,28.95,28.95,28.95,28.95,28.95,28.95,28.95,28.95,28.95,28.95,28.95,28.95,28.95,28.95,28.95,28.95,28.95,28.95,28.95,28.95,28.95,28.95,0,0,0,0,0,0,0,0,0,0,0,0,0],
[0,0,0,0,0,0,0,0,0,0,0,0,0,28.95,28.95,28.95,28.95,28.95,28.95,28.95,28.95,28.95,28.95,28.95,28.95,28.95,28.95,28.95,28.95,28.95,28.95,28.95,28.95,28.95,0,0,28.95,28.95,28.95,28.95,28.95,28.95,28.95,28.95,28.95,28.95,28.95,28.95,28.95,28.95,28.95,28.95,28.95,28.95,28.95,28.95,28.95,28.95,28.95,28.95,28.95,28.95,28.95,28.95,28.95,28.95,28.95,28.95,28.95,28.95,28.95,28.95,28.95,28.95,28.95,28.95,28.95,28.95,28.95,28.95,28.95,28.95,28.95,28.95,28.95,28.95,28.95,28.95,28.95,28.95,28.95,28.95,28.95,28.95,28.95,28.95,0,0,0,0,0,28.95,28.95,28.95,28.95,28.95,28.95,28.95,28.95,28.95,28.95,28.95,28.95,28.95,28.95,28.95,28.95,28.95,28.95,28.95,28.95,28.95,28.95,28.95,28.95,28.95,28.95,28.95,28.95,28.95,28.95,28.95,28.95,28.95,28.95,28.95,28.95,0,0,0,0,0,0,0,0,0,0,0,0,0],
[0,0,0,0,0,0,0,0,0,0,0,0,0,28.95,28.95,28.95,28.95,28.95,28.95,28.95,28.95,28.95,28.95,28.95,28.95,28.95,28.95,28.95,28.95,28.95,28.95,28.95,28.95,0,0,0,0,0,28.95,28.95,28.95,28.95,28.95,28.95,28.95,28.95,28.95,28.95,28.95,28.95,28.95,28.95,28.95,28.95,28.95,0,0,28.95,28.95,28.95,28.95,28.95,28.95,28.95,28.95,28.95,28.95,28.95,28.95,28.95,28.95,28.95,28.95,28.95,28.95,28.95,28.95,28.95,28.95,28.95,28.95,28.95,28.95,28.95,28.95,28.95,28.95,28.95,28.95,28.95,28.95,28.95,28.95,28.95,28.95,28.95,0,0,0,0,0,28.95,28.95,28.95,28.95,28.95,28.95,28.95,28.95,28.95,28.95,28.95,28.95,28.95,28.95,28.95,28.95,28.95,28.95,28.95,28.95,28.95,28.95,28.95,28.95,28.95,28.95,28.95,28.95,28.95,28.95,28.95,28.95,28.95,28.95,28.95,28.95,0,0,0,0,0,0,0,0,0,0,0,0,0],
[0,0,0,0,0,0,0,0,0,0,0,0,28.95,28.95,28.95,28.95,28.95,28.95,28.95,28.95,28.95,28.95,28.95,28.95,28.95,28.95,28.95,28.95,28.95,28.95,28.95,28.95,0,0,0,0,0,0,0,28.95,28.95,28.95,28.95,28.95,28.95,28.95,28.95,28.95,28.95,28.95,28.95,28.95,28.95,28.95,0,0,0,28.95,28.95,28.95,28.95,28.95,28.95,28.95,28.95,28.95,28.95,28.95,28.95,28.95,28.95,28.95,28.95,28.95,28.95,28.95,28.95,28.95,28.95,28.95,28.95,28.95,28.95,28.95,28.95,28.95,28.95,28.95,28.95,28.95,28.95,28.95,28.95,28.95,28.95,0,0,0,0,0,0,28.95,28.95,28.95,28.95,28.95,28.95,28.95,28.95,28.95,28.95,28.95,28.95,28.95,28.95,28.95,28.95,28.95,28.95,28.95,28.95,28.95,28.95,28.95,28.95,28.95,28.95,28.95,28.95,28.95,28.95,28.95,28.95,28.95,28.95,28.95,28.95,0,0,0,0,0,0,0,0,0,0,0,0,0],
[0,0,0,0,0,0,0,0,0,0,0,0,28.95,28.95,28.95,28.95,28.95,28.95,28.95,28.95,28.95,28.95,28.95,28.95,28.95,28.95,28.95,28.95,28.95,28.95,28.95,28.95,0,0,0,0,0,0,0,28.95,28.95,28.95,28.95,28.95,28.95,28.95,28.95,28.95,28.95,28.95,28.95,28.95,28.95,0,0,0,0,0,0,28.95,28.95,28.95,28.95,28.95,28.95,28.95,28.95,28.95,28.95,28.95,28.95,28.95,28.95,28.95,28.95,28.95,28.95,28.95,28.95,28.95,28.95,28.95,28.95,28.95,28.95,28.95,28.95,28.95,28.95,28.95,28.95,28.95,28.95,28.95,28.95,0,0,0,0,0,0,0,28.95,28.95,28.95,28.95,28.95,28.95,28.95,28.95,28.95,28.95,28.95,28.95,28.95,28.95,28.95,28.95,28.95,28.95,28.95,28.95,28.95,28.95,28.95,28.95,28.95,28.95,28.95,28.95,28.95,28.95,28.95,28.95,28.95,28.95,28.95,0,0,0,0,0,0,0,0,0,0,0,0,0],
[0,0,0,0,0,0,0,0,0,0,0,0,28.95,28.95,28.95,28.95,28.95,28.95,28.95,28.95,28.95,28.95,28.95,28.95,28.95,28.95,28.95,28.95,28.95,28.95,0,0,0,0,0,0,0,0,28.95,28.95,28.95,28.95,28.95,28.95,28.95,28.95,28.95,28.95,28.95,28.95,28.95,28.95,28.95,0,0,0,0,0,0,0,28.95,28.95,28.95,28.95,28.95,28.95,28.95,28.95,28.95,28.95,28.95,28.95,28.95,28.95,28.95,28.95,28.95,28.95,28.95,28.95,28.95,28.95,28.95,28.95,28.95,28.95,28.95,28.95,28.95,28.95,28.95,28.95,28.95,28.95,0,0,0,0,0,0,0,0,0,28.95,28.95,28.95,28.95,28.95,28.95,28.95,28.95,28.95,28.95,28.95,28.95,28.95,28.95,28.95,28.95,28.95,28.95,28.95,28.95,28.95,28.95,28.95,28.95,28.95,28.95,28.95,28.95,28.95,28.95,28.95,28.95,28.95,28.95,0,0,0,0,0,0,0,0,0,0,0,0,0],
[0,0,0,0,0,0,0,0,0,0,0,0,28.95,28.95,28.95,28.95,28.95,28.95,28.95,28.95,28.95,28.95,28.95,28.95,28.95,28.95,28.95,28.95,28.95,0,0,0,0,0,0,0,0,28.95,28.95,28.95,28.95,28.95,28.95,28.95,28.95,28.95,28.95,28.95,28.95,28.95,28.95,28.95,0,0,0,0,0,0,0,0,28.95,28.95,28.95,28.95,28.95,28.95,28.95,28.95,28.95,28.95,28.95,28.95,28.95,28.95,28.95,28.95,28.95,28.95,28.95,28.95,28.95,28.95,28.95,28.95,28.95,28.95,28.95,28.95,28.95,28.95,28.95,28.95,28.95,28.95,0,0,0,0,0,0,0,0,0,28.95,28.95,28.95,28.95,28.95,28.95,28.95,28.95,28.95,28.95,28.95,28.95,28.95,28.95,28.95,28.95,28.95,28.95,28.95,28.95,28.95,28.95,28.95,28.95,28.95,28.95,28.95,28.95,28.95,28.95,28.95,28.95,28.95,28.95,0,0,0,0,0,0,0,0,0,0,0,0,0],
[0,0,0,0,0,0,0,0,0,0,0,28.95,28.95,28.95,28.95,28.95,28.95,28.95,28.95,28.95,28.95,28.95,28.95,28.95,28.95,28.95,28.95,28.95,28.95,0,0,0,0,0,0,0,0,28.95,28.95,28.95,28.95,28.95,28.95,28.95,28.95,28.95,28.95,28.95,28.95,28.95,28.95,0,0,0,0,0,0,0,0,0,0,28.95,28.95,28.95,28.95,28.95,28.95,28.95,28.95,28.95,28.95,28.95,28.95,28.95,28.95,28.95,28.95,28.95,28.95,28.95,28.95,28.95,28.95,28.95,28.95,28.95,28.95,28.95,28.95,28.95,28.95,28.95,28.95,0,0,0,0,0,0,0,0,0,0,28.95,28.95,28.95,28.95,28.95,28.95,28.95,28.95,28.95,28.95,28.95,28.95,28.95,28.95,28.95,28.95,28.95,28.95,28.95,28.95,28.95,28.95,28.95,28.95,28.95,28.95,28.95,28.95,28.95,28.95,28.95,28.95,28.95,28.95,0,0,0,0,0,0,0,0,0,0,0,0,0],
[0,0,0,0,0,0,0,0,0,0,0,28.95,28.95,28.95,28.95,28.95,28.95,28.95,28.95,28.95,28.95,28.95,28.95,28.95,28.95,28.95,28.95,28.95,28.95,0,0,0,0,0,0,0,0,0,28.95,28.95,28.95,28.95,28.95,28.95,28.95,28.95,28.95,28.95,28.95,28.95,28.95,0,0,0,0,0,0,0,0,0,28.95,28.95,28.95,28.95,28.95,28.95,28.95,28.95,28.95,28.95,28.95,28.95,28.95,28.95,28.95,28.95,28.95,28.95,28.95,28.95,28.95,28.95,28.95,28.95,28.95,28.95,28.95,28.95,28.95,28.95,28.95,28.95,28.95,0,0,0,0,0,0,0,0,0,28.95,28.95,28.95,28.95,28.95,28.95,28.95,28.95,28.95,28.95,28.95,28.95,28.95,28.95,28.95,28.95,28.95,28.95,28.95,28.95,28.95,28.95,28.95,28.95,28.95,28.95,28.95,28.95,28.95,28.95,28.95,28.95,28.95,28.95,0,0,0,0,0,0,0,0,0,0,0,0,0,0],
[0,0,0,0,0,0,0,0,0,0,0,0,28.95,28.95,28.95,28.95,28.95,28.95,28.95,28.95,28.95,28.95,28.95,28.95,28.95,28.95,28.95,28.95,28.95,28.95,0,0,0,0,0,0,0,0,28.95,28.95,28.95,28.95,28.95,28.95,28.95,28.95,28.95,28.95,28.95,28.95,28.95,0,0,0,0,0,0,0,0,28.95,28.95,28.95,28.95,28.95,28.95,28.95,28.95,28.95,28.95,28.95,28.95,28.95,28.95,28.95,28.95,28.95,28.95,28.95,28.95,28.95,28.95,28.95,28.95,28.95,28.95,28.95,28.95,28.95,28.95,28.95,28.95,28.95,28.95,0,0,0,0,0,0,0,0,0,28.95,28.95,28.95,28.95,28.95,28.95,28.95,28.95,28.95,28.95,28.95,28.95,28.95,28.95,28.95,28.95,28.95,28.95,28.95,28.95,28.95,28.95,28.95,28.95,28.95,28.95,28.95,28.95,28.95,28.95,28.95,28.95,28.95,0,0,0,0,0,0,0,0,0,0,0,0,0,0,0],
[0,0,0,0,0,0,0,0,0,0,0,0,0,28.95,28.95,28.95,28.95,28.95,28.95,28.95,28.95,28.95,28.95,28.95,28.95,28.95,28.95,28.95,28.95,28.95,28.95,0,0,0,0,0,28.95,28.95,28.95,28.95,28.95,28.95,28.95,28.95,28.95,28.95,28.95,28.95,28.95,28.95,28.95,28.95,28.95,0,0,0,0,0,28.95,28.95,28.95,28.95,28.95,28.95,28.95,28.95,28.95,28.95,28.95,28.95,28.95,28.95,28.95,28.95,28.95,28.95,28.95,28.95,28.95,28.95,28.95,28.95,28.95,28.95,28.95,28.95,28.95,28.95,28.95,28.95,28.95,28.95,28.95,28.95,28.95,0,0,0,0,0,0,28.95,28.95,28.95,28.95,28.95,28.95,28.95,28.95,28.95,28.95,28.95,28.95,28.95,28.95,28.95,28.95,28.95,28.95,28.95,28.95,28.95,28.95,28.95,28.95,28.95,28.95,28.95,28.95,28.95,28.95,28.95,28.95,0,0,0,0,0,0,0,0,0,0,0,0,0,0,0,0,0],
[0,0,0,0,0,0,0,0,0,0,0,0,28.95,28.95,28.95,28.95,28.95,28.95,28.95,28.95,28.95,28.95,28.95,28.95,28.95,28.95,28.95,28.95,28.95,28.95,28.95,28.95,0,0,0,28.95,28.95,28.95,28.95,28.95,28.95,28.95,28.95,28.95,28.95,28.95,28.95,28.95,28.95,28.95,28.95,28.95,28.95,0,0,0,0,28.95,28.95,28.95,28.95,28.95,28.95,28.95,28.95,28.95,28.95,28.95,28.95,28.95,28.95,28.95,28.95,28.95,28.95,28.95,28.95,28.95,28.95,28.95,28.95,28.95,28.95,28.95,28.95,28.95,28.95,28.95,28.95,28.95,28.95,28.95,28.95,28.95,28.95,28.95,0,0,0,0,28.95,28.95,28.95,28.95,28.95,28.95,28.95,28.95,28.95,28.95,28.95,28.95,28.95,28.95,28.95,28.95,28.95,28.95,28.95,28.95,28.95,28.95,28.95,28.95,28.95,28.95,28.95,28.95,28.95,0,0,0,0,0,0,0,0,0,0,0,0,0,0,0,0,0,0,0,0,0],
[0,0,0,0,0,0,0,0,0,0,0,28.95,28.95,28.95,28.95,28.95,28.95,28.95,28.95,28.95,28.95,28.95,28.95,28.95,28.95,28.95,28.95,28.95,28.95,28.95,28.95,28.95,28.95,28.95,28.95,28.95,28.95,28.95,28.95,28.95,28.95,28.95,28.95,28.95,28.95,28.95,28.95,28.95,28.95,28.95,28.95,28.95,28.95,28.95,28.95,28.95,28.95,28.95,28.95,28.95,28.95,28.95,28.95,28.95,28.95,28.95,28.95,28.95,28.95,28.95,28.95,28.95,28.95,28.95,28.95,28.95,28.95,28.95,28.95,28.95,28.95,28.95,28.95,28.95,28.95,28.95,28.95,28.95,28.95,28.95,28.95,28.95,28.95,28.95,28.95,28.95,28.95,28.95,28.95,28.95,28.95,28.95,28.95,28.95,28.95,28.95,28.95,28.95,28.95,28.95,28.95,28.95,28.95,28.95,28.95,28.95,28.95,28.95,28.95,28.95,28.95,28.95,28.95,28.95,28.95,28.95,28.95,28.95,0,0,0,0,0,0,0,0,0,0,0,0,0,0,0,0,0,0,0,0,0,0],
[0,0,0,0,0,0,0,0,0,0,0,28.95,28.95,28.95,28.95,28.95,28.95,28.95,28.95,28.95,28.95,28.95,28.95,28.95,28.95,28.95,28.95,28.95,28.95,28.95,28.95,28.95,28.95,28.95,28.95,28.95,28.95,28.95,28.95,28.95,28.95,28.95,28.95,28.95,28.95,28.95,28.95,28.95,28.95,28.95,28.95,28.95,28.95,28.95,28.95,28.95,28.95,28.95,28.95,28.95,28.95,28.95,28.95,28.95,28.95,28.95,28.95,28.95,28.95,28.95,28.95,28.95,28.95,28.95,28.95,28.95,28.95,28.95,28.95,28.95,28.95,28.95,28.95,28.95,28.95,28.95,28.95,28.95,28.95,28.95,28.95,28.95,28.95,28.95,28.95,28.95,28.95,28.95,28.95,28.95,28.95,28.95,28.95,28.95,28.95,28.95,28.95,28.95,28.95,28.95,28.95,28.95,28.95,28.95,28.95,28.95,28.95,28.95,28.95,28.95,28.95,28.95,0,0,0,0,0,0,0,0,0,0,0,0,0,0,0,0,0,0,0,0,0,0,0,0,0,0,0,0],
[0,0,0,0,0,0,0,0,0,0,28.95,28.95,28.95,28.95,28.95,28.95,28.95,28.95,28.95,28.95,28.95,28.95,28.95,28.95,28.95,28.95,28.95,28.95,28.95,28.95,28.95,28.95,28.95,28.95,28.95,28.95,28.95,28.95,28.95,28.95,28.95,28.95,28.95,28.95,28.95,28.95,28.95,28.95,28.95,28.95,28.95,28.95,28.95,28.95,28.95,28.95,28.95,28.95,28.95,28.95,28.95,28.95,28.95,28.95,28.95,28.95,28.95,28.95,28.95,28.95,28.95,28.95,28.95,28.95,28.95,28.95,28.95,28.95,28.95,28.95,28.95,28.95,28.95,28.95,28.95,28.95,28.95,28.95,28.95,28.95,28.95,28.95,28.95,28.95,28.95,28.95,28.95,28.95,28.95,28.95,28.95,28.95,28.95,28.95,28.95,28.95,28.95,28.95,28.95,28.95,28.95,28.95,28.95,28.95,28.95,28.95,28.95,28.95,28.95,28.95,28.95,0,0,0,0,0,0,0,0,0,0,0,0,0,0,0,0,0,0,0,0,0,0,0,0,0,0,0,0,0],
[0,0,0,0,0,0,0,0,0,0,28.95,28.95,28.95,28.95,28.95,28.95,28.95,28.95,28.95,28.95,28.95,28.95,28.95,28.95,28.95,28.95,28.95,28.95,28.95,28.95,28.95,28.95,28.95,28.95,28.95,28.95,28.95,28.95,28.95,28.95,28.95,28.95,28.95,28.95,28.95,28.95,28.95,28.95,28.95,28.95,28.95,28.95,28.95,28.95,28.95,28.95,28.95,28.95,28.95,28.95,28.95,28.95,28.95,28.95,28.95,28.95,28.95,28.95,28.95,28.95,28.95,28.95,28.95,28.95,28.95,28.95,28.95,28.95,28.95,28.95,28.95,28.95,28.95,28.95,28.95,28.95,28.95,28.95,28.95,28.95,28.95,28.95,28.95,28.95,28.95,28.95,28.95,28.95,28.95,28.95,28.95,28.95,28.95,28.95,28.95,28.95,28.95,28.95,28.95,28.95,28.95,28.95,28.95,28.95,28.95,28.95,28.95,28.95,28.95,28.95,0,0,0,0,0,0,0,0,0,0,0,0,0,0,0,0,0,0,0,0,0,0,0,0,0,0,0,0,0,0],
[0,0,0,0,0,0,0,0,0,0,28.95,28.95,28.95,28.95,28.95,28.95,28.95,28.95,28.95,28.95,28.95,28.95,28.95,28.95,28.95,28.95,28.95,28.95,28.95,28.95,28.95,28.95,28.95,28.95,28.95,28.95,28.95,28.95,28.95,28.95,28.95,28.95,28.95,28.95,28.95,28.95,28.95,28.95,28.95,28.95,28.95,28.95,28.95,28.95,28.95,28.95,28.95,28.95,28.95,28.95,28.95,28.95,28.95,28.95,28.95,28.95,28.95,28.95,28.95,28.95,28.95,28.95,28.95,28.95,28.95,28.95,28.95,28.95,28.95,28.95,28.95,28.95,28.95,28.95,28.95,28.95,28.95,28.95,28.95,28.95,28.95,28.95,28.95,28.95,28.95,28.95,28.95,28.95,28.95,28.95,28.95,28.95,28.95,28.95,28.95,28.95,28.95,28.95,28.95,28.95,28.95,28.95,28.95,28.95,28.95,28.95,28.95,28.95,28.95,28.95,0,0,0,0,0,0,0,0,0,0,0,0,0,0,0,0,0,0,0,0,0,0,0,0,0,0,0,0,0,0],
[0,0,0,0,0,0,0,0,0,0,0,0,28.95,28.95,28.95,28.95,28.95,28.95,28.95,28.95,28.95,28.95,28.95,28.95,28.95,28.95,28.95,28.95,28.95,28.95,28.95,28.95,28.95,28.95,28.95,28.95,28.95,28.95,28.95,28.95,28.95,28.95,28.95,28.95,28.95,28.95,28.95,28.95,28.95,28.95,28.95,28.95,28.95,28.95,28.95,28.95,28.95,28.95,28.95,28.95,28.95,28.95,28.95,28.95,28.95,28.95,28.95,28.95,28.95,28.95,28.95,28.95,28.95,28.95,28.95,28.95,28.95,28.95,28.95,28.95,28.95,28.95,28.95,28.95,28.95,28.95,28.95,28.95,28.95,28.95,28.95,28.95,28.95,28.95,28.95,28.95,28.95,28.95,28.95,28.95,28.95,28.95,28.95,28.95,28.95,28.95,28.95,28.95,28.95,28.95,28.95,28.95,28.95,28.95,28.95,28.95,28.95,28.95,28.95,28.95,0,0,0,0,0,0,0,0,0,0,0,0,0,0,0,0,0,0,0,0,0,0,0,0,0,0,0,0,0,0],
[0,0,0,0,0,0,0,0,0,0,0,0,0,28.95,28.95,28.95,28.95,28.95,28.95,28.95,28.95,28.95,28.95,28.95,28.95,28.95,28.95,28.95,28.95,28.95,28.95,28.95,28.95,28.95,28.95,28.95,28.95,28.95,28.95,28.95,28.95,28.95,28.95,28.95,28.95,28.95,28.95,28.95,28.95,28.95,28.95,28.95,28.95,28.95,28.95,28.95,28.95,28.95,28.95,28.95,28.95,28.95,28.95,28.95,28.95,28.95,28.95,28.95,28.95,28.95,28.95,28.95,28.95,28.95,28.95,28.95,28.95,28.95,28.95,28.95,28.95,28.95,28.95,28.95,28.95,28.95,28.95,28.95,28.95,28.95,28.95,28.95,28.95,28.95,28.95,28.95,28.95,28.95,28.95,28.95,28.95,28.95,28.95,28.95,28.95,28.95,28.95,28.95,28.95,28.95,28.95,28.95,28.95,28.95,28.95,28.95,28.95,28.95,28.95,28.95,28.95,0,0,0,0,0,0,0,0,0,0,0,0,0,0,0,0,0,0,0,0,0,0,0,0,0,0,0,0,0],
[0,0,0,0,0,0,0,0,0,0,0,0,0,0,0,28.95,28.95,28.95,28.95,28.95,28.95,28.95,28.95,28.95,28.95,28.95,28.95,28.95,28.95,28.95,28.95,28.95,28.95,28.95,28.95,28.95,28.95,28.95,28.95,28.95,28.95,28.95,28.95,28.95,28.95,28.95,28.95,28.95,28.95,28.95,28.95,28.95,28.95,28.95,28.95,28.95,28.95,28.95,28.95,28.95,28.95,28.95,28.95,28.95,28.95,28.95,28.95,28.95,28.95,28.95,28.95,28.95,28.95,28.95,28.95,28.95,28.95,28.95,28.95,28.95,28.95,28.95,28.95,28.95,0,0,28.95,28.95,28.95,28.95,28.95,28.95,28.95,28.95,28.95,28.95,28.95,28.95,28.95,28.95,28.95,28.95,28.95,28.95,28.95,28.95,28.95,28.95,28.95,28.95,28.95,28.95,28.95,28.95,28.95,28.95,28.95,28.95,28.95,28.95,28.95,0,0,0,0,0,0,0,0,0,0,0,0,0,0,0,0,0,0,0,0,0,0,0,0,0,0,0,0,0],
[0,0,0,0,0,0,0,0,0,0,0,0,0,0,0,0,28.95,28.95,28.95,28.95,28.95,28.95,28.95,28.95,28.95,28.95,28.95,28.95,28.95,28.95,28.95,28.95,28.95,28.95,28.95,0,0,0,0,0,28.95,28.95,28.95,28.95,28.95,28.95,28.95,28.95,28.95,28.95,28.95,28.95,28.95,28.95,28.95,28.95,28.95,28.95,28.95,0,0,0,28.95,28.95,28.95,28.95,28.95,28.95,28.95,28.95,28.95,28.95,28.95,28.95,28.95,28.95,28.95,28.95,28.95,28.95,28.95,28.95,28.95,0,0,0,0,28.95,28.95,28.95,28.95,28.95,28.95,28.95,28.95,28.95,28.95,28.95,28.95,28.95,28.95,28.95,28.95,28.95,28.95,28.95,28.95,28.95,28.95,28.95,28.95,28.95,28.95,28.95,28.95,28.95,28.95,28.95,28.95,0,0,0,0,0,0,0,0,0,0,0,0,0,0,0,0,0,0,0,0,0,0,0,0,0,0,0,0,0,0,0],
[0,0,0,0,0,0,0,0,0,0,0,0,0,0,0,0,0,0,28.95,0,0,28.95,28.95,0,0,0,0,0,28.95,28.95,28.95,28.95,28.95,28.95,28.95,0,0,0,0,0,0,28.95,28.95,28.95,28.95,28.95,28.95,28.95,28.95,28.95,28.95,28.95,28.95,28.95,28.95,28.95,0,0,0,0,0,0,28.95,28.95,28.95,28.95,28.95,28.95,28.95,28.95,28.95,28.95,28.95,28.95,28.95,28.95,28.95,28.95,28.95,28.95,28.95,28.95,28.95,0,0,0,0,28.95,28.95,28.95,28.95,28.95,28.95,28.95,28.95,28.95,28.95,28.95,28.95,28.95,28.95,28.95,28.95,28.95,28.95,28.95,28.95,28.95,28.95,28.95,28.95,28.95,28.95,28.95,28.95,28.95,28.95,0,0,0,0,0,0,0,0,0,0,0,0,0,0,0,0,0,0,0,0,0,0,0,0,0,0,0,0,0,0,0,0,0],
[0,0,0,0,0,0,0,0,0,0,0,0,0,0,0,0,0,0,0,0,0,0,0,0,0,0,0,0,0,28.95,28.95,28.95,28.95,28.95,28.95,0,0,0,0,0,0,0,0,0,28.95,28.95,28.95,28.95,28.95,28.95,28.95,28.95,28.95,28.95,0,0,0,0,0,0,0,0,28.95,28.95,28.95,28.95,28.95,28.95,28.95,28.95,28.95,28.95,28.95,28.95,28.95,28.95,28.95,28.95,28.95,28.95,28.95,28.95,0,0,0,0,0,0,28.95,28.95,28.95,28.95,28.95,28.95,28.95,28.95,28.95,28.95,28.95,28.95,28.95,28.95,28.95,28.95,28.95,28.95,28.95,28.95,28.95,28.95,28.95,28.95,28.95,28.95,28.95,28.95,28.95,0,0,0,0,0,0,0,0,0,0,0,0,0,0,0,0,0,0,0,0,0,0,0,0,0,0,0,0,0,0,0,0,0],
[0,0,0,0,0,0,0,0,0,0,0,0,0,0,0,0,0,0,0,0,0,0,0,0,0,0,0,0,0,0,28.95,28.95,28.95,28.95,0,0,0,0,0,0,0,0,0,0,28.95,28.95,28.95,28.95,28.95,28.95,28.95,28.95,28.95,28.95,0,0,0,0,0,0,0,0,0,28.95,28.95,0,0,28.95,28.95,28.95,28.95,28.95,28.95,28.95,28.95,28.95,0,0,0,0,0,0,0,0,0,0,0,0,0,0,28.95,28.95,28.95,28.95,28.95,28.95,28.95,28.95,28.95,28.95,28.95,28.95,28.95,28.95,28.95,28.95,28.95,28.95,28.95,28.95,28.95,28.95,28.95,28.95,28.95,28.95,0,0,0,0,0,0,0,0,0,0,0,0,0,0,0,0,0,0,0,0,0,0,0,0,0,0,0,0,0,0,0,0,0,0],
[0,0,0,0,0,0,0,0,0,0,0,0,0,0,0,0,0,0,0,0,0,0,0,0,0,0,0,0,0,0,28.95,28.95,28.95,0,0,0,0,0,0,0,0,0,0,0,28.95,28.95,28.95,28.95,28.95,28.95,28.95,28.95,28.95,28.95,0,0,0,0,0,0,0,0,0,0,0,0,0,28.95,28.95,28.95,28.95,28.95,28.95,28.95,28.95,0,0,0,0,0,0,0,0,0,0,0,0,0,0,0,0,28.95,28.95,28.95,28.95,28.95,28.95,28.95,28.95,28.95,28.95,28.95,28.95,28.95,28.95,28.95,28.95,28.95,28.95,28.95,28.95,28.95,28.95,28.95,28.95,0,0,0,0,0,0,0,0,0,0,0,0,0,0,0,0,0,0,0,0,0,0,0,0,0,0,0,0,0,0,0,0,0,0,0],
[0,0,0,0,0,0,0,0,0,0,0,0,0,0,0,0,0,0,0,0,0,0,0,0,0,0,0,0,0,0,0,0,0,0,0,0,0,0,0,0,0,0,0,0,0,0,0,0,0,0,0,0,0,0,0,0,0,0,0,0,0,0,0,0,0,0,0,28.95,28.95,28.95,28.95,28.95,28.95,28.95,0,0,0,0,0,0,0,0,0,0,0,0,0,0,0,0,0,0,0,0,0,28.95,28.95,28.95,28.95,28.95,28.95,28.95,28.95,28.95,28.95,28.95,28.95,28.95,28.95,28.95,28.95,28.95,28.95,28.95,28.95,0,0,0,0,0,0,0,0,0,0,0,0,0,0,0,0,0,0,0,0,0,0,0,0,0,0,0,0,0,0,0,0,0,0,0],
[0,0,0,0,0,0,0,0,0,0,0,0,0,0,0,0,0,0,0,0,0,0,0,0,0,0,0,0,0,0,0,0,0,0,0,0,0,0,0,0,0,0,0,0,0,0,0,0,0,0,0,0,0,0,0,0,0,0,0,0,0,0,0,0,0,0,0,0,0,0,28.95,28.95,0,0,0,0,0,0,0,0,0,0,0,0,0,0,0,0,0,0,0,0,0,0,0,28.95,28.95,28.95,28.95,28.95,28.95,28.95,28.95,28.95,28.95,28.95,28.95,28.95,28.95,28.95,28.95,28.95,28.95,28.95,0,0,0,0,0,0,0,0,0,0,0,0,0,0,0,0,0,0,0,0,0,0,0,0,0,0,0,0,0,0,0,0,0,0,0,0],
[0,0,0,0,0,0,0,0,0,0,0,0,0,0,0,0,0,0,0,0,0,0,0,0,0,0,0,0,0,0,0,0,0,0,0,0,0,0,0,0,0,0,0,0,0,0,0,0,0,0,0,0,0,0,0,0,0,0,0,0,0,0,0,0,0,0,0,0,0,0,0,0,0,0,0,0,0,0,0,0,0,0,0,0,0,0,0,0,0,0,0,0,0,0,0,0,28.95,28.95,28.95,28.95,28.95,28.95,28.95,28.95,28.95,28.95,28.95,28.95,28.95,28.95,28.95,28.95,28.95,0,0,0,0,0,0,0,0,0,0,0,0,0,0,0,0,0,0,0,0,0,0,0,0,0,0,0,0,0,0,0,0,0,0,0,0,0],
[0,0,0,0,0,0,0,0,0,0,0,0,0,0,0,0,0,0,0,0,0,0,0,0,0,0,0,0,0,0,0,0,0,0,0,0,0,0,0,0,0,0,0,0,0,0,0,0,0,0,0,0,0,0,0,0,0,0,0,0,0,0,0,0,0,0,0,0,0,0,0,0,0,0,0,0,0,0,0,0,0,0,0,0,0,0,0,0,0,0,0,0,0,0,0,0,0,28.95,28.95,28.95,28.95,28.95,28.95,28.95,28.95,28.95,28.95,28.95,28.95,28.95,28.95,28.95,0,0,0,0,0,0,0,0,0,0,0,0,0,0,0,0,0,0,0,0,0,0,0,0,0,0,0,0,0,0,0,0,0,0,0,0,0,0],
[0,0,0,0,0,0,0,0,0,0,0,0,0,0,0,0,0,0,0,0,0,0,0,0,0,0,0,0,0,0,0,0,0,0,0,0,0,0,0,0,0,0,0,0,0,0,0,0,0,0,0,0,0,0,0,0,0,0,0,0,0,0,0,0,0,0,0,0,0,0,0,0,0,0,0,0,0,0,0,0,0,0,0,0,0,0,0,0,0,0,0,0,0,0,0,0,0,28.95,28.95,28.95,28.95,28.95,28.95,28.95,28.95,28.95,28.95,28.95,28.95,28.95,0,0,0,0,0,0,0,0,0,0,0,0,0,0,0,0,0,0,0,0,0,0,0,0,0,0,0,0,0,0,0,0,0,0,0,0,0,0,0,0],
[0,0,0,0,0,0,0,0,0,0,0,0,0,0,0,0,0,0,0,0,0,0,0,0,0,0,0,0,0,0,0,0,0,0,0,0,0,0,0,0,0,0,0,0,0,0,0,0,0,0,0,0,0,0,0,0,0,0,0,0,0,0,0,0,0,0,0,0,0,0,0,0,0,0,0,0,0,0,0,0,0,0,0,0,0,0,0,0,0,0,0,0,0,0,0,0,0,0,0,28.95,28.95,28.95,28.95,28.95,28.95,28.95,0,0,0,0,0,0,0,0,0,0,0,0,0,0,0,0,0,0,0,0,0,0,0,0,0,0,0,0,0,0,0,0,0,0,0,0,0,0,0,0,0,0,0,0],
[0,0,0,0,0,0,0,0,0,0,0,0,0,0,0,0,0,0,0,0,0,0,0,0,0,0,0,0,0,0,0,0,0,0,0,0,0,0,0,0,0,0,0,0,0,0,0,0,0,0,0,0,0,0,0,0,0,0,0,0,0,0,0,0,0,0,0,0,0,0,0,0,0,0,0,0,0,0,0,0,0,0,0,0,0,0,0,0,0,0,0,0,0,0,0,0,0,0,0,0,0,28.95,28.95,0,0,0,0,0,0,0,0,0,0,0,0,0,0,0,0,0,0,0,0,0,0,0,0,0,0,0,0,0,0,0,0,0,0,0,0,0,0,0,0,0,0,0,0,0,0,0],
[0,0,0,0,0,0,0,0,0,0,0,0,0,0,0,0,0,0,0,0,0,0,0,0,0,0,0,0,0,0,0,0,0,0,0,0,0,0,0,0,0,0,0,0,0,0,0,0,0,0,0,0,0,0,0,0,0,0,0,0,0,0,0,0,0,0,0,0,0,0,0,0,0,0,0,0,0,0,0,0,0,0,0,0,0,0,0,0,0,0,0,0,0,0,0,0,0,0,0,0,0,0,0,0,0,0,0,0,0,0,0,0,0,0,0,0,0,0,0,0,0,0,0,0,0,0,0,0,0,0,0,0,0,0,0,0,0,0,0,0,0,0,0,0,0,0,0,0,0,0],
[0,0,0,0,0,0,0,0,0,0,0,0,0,0,0,0,0,0,0,0,0,0,0,0,0,0,0,0,0,0,0,0,0,0,0,0,0,0,0,0,0,0,0,0,0,0,0,0,0,0,0,0,0,0,0,0,0,0,0,0,0,0,0,0,0,0,0,0,0,0,0,0,0,0,0,0,0,0,0,0,0,0,0,0,0,0,0,0,0,0,0,0,0,0,0,0,0,0,0,0,0,0,0,0,0,0,0,0,0,0,0,0,0,0,0,0,0,0,0,0,0,0,0,0,0,0,0,0,0,0,0,0,0,0,0,0,0,0,0,0,0,0,0,0,0,0,0,0,0,0],
[0,0,0,0,0,0,0,0,0,0,0,0,0,0,0,0,0,0,0,0,0,0,0,0,0,0,0,0,0,0,0,0,0,0,0,0,0,0,0,0,0,0,0,0,0,0,0,0,0,0,0,0,0,0,0,0,0,0,0,0,0,0,0,0,0,0,0,0,0,0,0,0,0,0,0,0,0,0,0,0,0,0,0,0,0,0,0,0,0,0,0,0,0,0,0,0,0,0,0,0,0,0,0,0,0,0,0,0,0,0,0,0,0,0,0,0,0,0,0,0,0,0,0,0,0,0,0,0,0,0,0,0,0,0,0,0,0,0,0,0,0,0,0,0,0,0,0,0,0,0],
[0,0,0,0,0,0,0,0,0,0,0,0,0,0,0,0,0,0,0,0,0,0,0,0,0,0,0,0,0,0,0,0,0,0,0,0,0,0,0,0,0,0,0,0,0,0,0,0,0,0,0,0,0,0,0,0,0,0,0,0,0,0,0,0,0,0,0,0,0,0,0,0,0,0,0,0,0,0,0,0,0,0,0,0,0,0,0,0,0,0,0,0,0,0,0,0,0,0,0,0,0,0,0,0,0,0,0,0,0,0,0,0,0,0,0,0,0,0,0,0,0,0,0,0,0,0,0,0,0,0,0,0,0,0,0,0,0,0,0,0,0,0,0,0,0,0,0,0,0,0],
[0,0,0,0,0,0,0,0,0,0,0,0,0,0,0,0,0,0,0,0,0,0,0,0,0,0,0,0,0,0,0,0,0,0,0,0,0,0,0,0,0,0,0,0,0,0,0,0,0,0,0,0,0,0,0,0,0,0,0,0,0,0,0,0,0,0,0,0,0,0,0,0,0,0,0,0,0,0,0,0,0,0,0,0,0,0,0,0,0,0,0,0,0,0,0,0,0,0,0,0,0,0,0,0,0,0,0,0,0,0,0,0,0,0,0,0,0,0,0,0,0,0,0,0,0,0,0,0,0,0,0,0,0,0,0,0,0,0,0,0,0,0,0,0,0,0,0,0,0,0],
[0,0,0,0,0,0,0,0,0,0,0,0,0,0,0,0,0,0,0,0,0,0,0,0,0,0,0,0,0,0,0,0,0,0,0,0,0,0,0,0,0,0,0,0,0,0,0,0,0,0,0,0,0,0,0,0,0,0,0,0,0,0,0,0,0,0,0,0,0,0,0,0,0,0,0,0,0,0,0,0,0,0,0,0,0,0,0,0,0,0,0,0,0,0,0,0,0,0,0,0,0,0,0,0,0,0,0,0,0,0,0,0,0,0,0,0,0,0,0,0,0,0,0,0,0,0,0,0,0,0,0,0,0,0,0,0,0,0,0,0,0,0,0,0,0,0,0,0,0,0],
[0,0,0,0,0,0,0,0,0,0,0,0,0,0,0,0,0,0,0,0,0,0,0,0,0,0,0,0,0,0,0,0,0,0,0,0,0,0,0,0,0,0,0,0,0,0,0,0,0,0,0,0,0,0,0,0,0,0,0,0,0,0,0,0,0,0,0,0,0,0,0,0,0,0,0,0,0,0,0,0,0,0,0,0,0,0,0,0,0,0,0,0,0,0,0,0,0,0,0,0,0,0,0,0,0,0,0,0,0,0,0,0,0,0,0,0,0,0,0,0,0,0,0,0,0,0,0,0,0,0,0,0,0,0,0,0,0,0,0,0,0,0,0,0,0,0,0,0,0,0]]