[[0,0,0,0,0,0,0,0,0,0,0,0,0,0,0,0,0,0,0,0,0,0,0,0,0,0,0,0,0,0,0,0,0,0,0,0,0,0,0,0,0,0,0,0,0,0,0,0,0,0],
[0,0,0,0,0,0,0,0,0,0,0,0,0,0,0,0,0,0,0,0,0,0,0,0,0,0,0,0,0,0,0,0,0,0,0,0,0,0,0,0,0,0,0,0,0,0,0,0,0,0],
[0,0,0,0,0,0,0,0,0,0,0,0,0,0,0,0,0,0,0,0,0,0,0,0,0,0,0,0,0,0,0,0,0,0,0,0,0,0,0,0,0,0,0,0,0,0,0,0,0,0],
[0,0,0,0,0,0,0,0,0,0,0,0,0,0,22.92,22.92,22.92,22.92,22.92,22.92,22.92,22.92,22.92,22.92,22.92,22.92,22.92,22.92,22.92,22.92,22.92,22.92,22.92,22.92,22.92,22.92,22.92,0,0,0,0,0,0,0,0,0,0,0,0,0],
[0,0,0,0,0,0,0,0,0,0,0,0,0,0,22.92,22.92,22.92,22.92,22.92,22.92,22.92,22.92,22.92,22.92,22.92,22.92,22.92,22.92,22.92,22.92,22.92,22.92,22.92,22.92,22.92,22.92,22.92,0,0,0,0,0,0,0,0,0,0,0,0,0],
[0,0,0,0,0,0,0,0,0,0,0,22.92,22.92,22.92,22.92,22.92,22.92,22.92,22.92,22.92,22.92,22.92,22.92,22.92,22.92,22.92,22.92,22.92,22.92,22.92,22.92,22.92,22.92,22.92,22.92,22.92,22.92,22.92,22.92,22.92,22.92,0,0,0,0,0,0,0,0,0],
[0,0,0,0,0,0,0,0,0,0,22.92,22.92,22.92,22.92,22.92,22.92,22.92,22.92,22.92,22.92,22.92,22.92,22.92,22.92,22.92,22.92,22.92,22.92,22.92,22.92,22.92,22.92,22.92,22.92,22.92,22.92,22.92,22.92,22.92,22.92,22.92,0,0,0,0,0,0,0,0,0],
[0,0,0,0,0,0,0,0,0,0,22.92,22.92,22.92,22.92,22.92,22.92,22.92,22.92,22.92,22.92,22.92,22.92,22.92,22.92,22.92,22.92,22.92,22.92,22.92,22.92,22.92,22.92,22.92,22.92,22.92,22.92,22.92,22.92,22.92,22.92,22.92,0,0,0,0,0,0,0,0,0],
[0,0,0,0,0,0,0,0,0,0,22.92,22.92,22.92,22.92,22.92,22.92,22.92,22.92,22.92,22.92,22.92,22.92,22.92,22.92,22.92,22.92,22.92,22.92,22.92,22.92,22.92,22.92,22.92,22.92,22.92,22.92,22.92,22.92,22.92,22.92,22.92,0,0,0,0,0,0,0,0,0],
[0,0,0,0,0,0,0,0,0,0,22.92,22.92,22.92,22.92,22.92,22.92,22.92,22.92,22.92,22.92,22.92,22.92,22.92,22.92,22.92,22.92,22.92,22.92,22.92,22.92,22.92,22.92,22.92,22.92,22.92,22.92,22.92,22.92,22.92,22.92,22.92,0,0,0,0,0,0,0,0,0],
[0,0,0,0,0,0,0,0,0,0,22.92,22.92,22.92,22.92,22.92,22.92,22.92,22.92,22.92,22.92,22.92,22.92,22.92,22.92,22.92,22.92,22.92,22.92,22.92,22.92,22.92,22.92,22.92,22.92,22.92,22.92,22.92,22.92,22.92,22.92,22.92,0,0,0,0,0,0,0,0,0],
[0,0,0,0,0,0,0,0,0,0,22.92,22.92,22.92,22.92,22.92,22.92,22.92,22.92,22.92,22.92,22.92,22.92,22.92,22.92,22.92,22.92,22.92,22.92,22.92,22.92,22.92,22.92,22.92,22.92,22.92,22.92,22.92,22.92,22.92,22.92,22.92,0,0,0,0,0,0,0,0,0],
[0,0,0,0,0,0,0,22.92,22.92,22.92,22.92,22.92,22.92,22.92,22.92,22.92,22.92,22.92,22.92,22.92,22.92,22.92,22.92,22.92,22.92,22.92,22.92,22.92,22.92,22.92,22.92,22.92,22.92,22.92,22.92,22.92,22.92,22.92,22.92,22.92,22.92,22.92,22.92,22.92,0,0,0,0,0,0],
[0,0,0,0,0,0,0,22.92,22.92,22.92,22.92,22.92,22.92,22.92,22.92,22.92,22.92,22.92,22.92,22.92,22.92,22.92,22.92,22.92,22.92,22.92,22.92,22.92,22.92,22.92,22.92,22.92,22.92,22.92,22.92,22.92,22.92,22.92,22.92,22.92,22.92,22.92,22.92,22.92,0,0,0,0,0,0],
[0,0,0,0,0,0,0,22.92,22.92,22.92,22.92,22.92,22.92,22.92,22.92,22.92,22.92,22.92,22.92,22.92,22.92,22.92,22.92,22.92,22.92,22.92,22.92,22.92,22.92,22.92,22.92,22.92,22.92,22.92,22.92,22.92,22.92,22.92,22.92,22.92,22.92,22.92,22.92,22.92,0,0,0,0,0,0],
[0,0,0,0,0,0,0,22.92,22.92,22.92,22.92,22.92,22.92,22.92,22.92,22.92,22.92,22.92,22.92,22.92,22.92,22.92,22.92,22.92,22.92,22.92,22.92,22.92,22.92,22.92,22.92,22.92,22.92,22.92,22.92,22.92,22.92,22.92,22.92,22.92,22.92,22.92,22.92,22.92,0,0,0,0,0,0],
[0,0,0,0,0,0,0,22.92,22.92,22.92,22.92,22.92,22.92,22.92,22.92,22.92,22.92,22.92,22.92,22.92,22.92,22.92,22.92,22.92,22.92,22.92,22.92,22.92,22.92,22.92,22.92,22.92,22.92,22.92,22.92,22.92,22.92,22.92,22.92,22.92,22.92,22.92,22.92,22.92,0,0,0,0,0,0],
[0,0,0,0,0,0,0,22.92,22.92,22.92,22.92,22.92,22.92,22.92,22.92,22.92,22.92,22.92,22.92,22.92,22.92,22.92,22.92,22.92,22.92,22.92,22.92,22.92,22.92,22.92,22.92,22.92,22.92,22.92,22.92,22.92,22.92,22.92,22.92,22.92,22.92,22.92,22.92,22.92,0,0,0,0,0,0],
[0,0,0,0,0,0,0,22.92,22.92,22.92,22.92,22.92,22.92,22.92,22.92,22.92,22.92,22.92,22.92,22.92,22.92,22.92,22.92,22.92,22.92,22.92,22.92,22.92,22.92,22.92,22.92,22.92,22.92,22.92,22.92,22.92,22.92,22.92,22.92,22.92,22.92,22.92,22.92,22.92,0,0,0,0,0,0],
[0,0,0,0,0,0,0,22.92,22.92,22.92,22.92,22.92,22.92,22.92,22.92,22.92,22.92,22.92,22.92,22.92,22.92,22.92,22.92,22.92,22.92,22.92,22.92,22.92,22.92,22.92,22.92,22.92,22.92,22.92,22.92,22.92,22.92,22.92,22.92,22.92,22.92,22.92,22.92,22.92,0,0,0,0,0,0],
[0,0,0,0,0,0,0,0,22.92,22.92,22.92,22.92,22.92,22.92,22.92,22.92,22.92,22.92,22.92,22.92,22.92,22.92,22.92,22.92,22.92,22.92,22.92,22.92,22.92,22.92,22.92,22.92,22.92,22.92,22.92,22.92,22.92,22.92,22.92,22.92,22.92,22.92,22.92,22.92,0,0,0,0,0,0],
[0,0,0,0,0,0,0,0,0,22.92,22.92,22.92,22.92,22.92,22.92,22.92,22.92,22.92,22.92,22.92,22.92,22.92,22.92,22.92,22.92,22.92,22.92,22.92,22.92,22.92,22.92,22.92,22.92,22.92,22.92,22.92,22.92,22.92,22.92,22.92,22.92,22.92,0,0,0,0,0,0,0,0],
[0,0,0,0,0,0,0,0,0,22.92,22.92,22.92,22.92,22.92,22.92,22.92,22.92,22.92,22.92,22.92,22.92,22.92,22.92,22.92,22.92,22.92,22.92,22.92,22.92,22.92,22.92,22.92,22.92,22.92,22.92,22.92,22.92,22.92,22.92,22.92,22.92,22.92,0,0,0,0,0,0,0,0],
[0,0,0,0,0,0,0,0,0,22.92,22.92,22.92,22.92,22.92,22.92,22.92,22.92,22.92,22.92,22.92,22.92,22.92,22.92,22.92,22.92,22.93,22.92,22.92,22.92,22.92,22.92,22.92,22.92,22.92,22.92,22.92,22.92,22.92,22.92,22.92,22.92,22.92,0,0,0,0,0,0,0,0],
[0,0,0,0,0,0,0,0,0,22.92,22.92,22.92,22.92,22.92,22.92,22.92,22.92,22.92,22.92,22.92,22.92,22.92,22.92,22.92,22.92,22.94,22.92,22.92,22.92,22.92,22.92,22.92,22.92,22.92,22.92,22.92,22.92,22.92,22.92,22.92,22.92,0,0,0,0,0,0,0,0,0],
[0,0,0,0,0,0,0,0,0,0,0,0,0,22.92,22.92,22.92,22.92,22.92,22.92,22.92,22.92,22.92,22.92,22.92,22.92,22.95,22.92,22.92,22.92,22.92,22.92,22.92,22.92,22.92,22.92,22.92,22.92,22.92,0,0,0,0,0,0,0,0,0,0,0,0],
[0,0,0,0,0,0,0,0,0,0,0,0,0,22.92,22.92,22.92,22.92,22.92,22.92,22.92,22.92,22.92,22.92,22.92,22.92,22.96,22.92,22.92,22.92,22.92,22.92,22.92,22.92,22.92,22.92,22.92,22.92,22.92,0,0,0,0,0,0,0,0,0,0,0,0],
[0,0,0,0,0,0,0,0,0,0,0,0,0,0,0,0,0,0,0,0,0,0,22.95,22.92,22.92,22.98,22.92,22.95,0,0,0,0,0,0,0,0,0,0,0,0,0,0,0,0,0,0,0,0,0,0],
[0,0,0,0,0,0,0,0,0,0,0,0,0,0,0,0,0,0,0,0,0,0,22.98,22.95,22.92,22.99,22.92,22.98,0,0,0,0,0,0,0,0,0,0,0,0,0,0,0,0,0,0,0,0,0,0],
[0,0,0,0,0,0,0,0,0,0,0,0,0,0,0,0,0,0,0,0,0,0,22.88,22.88,22.83,22.87,22.82,22.88,0,0,0,0,0,0,0,0,0,0,0,0,0,0,0,0,0,0,0,0,0,0],
[0,0,0,0,0,0,0,0,0,0,0,0,0,0,0,0,0,0,0,0,0,0,22.55,22.53,22.59,22.57,22.52,22.55,0,0,0,0,0,0,0,0,0,0,0,0,0,0,0,0,0,0,0,0,0,0],
[0,0,0,0,0,0,0,0,0,0,0,0,0,0,0,0,0,0,0,0,0,0,22.21,22.18,22.21,22.27,22.16,22.21,0,0,0,0,0,0,0,0,0,0,0,0,0,0,0,0,0,0,0,0,0,0],
[0,0,0,0,0,0,0,0,0,0,0,0,0,0,0,0,0,0,0,0,0,0,22.02,22.00,21.99,21.99,21.99,22.02,0,0,0,0,0,0,0,0,0,0,0,0,0,0,0,0,0,0,0,0,0,0],
[0,0,0,0,0,0,0,0,0,0,0,0,0,0,0,0,0,0,0,0,0,21.92,21.92,21.95,21.99,21.99,21.97,21.92,21.92,21.92,0,0,0,0,0,0,0,0,0,0,0,0,0,0,0,0,0,0,0,0],
[0,0,0,0,0,0,0,0,0,0,0,0,0,0,0,0,0,0,0,0,0,21.92,21.92,21.95,21.99,21.99,21.96,21.92,21.92,21.92,0,0,0,0,0,0,0,0,0,0,0,0,0,0,0,0,0,0,0,0],
[0,0,0,0,0,0,0,0,0,0,0,0,0,0,0,0,0,0,0,0,0,21.92,21.92,21.95,21.99,21.99,21.95,21.92,21.92,21.92,0,0,0,0,0,0,0,0,0,0,0,0,0,0,0,0,0,0,0,0],
[0,0,0,0,0,0,0,0,0,0,0,0,0,0,0,0,0,0,0,0,0,21.92,21.92,21.94,21.99,21.99,21.95,21.92,21.92,21.92,0,0,0,0,0,0,0,0,0,0,0,0,0,0,0,0,0,0,0,0],
[0,0,0,0,0,0,0,0,0,0,0,0,0,0,0,0,0,0,0,0,0,0,21.90,21.91,21.96,21.99,21.94,21.90,0,0,0,0,0,0,0,0,0,0,0,0,0,0,0,0,0,0,0,0,0,0],
[0,0,0,0,0,0,0,0,0,0,0,0,0,0,0,0,0,0,0,0,0,0,21.80,21.79,21.77,21.74,21.78,21.80,0,0,0,0,0,0,0,0,0,0,0,0,0,0,0,0,0,0,0,0,0,0],
[0,0,0,0,0,0,0,0,0,0,0,0,0,0,0,0,0,0,0,0,0,0,21.37,21.36,21.35,21.32,21.36,21.37,0,0,0,0,0,0,0,0,0,0,0,0,0,0,0,0,0,0,0,0,0,0],
[0,0,0,0,0,0,0,0,0,0,0,0,0,0,0,0,0,0,0,0,0,0,20.94,20.93,20.92,20.90,20.92,20.94,0,0,0,0,0,0,0,0,0,0,0,0,0,0,0,0,0,0,0,0,0,0],
[0,0,0,0,0,0,0,0,0,0,0,0,0,0,0,0,0,0,0,0,0,0,20.58,20.58,20.58,20.59,20.58,20.58,0,0,0,0,0,0,0,0,0,0,0,0,0,0,0,0,0,0,0,0,0,0],
[0,0,0,0,0,0,0,0,0,0,0,0,0,0,0,0,0,0,0,0,0,0,20.52,20.54,20.56,20.59,20.55,20.54,0,0,0,0,0,0,0,0,0,0,0,0,0,0,0,0,0,0,0,0,0,0],
[0,0,0,0,0,0,0,0,0,0,0,0,0,0,0,0,0,0,0,0,0,20.52,20.52,20.53,20.55,20.58,20.54,20.52,20.52,20.52,0,0,0,0,0,0,0,0,0,0,0,0,0,0,0,0,0,0,0,0],
[0,0,0,0,0,0,0,0,0,0,0,0,0,0,0,0,0,0,0,0,20.52,20.52,20.52,20.52,20.55,20.58,20.54,20.52,20.52,20.52,20.52,0,0,0,0,0,0,0,0,0,0,0,0,0,0,0,0,0,0,0],
[0,0,0,0,0,0,0,0,0,0,0,0,0,0,0,0,0,0,0,20.52,20.52,20.52,20.52,20.52,20.55,20.57,20.54,20.52,20.52,20.52,20.52,0,0,0,0,0,0,0,0,0,0,0,0,0,0,0,0,0,0,0],
[0,0,0,0,0,0,0,0,0,0,0,0,0,0,0,0,0,0,20.52,20.52,20.52,20.52,20.52,20.52,20.54,20.57,20.53,20.52,20.52,20.52,20.52,20.52,0,0,0,0,0,0,0,0,0,0,0,0,0,0,0,0,0,0],
[0,0,0,0,0,0,0,0,0,0,0,0,0,0,0,0,0,0,20.52,20.52,20.52,20.52,20.52,20.52,20.54,20.56,20.53,20.52,20.52,20.52,20.52,20.52,0,0,0,0,0,0,0,0,0,0,0,0,0,0,0,0,0,0],
[0,0,0,0,0,0,0,0,0,0,0,0,0,0,0,0,20.52,20.52,20.52,20.52,20.52,20.52,20.52,20.52,20.53,20.56,20.52,20.52,20.52,20.52,20.52,20.52,20.52,20.52,0,0,0,0,0,0,0,0,0,0,0,0,0,0,0,0],
[0,0,0,0,0,0,0,0,0,0,0,0,0,0,0,0,20.52,20.52,20.52,20.52,20.52,20.52,20.52,20.52,20.53,20.56,20.52,20.52,20.52,20.52,20.52,20.52,20.52,20.52,20.52,0,0,0,0,0,0,0,0,0,0,0,0,0,0,0],
[0,0,0,0,0,0,0,0,0,0,0,0,0,0,0,0,20.52,20.52,20.52,20.52,20.52,20.52,20.52,20.52,20.52,20.55,20.52,20.52,20.52,20.52,20.52,20.52,20.52,20.52,20.52,0,0,0,0,0,0,0,0,0,0,0,0,0,0,0],
[0,0,0,0,0,0,0,0,0,0,0,0,0,0,0,0,20.52,20.52,20.52,20.52,20.52,20.52,20.52,20.52,20.52,20.55,20.52,20.52,20.52,20.52,20.52,20.52,20.52,20.52,0,0,0,0,0,0,0,0,0,0,0,0,0,0,0,0],
[0,0,0,0,0,0,0,0,0,0,0,0,0,0,0,0,0,0,20.52,20.52,20.52,20.52,20.52,20.52,20.52,20.54,20.52,20.52,20.52,20.52,20.52,20.52,20.52,0,0,0,0,0,0,0,0,0,0,0,0,0,0,0,0,0],
[0,0,0,0,0,0,0,0,0,0,0,0,0,0,0,0,0,0,0,20.52,20.52,20.52,20.52,20.52,20.52,20.54,20.52,20.52,20.52,20.52,20.52,20.52,0,0,0,0,0,0,0,0,0,0,0,0,0,0,0,0,0,0],
[0,0,0,0,0,0,0,0,0,0,0,0,0,0,0,0,0,0,0,0,0,20.52,20.52,20.52,20.52,20.53,20.52,20.52,20.52,20.52,20.52,20.52,0,0,0,0,0,0,0,0,0,0,0,0,0,0,0,0,0,0],
[0,0,0,0,0,0,0,0,0,0,0,0,0,0,0,0,0,0,0,0,0,0,20.52,20.52,20.52,20.53,20.52,20.52,20.52,20.52,20.52,0,0,0,0,0,0,0,0,0,0,0,0,0,0,0,0,0,0,0],
[0,0,0,0,0,0,0,0,0,0,0,0,0,0,0,0,0,0,0,0,0,0,0,20.52,20.52,20.52,20.52,20.52,0,0,0,0,0,0,0,0,0,0,0,0,0,0,0,0,0,0,0,0,0,0],
[0,0,0,0,0,0,0,0,0,0,0,0,0,0,0,0,0,0,0,0,0,0,0,20.52,20.52,20.52,20.52,0,0,0,0,0,0,0,0,0,0,0,0,0,0,0,0,0,0,0,0,0,0,0],
[0,0,0,0,0,0,0,0,0,0,0,0,0,0,0,0,0,0,0,0,0,0,0,0,0,0,0,0,0,0,0,0,0,0,0,0,0,0,0,0,0,0,0,0,0,0,0,0,0,0],
[0,0,0,0,0,0,0,0,0,0,0,0,0,0,0,0,0,0,0,0,0,0,0,0,0,0,0,0,0,0,0,0,0,0,0,0,0,0,0,0,0,0,0,0,0,0,0,0,0,0]]