[[0,0,0,0,0,0,0,0,0,0,0,0,0,0,0,0,0,0,0,0,0,0,0,0,0,0,0,0,0,0,0,0,0,0,0,0,0,0,0,0],
[0,0,0,0,0,0,0,0,0,0,0,0,0,0,0,0,0,0,0,0,0,0,0,0,0,0,0,0,0,0,0,0,0,0,0,0,0,0,0,0],
[0,0,0,0,0,0,0,0,0,0,0,0,0,0,0,0,0,0,0,0,0,0,0,0,0,0,0,0,0,0,0,0,0,0,0,0,0,0,0,0],
[0,0,0,0,0,0,0,0,0,0,0,0,0,0,0,0,0,0,0,0,0,0,0,0,0,0,0,0,0,0,0,0,0,0,0,0,0,0,0,0],
[0,0,0,0,0,0,0,0,0,0,0,0,0,0,0,0,0,0,0,0,0,0,0,0,0,0,0,0,0,0,0,0,0,0,0,0,0,0,0,0],
[0,0,0,0,0,0,0,0,0,0,0,0,0,0,0,0,0,0,0,0,0,0,0,0,0,0,0,0,0,0,0,0,0,0,0,0,0,0,0,0],
[0,0,0,0,0,0,0,0,0,0,0,0,0,0,0,0,0,0,0,0,0,0,0,0,0,0,0,0,0,0,0,0,0,0,0,0,0,0,0,0],
[0,0,0,0,0,0,0,0,0,0,0,0,0,0,0,0,0,0,0,0,0,0,0,0,0,0,0,0,0,0,0,0,0,0,0,0,0,0,0,0],
[0,0,0,0,0,0,0,0,0,0,0,0,0,0,0,0,0,0,0,0,0,0,0,0,0,0,0,0,0,0,0,0,0,0,0,0,0,0,0,0],
[0,0,0,0,0,0,0,0,0,0,0,0,0,0,0,0,0,0,0,0,0,0,0,0,0,0,0,0,0,0,0,0,0,0,0,0,0,0,0,0],
[0,0,0,0,0,0,0,0,0,0,0,0,0,0,0,0,0,0,0,0,0,0,0,0,0,0,0,0,0,0,0,0,0,0,0,0,0,0,0,0],
[0,0,0,0,0,0,0,0,0,0,0,0,0,0,0,0,0,0,0,0,0,0,0,0,0,0,0,0,0,0,0,0,0,0,0,0,0,0,0,0],
[0,0,0,0,0,0,0,0,0,0,0,0,0,0,0,0,0,0,0,0,0,0,0,0,0,0,0,0,0,0,0,0,0,0,0,0,0,0,0,0],
[0,0,0,0,0,0,0,0,0,0,0,0,0,0,0,0,0,0,0,0,0,0,0,0,0,0,0,0,0,0,0,0,0,0,0,0,0,0,0,0],
[0,0,0,0,0,0,0,0,0,0,0,0,0,0,0,0,0,0,0,0,0,0,0,0,0,0,0,0,0,0,0,0,0,0,0,0,0,0,0,0],
[0,0,0,0,0,0,0,0,0,0,0,0,0,0,0,0,0,0,0,0,0,0,0,0,0,0,0,0,0,0,0,0,0,0,0,0,0,0,0,0],
[0,0,0,0,0,0,0,0,0,0,0,0,0,0,0,0,0,0,0,0,0,0,0,0,0,0,0,0,0,0,0,0,0,0,0,0,0,0,0,0],
[0,0,0,0,0,0,0,0,0,0,0,0,0,0,0,0,0,0,0,0,0,0,0,0,0,0,0,0,0,0,0,0,0,0,0,0,0,0,0,0],
[0,0,0,0,0,0,0,0,0,0,0,0,0,0,0,0,0,0,0,0,0,0,0,0,0,0,0,0,0,0,0,0,0,0,0,0,0,0,0,0],
[0,0,0,0,0,0,0,0,0,0,0,0,0,0,0,0,0,0,0,0,0,0,0,0,0,0,0,0,0,0,0,0,0,0,0,0,0,0,0,0],
[0,0,0,0,0,0,0,0,0,0,0,0,0.15,0.15,0.15,0.15,0.15,0.15,0.15,0.15,0.15,0.15,0.15,0.15,0.15,0.15,0.15,0.15,0.15,0,0,0,0,0,0,0,0,0,0,0],
[0,0,0,0,0,0,0,0,0,0,0,0,0.15,0.15,0.15,0.15,0.15,0.15,0.15,0.15,0.15,0.15,0.15,0.15,0.15,0.15,0.15,0.15,0.15,0,0,0,0,0,0,0,0,0,0,0],
[0,0,0,0,0,0,0,0,0,0,0,0,0.15,0.15,0.15,0.15,0.15,0.15,0.15,0.15,0.16,0.15,0.15,0.15,0.15,0.15,0.15,0.15,0.15,0,0,0,0,0,0,0,0,0,0,0],
[0,0,0,0,0,0,0,0,0,0,0,0,0.15,0.15,0.15,0.15,0.15,0.15,0.15,0.15,0.17,0.15,0.15,0.15,0.15,0.15,0.15,0.15,0.15,0,0,0,0,0,0,0,0,0,0,0],
[0,0,0,0,0,0,0,0,0,0,0,0,0.15,0.15,0.15,0.15,0.15,0.15,0.15,0.15,0.18,0.15,0.15,0.15,0.15,0.15,0.15,0.15,0.15,0,0,0,0,0,0,0,0,0,0,0],
[0,0,0,0,0,0,0,0,0,0,0,0,0.15,0.15,0.15,0.15,0.15,0.15,0.15,0.15,0.19,0.15,0.15,0.15,0.15,0.15,0.15,0.15,0.15,0,0,0,0,0,0,0,0,0,0,0],
[0,0,0,0,0,0,0,0,0,0,0,0,0.15,0.15,0.15,0.15,0.15,0.15,0.15,0.16,0.20,0.15,0.15,0.15,0.15,0.15,0.15,0.15,0.15,0,0,0,0,0,0,0,0,0,0,0],
[0,0,0,0,0,0,0,0,0,0,0,0,0.15,0.15,0.15,0.15,0.15,0.15,0.15,0.17,0.21,0.16,0.15,0.15,0.15,0.15,0.15,0.15,0.15,0,0,0,0,0,0,0,0,0,0,0],
[0,0,0,0,0,0,0,0,0,0,0,0,0.15,0.15,0.15,0.15,0.15,0.15,0.15,0.18,0.22,0.17,0.15,0.15,0.15,0.15,0.15,0.15,0.15,0,0,0,0,0,0,0,0,0,0,0],
[0,0,0,0,0,0,0,0,0,0,0,0,0.15,0.15,0.15,0.15,0.15,0.15,0.15,0.19,0.23,0.18,0.15,0.15,0.15,0.15,0.15,0.15,0.15,0,0,0,0,0,0,0,0,0,0,0],
[0,0,0,0,0,0,0,0,0,0,0,0,0,0,0,0,0,0,0.60,0.62,0.62,0.62,0.60,0,0,0,0,0,0,0,0,0,0,0,0,0,0,0,0,0],
[0,0,0,0,0,0,0,0,0,0,0,0,0.73,0.73,0.73,0.73,0.73,0.73,0.73,0.77,0.81,0.76,0.73,0.73,0.73,0.73,0.73,0.73,0.73,0,0,0,0,0,0,0,0,0,0,0],
[0,0,0,0,0,0,0,0,0,0,0,0,0.73,0.73,0.73,0.73,0.73,0.73,0.73,0.75,0.79,0.75,0.73,0.73,0.73,0.73,0.73,0.73,0.73,0,0,0,0,0,0,0,0,0,0,0],
[0,0,0,0,0,0,0,0,0,0,0,0,0.73,0.73,0.73,0.73,0.73,0.73,0.73,0.73,0.77,0.73,0.73,0.73,0.73,0.73,0.73,0.73,0.73,0,0,0,0,0,0,0,0,0,0,0],
[0,0,0,0,0,0,0,0,0,0,0,0,0.73,0.73,0.73,0.73,0.73,0.73,0.73,0.73,0.75,0.73,0.73,0.73,0.73,0.73,0.73,0.73,0.73,0,0,0,0,0,0,0,0,0,0,0],
[0,0,0,0,0,0,0,0,0,0,0,0,0.73,0.73,0.73,0.73,0.73,0.73,0.73,0.73,0.73,0.73,0.73,0.73,0.73,0.73,0.73,0.73,0.73,0,0,0,0,0,0,0,0,0,0,0],
[0,0,0,0,0,0,0,0,0,0,0,0,0.73,0.73,0.73,0.73,0.73,0.73,0.73,0.73,0.73,0.73,0.73,0.73,0.73,0.73,0.73,0.73,0.73,0,0,0,0,0,0,0,0,0,0,0],
[0,0,0,0,0,0,0,0,0,0,0,0,0.73,0.73,0.73,0.73,0.73,0.73,0.73,0.73,0.73,0.73,0.73,0.73,0.73,0.73,0.73,0.73,0.73,0,0,0,0,0,0,0,0,0,0,0],
[0,0,0,0,0,0,0,0,0,0,0,0,0.73,0.73,0.73,0.73,0.73,0.73,0.73,0.73,0.73,0.73,0.73,0.73,0.73,0.73,0.73,0.73,0.73,0,0,0,0,0,0,0,0,0,0,0],
[0,0,0,0,0,0,0,0,0,0,0,0,0.73,0.73,0.73,0.73,0.73,0.73,0.73,0.73,0.73,0.73,0.73,0.73,0.73,0.73,0.73,0.73,0.73,0,0,0,0,0,0,0,0,0,0,0],
[0,0,0,0,0,0,0,0,0,0,0,0,0.73,0.73,0.73,0.73,0.73,0.73,0.73,0.73,0.73,0.73,0.73,0.73,0.73,0.73,0.73,0.73,0.73,0,0,0,0,0,0,0,0,0,0,0],
[0,0,0,0,0,0,0,0,0,0,0,0,0.73,0.73,0.73,0.73,0.73,0.73,0.73,0.73,0.73,0.73,0.73,0.73,0.73,0.73,0.73,0.73,0.73,0,0,0,0,0,0,0,0,0,0,0],
[0,0,0,0,0,0,0,0,0,0,0,0,0.73,0.73,0.73,0.73,0.73,0.73,0.73,0.73,0.73,0.73,0.73,0.73,0.73,0.73,0.73,0.73,0.73,0,0,0,0,0,0,0,0,0,0,0],
[0,0,0,0,0,0,0,0,0,0,0,0,0.73,0.73,0.73,0.73,0.73,0.73,0.73,0.73,0.73,0.73,0.73,0.73,0.73,0.73,0.73,0.73,0.73,0,0,0,0,0,0,0,0,0,0,0],
[0,0,0,0,0,0,0,0,0,0,0,0,0.73,0.73,0.73,0.73,0.73,0.73,0.73,0.73,0.73,0.73,0.73,0.73,0.73,0.73,0.73,0.73,0.73,0,0,0,0,0,0,0,0,0,0,0],
[0,0,0,0,0,0,0,0,0,0,0,0,0.73,0.73,0.73,0.73,0.73,0.73,0.73,0.73,0.73,0.73,0.73,0.73,0.73,0.73,0.73,0.73,0.73,0,0,0,0,0,0,0,0,0,0,0],
[0,0,0,0,0,0,0,0,0,0,0,0,0.73,0.73,0.73,0.73,0.73,0.73,0.73,0.73,0.73,0.73,0.73,0.73,0.73,0.73,0.73,0.73,0.73,0,0,0,0,0,0,0,0,0,0,0],
[0,0,0,0,0,0,0,0,0,0,0,0,0.73,0.73,0.73,0.73,0.73,0.73,0.73,0.73,0.73,0.73,0.73,0.73,0.73,0.73,0.73,0.73,0.73,0,0,0,0,0,0,0,0,0,0,0],
[0,0,0,0,0,0,0,0,0,0,0,0,0.73,0.73,0.73,0.73,0.73,0.73,0.73,0.73,0.73,0.73,0.73,0.73,0.73,0.73,0.73,0.73,0.73,0,0,0,0,0,0,0,0,0,0,0],
[0,0,0,0,0,0,0,0,0,0,0,0,0.73,0.73,0.73,0.73,0.73,0.73,0.73,0.73,0.73,0.73,0.73,0.73,0.73,0.73,0.73,0.73,0.73,0,0,0,0,0,0,0,0,0,0,0],
[0,0,0,0,0,0,0,0,0,0,0,0,0.73,0.73,0.73,0.73,0.73,0.73,0.73,0.73,0.73,0.73,0.73,0.73,0.73,0.73,0.73,0.73,0.73,0,0,0,0,0,0,0,0,0,0,0],
[0,0,0,0,0,0,0,0,0,0,0,0,0.73,0.73,0.73,0.73,0.73,0.73,0.73,0.73,0.73,0.73,0.73,0.73,0.73,0.73,0.73,0.73,0.73,0,0,0,0,0,0,0,0,0,0,0],
[0,0,0,0,0,0,0,0,0,0,0,0,0.73,0.73,0.73,0.73,0.73,0.73,0.73,0.73,0.73,0.73,0.73,0.73,0.73,0.73,0.73,0.73,0.73,0,0,0,0,0,0,0,0,0,0,0],
[0,0,0,0,0,0,0,0,0,0,0,0,0.73,0.73,0.73,0.73,0.73,0.73,0.73,0.73,0.73,0.73,0.73,0.73,0.73,0.73,0.73,0.73,0.73,0,0,0,0,0,0,0,0,0,0,0],
[0,0,0,0,0,0,0,0,0,0,0,0,0.73,0.73,0.73,0.73,0.73,0.73,0.73,0.73,0.73,0.73,0.73,0.73,0.73,0.73,0.73,0.73,0.73,0,0,0,0,0,0,0,0,0,0,0],
[0,0,0,0,0,0,0,0,0,0,0,0,0,0,0,0,0,0,0,0,0,0,0,0,0,0,0,0,0,0,0,0,0,0,0,0,0,0,0,0],
[0,0,0,0,0,0,0,0,0,0,0,0,0,0,0,0,0,0,0,0,0,0,0,0,0,0,0,0,0,0,0,0,0,0,0,0,0,0,0,0],
[0,0,0,0,0,0,0,0,0,0,0,0,0,0,0,0,0,0,0,0,0,0,0,0,0,0,0,0,0,0,0,0,0,0,0,0,0,0,0,0],
[0,0,0,0,0,0,0,0,0,0,0,0,0,0,0,0,0,0,0,0,0,0,0,0,0,0,0,0,0,0,0,0,0,0,0,0,0,0,0,0],
[0,0,0,0,0,0,0,0,0,0,0,0,0,0,0,0,0,0,0,0,0,0,0,0,0,0,0,0,0,0,0,0,0,0,0,0,0,0,0,0],
[0,0,0,0,0,0,0,0,0,0,0,0,0,0,0,0,0,0,0,0,0,0,0,0,0,0,0,0,0,0,0,0,0,0,0,0,0,0,0,0],
[0,0,0,0,0,0,0,0,0,0,0,0,0,0,0,0,0,0,0,0,0,0,0,0,0,0,0,0,0,0,0,0,0,0,0,0,0,0,0,0],
[0,0,0,0,0,0,0,0,0,0,0,0,0,0,0,0,0,0,0,0,0,0,0,0,0,0,0,0,0,0,0,0,0,0,0,0,0,0,0,0],
[0,0,0,0,0,0,0,0,0,0,0,0,0,0,0,0,0,0,0,0,0,0,0,0,0,0,0,0,0,0,0,0,0,0,0,0,0,0,0,0],
[0,0,0,0,0,0,0,0,0,0,0,0,0,0,0,0,0,0,0,0,0,0,0,0,0,0,0,0,0,0,0,0,0,0,0,0,0,0,0,0],
[0,0,0,0,0,0,0,0,0,0,0,0,0,0,0,0,0,0,0,0,0,0,0,0,0,0,0,0,0,0,0,0,0,0,0,0,0,0,0,0],
[0,0,0,0,0,0,0,0,0,0,0,0,0,0,0,0,0,0,0,0,0,0,0,0,0,0,0,0,0,0,0,0,0,0,0,0,0,0,0,0],
[0,0,0,0,0,0,0,0,0,0,0,0,0,0,0,0,0,0,0,0,0,0,0,0,0,0,0,0,0,0,0,0,0,0,0,0,0,0,0,0],
[0,0,0,0,0,0,0,0,0,0,0,0,0,0,0,0,0,0,0,0,0,0,0,0,0,0,0,0,0,0,0,0,0,0,0,0,0,0,0,0],
[0,0,0,0,0,0,0,0,0,0,0,0,0,0,0,0,0,0,0,0,0,0,0,0,0,0,0,0,0,0,0,0,0,0,0,0,0,0,0,0]]