[[0,0,0,0,0,0,0,0,0,0,0,0,0,0,0,0,0,0,0,0,0,0,0,0,0,0,0,0,0,0,0,0,0,0,0,0,0,0,0,0,0,0,0,0,0,0,0,0,0,0,0,0,0,0,0,0,0,0,0,0,0,0,0,0,0,0,0,0,0,0,0,0,0,0,0],
[0,0,0,0,0,0,0,0,0,0,0,0,0,0,0,0,0,0,0,0,0,0,0,0,0,0,0,0,0,0,0,0,0,0,0,0,0,0,0,0,0,0,0,0,0,0,0,0,0,0,0,0,0,0,0,0,0,0,0,0,0,0,0,0,0,0,0,0,0,0,0,0,0,0,0],
[0,0,0,0,0,0,0,0,0,0,0,0,0,0,0,0,0,0,0,0,0,0,0,0,0,0,0,0,0,0,0,0,0,0,0,0,0,0,0,0,0,0,0,0,0,0,0,0,0,0,0,0,0,0,0,0,0,0,0,0,0,0,0,0,0,0,0,0,0,0,0,0,0,0,0],
[0,0,0,0,0,0,0,0,0,0,0,0,0,0,0,0,0,0,0,0,0,0,0,0,0,0,0,0,0,0,0,0,0,0,0,0,0,0,0,0,0,0,0,0,0,0,0,0,0,0,0,0,0,0,0,0,0,0,0,0,0,0,0,0,0,0,0,0,0,0,0,0,0,0,0],
[0,0,0,0,0,0,0,0,0,0,0,0,0,0,0,0,0,0,0,0,0,0,0,0,0,0,0,0,0,0,0,0,0,0,0,0,0,0,0,0,0,0,0,0,0,0,0,0,0,0,0,0,0,0,0,0,0,0,0,0,0,0,0,0,0,0,0,0,0,0,0,0,0,0,0],
[0,0,0,0,0,0,0,0,0,0,0,0,0,0,0,0,0,0,0,0,0,0,0,0,0,0,0,0,0,0,0,0,0,0,0,0,0,0,0,0,0,0,0,0,0,0,0,0,0,0,0,0,0,0,0,0,0,0,0,0,0,0,0,0,0,0,0,0,0,0,0,0,0,0,0],
[0,0,0,0,0,0,0,0,0,0,0,0,0,0,0,0,0,0,0,0,0,0,0,0,0,0,0,0,0,0,0,0,0,0,0,0,0,0,0,0,0,0,0,0,0,0,0,0,0,0,0,0,0,0,0,0,0,0,0,0,0,0,0,0,0,0,0,0,0,0,0,0,0,0,0],
[0,0,0,0,0,0,0,0,0,0,0,0,0,0,0,0,0,0,0,0,0,0,0,0,0,0,0,0,0,0,0,0,0,0,0,0,0,0,0,0,0,0,0,0,0,0,0,0,0,0,0,0,0,0,0,0,0,0,0,0,0,0,0,0,0,0,0,0,0,0,0,0,0,0,0],
[0,0,0,0,0,0,0,0,0,0,0,0,0,0,0,0,0,0,0,0,0,0,0,0,0,0,0,0,0,0,0,0,0,0,0,0,8.72,8.72,8.72,8.72,0,0,0,0,0,0,0,0,0,0,0,0,0,0,0,0,0,0,0,0,0,0,0,0,0,0,0,0,0,0,0,0,0,0,0],
[0,0,0,0,0,0,0,0,0,0,0,0,0,0,0,0,0,0,0,0,0,0,0,0,0,0,0,0,0,0,0,0,0,0,0,8.72,8.72,8.72,8.73,8.72,8.72,0,0,0,0,0,0,0,0,0,0,0,0,0,0,0,0,0,0,0,0,0,0,0,0,0,0,0,0,0,0,0,0,0,0],
[0,0,0,0,0,0,0,0,0,0,0,0,0,0,0,0,0,0,0,0,0,0,0,0,0,0,0,0,0,0,0,0,0,0,0,8.72,8.72,8.73,8.73,8.72,8.72,8.72,0,0,0,0,0,0,0,0,0,0,0,0,0,0,0,0,0,0,0,0,0,0,0,0,0,0,0,0,0,0,0,0,0],
[0,0,0,0,0,0,0,0,0,0,0,0,0,0,0,0,0,0,0,0,0,0,0,0,0,0,0,0,0,0,0,0,0,0,8.72,8.72,8.73,8.73,8.74,8.72,8.72,8.72,0,0,0,0,0,0,0,0,0,0,0,0,0,0,0,0,0,0,0,0,0,0,0,0,0,0,0,0,0,0,0,0,0],
[0,0,0,0,0,0,0,0,0,0,0,0,0,0,0,0,0,0,0,0,0,0,0,0,0,0,0,0,0,0,0,0,0,0,8.72,8.73,8.73,8.74,8.74,8.72,8.72,8.72,0,0,0,0,0,0,0,0,0,0,0,0,0,0,0,0,0,0,0,0,0,0,0,0,0,0,0,0,0,0,0,0,0],
[0,0,0,0,0,0,0,0,0,0,0,0,0,0,0,0,0,0,0,0,0,0,0,0,0,0,0,0,0,0,0,0,0,0,8.72,8.73,8.74,8.74,8.75,8.72,8.72,8.72,0,0,0,0,0,0,0,0,0,0,0,0,0,0,0,0,0,0,0,0,0,0,0,0,0,0,0,0,0,0,0,0,0],
[0,0,0,0,0,0,0,0,0,0,0,0,0,0,0,0,0,0,0,0,0,0,0,0,0,0,0,0,0,0,0,0,0,0,8.72,8.74,8.74,8.75,8.76,8.72,8.72,8.72,0,0,0,0,0,0,0,0,0,0,0,0,0,0,0,0,0,0,0,0,0,0,0,0,0,0,0,0,0,0,0,0,0],
[0,0,0,0,0,0,0,0,0,0,0,0,0,0,0,0,0,0,0,0,0,0,0,0,0,0,0,0,0,0,0,0,0,0,8.72,8.76,8.75,8.76,8.76,8.73,8.72,8.72,0,0,0,0,0,0,0,0,0,0,0,0,0,0,0,0,0,0,0,0,0,0,0,0,0,0,0,0,0,0,0,0,0],
[0,0,0,0,0,0,0,0,0,0,0,0,0,0,0,0,0,0,0,0,0,0,0,0,0,0,0,0,0,0,0,0,0,0,8.72,8.78,8.76,8.76,8.77,8.73,8.72,8.72,0,0,0,0,0,0,0,0,0,0,0,0,0,0,0,0,0,0,0,0,0,0,0,0,0,0,0,0,0,0,0,0,0],
[0,0,0,0,0,0,0,0,0,0,0,0,0,0,0,0,0,0,0,0,0,0,0,0,0,0,0,0,0,0,0,0,0,0,8.72,8.80,8.76,8.77,8.77,8.74,8.72,8.72,0,0,0,0,0,0,0,0,0,0,0,0,0,0,0,0,0,0,0,0,0,0,0,0,0,0,0,0,0,0,0,0,0],
[0,0,0,0,0,0,0,0,0,0,0,0,0,0,0,0,0,0,0,0,0,0,0,0,0,0,0,0,0,0,0,0,0,0,8.72,8.81,8.77,8.77,8.78,8.75,8.72,8.72,0,0,0,0,0,0,0,0,0,0,0,0,0,0,0,0,0,0,0,0,0,0,0,0,0,0,0,0,0,0,0,0,0],
[0,0,0,0,0,0,0,0,0,0,0,0,0,0,0,0,0,0,0,0,0,0,0,0,0,0,0,0,0,0,0,0,0,0,8.72,8.81,8.78,8.78,8.78,8.75,8.72,8.72,0,0,0,0,0,0,0,0,0,0,0,0,0,0,0,0,0,0,0,0,0,0,0,0,0,0,0,0,0,0,0,0,0],
[0,0,0,0,0,0,0,0,0,0,0,0,0,0,0,0,0,0,0,0,0,0,0,0,0,0,0,0,0,0,0,0,0,0,8.72,8.81,8.79,8.78,8.79,8.76,8.72,8.72,0,0,0,0,0,0,0,0,0,0,0,0,0,0,0,0,0,0,0,0,0,0,0,0,0,0,0,0,0,0,0,0,0],
[0,0,0,0,0,0,0,0,0,0,0,0,0,0,0,0,0,0,0,0,0,0,0,0,0,0,0,0,0,0,0,0,0,0,8.72,8.81,8.80,8.79,8.80,8.76,8.73,8.72,0,0,0,0,0,0,0,0,0,0,0,0,0,0,0,0,0,0,0,0,0,0,0,0,0,0,0,0,0,0,0,0,0],
[0,0,0,0,0,0,0,0,0,0,0,0,0,0,0,0,0,0,0,0,0,0,0,0,0,0,0,0,0,0,0,0,0,0,8.72,8.81,8.81,8.80,8.80,8.77,8.74,8.72,0,0,0,0,0,0,0,0,0,0,0,0,0,0,0,0,0,0,0,0,0,0,0,0,0,0,0,0,0,0,0,0,0],
[0,0,0,0,0,0,0,0,0,0,0,0,0,0,0,0,0,0,0,0,0,0,0,0,0,0,0,0,0,0,0,0,0,0,0,8.83,8.83,8.81,8.81,8.77,8.77,8.72,0,0,0,0,0,0,0,0,0,0,0,0,0,0,0,0,0,0,0,0,0,0,0,0,0,0,0,0,0,0,0,0,0],
[0,0,0,0,0,0,0,0,0,0,0,0,0,0,0,0,0,0,0,0,0,0,0,0,0,0,0,0,0,0,0,0,0,0,9.06,9.08,9.07,9.08,9.13,9.06,9.09,9.06,0,0,0,0,0,0,0,0,0,0,0,0,0,0,0,0,0,0,0,0,0,0,0,0,0,0,0,0,0,0,0,0,0],
[0,0,0,0,0,0,0,0,0,0,0,0,0,0,0,0,0,0,0,0,0,0,0,0,0,0,0,0,0,0,0,0,0,0,9.46,9.50,9.52,9.51,9.55,9.51,9.53,9.51,0,0,0,0,0,0,0,0,0,0,0,0,0,0,0,0,0,0,0,0,0,0,0,0,0,0,0,0,0,0,0,0,0],
[0,0,0,0,0,0,0,0,0,0,0,0,0,0,0,0,0,0,0,0,0,0,0,0,0,0,0,0,0,0,0,0,0,0,9.86,9.93,9.96,9.96,9.97,9.96,9.97,9.97,0,0,0,0,0,0,0,0,0,0,0,0,0,0,0,0,0,0,0,0,0,0,0,0,0,0,0,0,0,0,0,0,0],
[0,0,0,0,0,0,0,0,0,0,0,0,0,0,0,0,0,0,0,0,0,0,0,0,0,0,0,0,0,0,0,0,0,0,10.22,10.22,10.14,10.18,10.19,10.18,10.14,10.21,0,0,0,0,0,0,0,0,0,0,0,0,0,0,0,0,0,0,0,0,0,0,0,0,0,0,0,0,0,0,0,0,0],
[0,0,0,0,0,0,0,0,0,0,0,0,0,0,0,0,0,0,0,0,0,0,0,0,0,0,0,0,0,0,0,0,0,0,10.19,10.20,10.15,10.18,10.22,10.17,10.14,10.19,0,0,0,0,0,0,0,0,0,0,0,0,0,0,0,0,0,0,0,0,0,0,0,0,0,0,0,0,0,0,0,0,0],
[0,0,0,0,0,0,0,0,0,0,0,0,0,0,0,0,0,0,0,0,0,0,0,0,0,0,0,0,0,0,0,0,0,0,10.17,10.17,10.17,10.17,10.21,10.17,10.14,10.17,0,0,0,0,0,0,0,0,0,0,0,0,0,0,0,0,0,0,0,0,0,0,0,0,0,0,0,0,0,0,0,0,0],
[0,0,0,0,0,0,0,0,0,0,0,0,0,0,0,0,0,0,0,0,0,0,0,0,0,0,0,0,0,0,0,0,0,0,10.14,10.15,10.18,10.16,10.20,10.16,10.14,10.14,0,0,0,0,0,0,0,0,0,0,0,0,0,0,0,0,0,0,0,0,0,0,0,0,0,0,0,0,0,0,0,0,0],
[0,0,0,0,0,0,0,0,0,0,0,0,0,0,0,0,0,0,0,0,0,0,0,0,0,0,0,0,0,0,0,0,0,0,0,10.14,10.19,10.15,10.20,10.15,10.14,10.14,0,0,0,0,0,0,0,0,0,0,0,0,0,0,0,0,0,0,0,0,0,0,0,0,0,0,0,0,0,0,0,0,0],
[0,0,0,0,0,0,0,0,0,0,0,0,0,0,0,0,0,0,0,0,0,0,0,0,0,0,0,0,0,0,0,0,10.14,10.14,10.14,10.14,10.16,10.15,10.19,10.14,10.14,10.14,10.14,10.14,10.14,0,0,0,0,0,0,0,0,0,0,0,0,0,0,0,0,0,0,0,0,0,0,0,0,0,0,0,0,0,0],
[0,0,0,0,0,0,0,0,0,0,0,0,0,0,0,0,0,0,0,0,0,0,0,0,0,0,0,0,0,0,10.14,10.14,10.14,10.14,10.14,10.14,10.14,10.15,10.18,10.14,10.14,10.14,10.14,10.14,10.14,10.14,0,0,0,0,0,0,0,0,0,0,0,0,0,0,0,0,0,0,0,0,0,0,0,0,0,0,0,0,0],
[0,0,0,0,0,0,0,0,0,0,0,0,0,0,0,0,0,0,0,0,0,0,0,0,0,0,0,0,0,10.14,10.14,10.14,10.14,10.14,10.14,10.14,10.14,10.16,10.17,10.14,10.14,10.14,10.14,10.14,10.14,10.14,10.14,10.14,0,0,0,0,0,0,0,0,0,0,0,0,0,0,0,0,0,0,0,0,0,0,0,0,0,0,0],
[0,0,0,0,0,0,0,0,0,0,0,0,0,0,0,0,0,0,0,0,0,0,0,0,0,0,0,0,0,10.14,10.14,10.14,10.14,10.14,10.14,10.14,10.14,10.15,10.16,10.14,10.14,10.14,10.14,10.14,10.14,10.14,10.14,10.14,0,0,0,0,0,0,0,0,0,0,0,0,0,0,0,0,0,0,0,0,0,0,0,0,0,0,0],
[0,0,0,0,0,0,0,0,0,0,0,0,0,0,0,0,0,0,0,0,0,0,0,0,0,0,0,0,0,0,10.14,10.14,10.14,10.14,10.14,10.14,10.14,10.14,10.16,10.14,10.14,10.14,10.14,10.14,10.14,10.14,10.14,0,0,0,0,0,0,0,0,0,0,0,0,0,0,0,0,0,0,0,0,0,0,0,0,0,0,0,0],
[0,0,0,0,0,0,0,0,0,0,0,0,0,0,0,0,0,0,0,0,0,0,0,0,0,10.14,10.14,0,0,0,10.14,10.14,10.14,10.14,10.14,10.14,10.14,10.14,10.15,10.14,10.14,10.14,10.14,10.14,10.14,10.14,10.14,0,0,0,10.14,0,0,0,0,0,0,0,0,0,0,0,0,0,0,0,0,0,0,0,0,0,0,0,0],
[0,0,0,0,0,0,0,0,0,0,0,0,0,0,0,0,0,0,0,0,0,0,0,0,10.14,10.14,10.14,10.14,0,0,10.14,10.14,10.14,10.14,10.14,10.14,10.14,10.14,10.14,10.14,10.14,10.14,10.14,10.14,10.14,10.14,10.14,0,0,10.14,10.14,10.14,10.14,0,0,0,0,0,0,0,0,0,0,0,0,0,0,0,0,0,0,0,0,0,0],
[0,0,0,0,0,0,0,0,0,0,0,0,0,0,0,0,0,0,0,0,0,0,0,10.14,10.14,10.14,10.14,10.14,10.14,10.14,10.14,10.14,10.14,10.14,10.14,10.14,10.14,10.14,10.14,10.14,10.14,10.14,10.14,10.14,10.14,10.14,10.14,10.14,10.14,10.14,10.14,10.14,10.14,10.14,0,0,0,0,0,0,0,0,0,0,0,0,0,0,0,0,0,0,0,0,0],
[0,0,0,0,0,0,0,0,0,0,0,0,0,0,0,0,0,0,0,0,0,0,10.14,10.14,10.14,10.14,10.14,10.14,10.14,10.14,10.14,10.14,10.14,10.14,10.14,10.14,10.14,10.14,10.14,10.14,10.14,10.14,10.14,10.14,10.14,10.14,10.14,10.14,10.14,10.14,10.14,10.14,10.14,10.14,10.14,0,0,0,0,0,0,0,0,0,0,0,0,0,0,0,0,0,0,0,0],
[0,0,0,0,0,0,0,0,0,0,0,0,0,0,0,0,0,0,0,0,0,10.14,10.14,10.14,10.14,10.14,10.14,10.14,10.14,10.14,10.14,10.14,10.14,10.14,10.14,10.14,10.14,10.14,10.14,10.14,10.14,10.14,10.14,10.14,10.14,10.14,10.14,10.14,10.14,10.14,10.14,10.14,10.14,10.14,10.14,10.14,0,0,0,0,0,0,0,0,0,0,0,0,0,0,0,0,0,0,0],
[0,0,0,0,0,0,0,0,0,0,0,0,0,0,0,0,0,0,0,0,10.14,10.14,10.14,10.14,10.14,10.14,10.14,10.14,10.14,10.14,10.14,10.14,10.14,10.14,10.14,10.14,10.14,10.14,10.14,10.14,10.14,10.14,10.14,10.14,10.14,10.14,10.14,10.14,10.14,10.14,10.14,10.14,10.14,10.14,10.14,10.14,10.14,0,0,0,0,0,0,0,0,0,0,0,0,0,0,0,0,0,0],
[0,0,0,0,0,0,0,0,0,0,0,0,0,0,0,0,0,0,0,0,10.14,10.14,10.14,10.14,10.14,10.14,10.14,10.14,10.14,10.14,10.14,10.14,10.14,10.14,10.14,10.14,10.14,10.14,10.14,10.14,10.14,10.14,10.14,10.14,10.14,10.14,10.14,10.14,10.14,10.14,10.14,10.14,10.14,10.14,10.14,10.14,10.14,0,0,0,0,0,0,0,0,0,0,0,0,0,0,0,0,0,0],
[0,0,0,0,0,0,0,0,0,0,0,0,0,0,0,0,0,0,0,0,0,10.14,10.14,10.14,10.14,10.14,10.14,10.14,10.14,10.14,10.14,10.14,10.14,10.14,10.14,10.14,10.14,10.14,10.14,10.14,10.14,10.14,10.14,10.14,10.14,10.14,10.14,10.14,10.14,10.14,10.14,10.14,10.14,10.14,10.14,10.14,0,0,0,0,0,0,0,0,0,0,0,0,0,0,0,0,0,0,0],
[0,0,0,0,0,0,0,0,0,0,0,0,0,0,0,0,0,0,0,0,0,0,10.14,10.14,10.14,10.14,10.14,10.14,10.14,10.14,10.14,10.14,10.14,10.14,10.14,10.14,10.14,10.14,10.14,10.14,10.14,10.14,10.14,10.14,10.14,10.14,10.14,10.14,10.14,10.14,10.14,10.14,10.14,10.14,10.14,0,0,0,0,0,0,0,0,0,0,0,0,0,0,0,0,0,0,0,0],
[0,0,0,0,0,0,0,0,0,0,0,0,0,0,0,0,0,10.14,10.14,0,0,0,10.14,10.14,10.14,10.14,10.14,10.14,10.14,10.14,10.14,10.14,10.14,10.14,10.14,10.14,10.14,10.14,10.14,10.14,10.14,10.14,10.14,10.14,10.14,10.14,10.14,10.14,10.14,10.14,10.14,10.14,10.14,10.14,10.14,0,0,10.14,10.14,10.14,0,0,0,0,0,0,0,0,0,0,0,0,0,0,0],
[0,0,0,0,0,0,0,0,0,0,0,0,0,0,0,0,10.14,10.14,10.14,10.14,10.14,10.14,10.14,10.14,10.14,10.14,10.14,10.14,10.14,10.14,10.14,10.14,10.14,10.14,10.14,10.14,10.14,10.14,10.14,10.14,10.14,10.14,10.14,10.14,10.14,10.14,10.14,10.14,10.14,10.14,10.14,10.14,10.14,10.14,10.14,10.14,10.14,10.14,10.14,10.14,0,0,0,0,0,0,0,0,0,0,0,0,0,0,0],
[0,0,0,0,0,0,0,0,0,0,0,0,0,0,0,0,10.14,10.14,10.14,10.14,10.14,10.14,10.14,10.14,10.14,10.14,10.14,10.14,10.14,10.14,10.14,10.14,10.14,10.14,10.14,10.14,10.14,10.14,10.14,10.14,10.14,10.14,10.14,10.14,10.14,10.14,10.14,10.14,10.14,10.14,10.14,10.14,10.14,10.14,10.14,10.14,10.14,10.14,10.14,10.14,10.14,0,0,0,0,0,0,0,0,0,0,0,0,0,0],
[0,0,0,0,0,0,0,0,0,0,0,0,0,0,0,10.14,10.14,10.14,10.14,10.14,10.14,10.14,10.14,10.14,10.14,10.14,10.14,10.14,10.14,10.14,10.14,10.14,10.14,10.14,10.14,10.14,10.14,10.14,10.14,10.14,10.14,10.14,10.14,10.14,10.14,10.14,10.14,10.14,10.14,10.14,10.14,10.14,10.14,10.14,10.14,10.14,10.14,10.14,10.14,10.14,10.14,10.14,0,0,0,0,0,0,0,0,0,0,0,0,0],
[0,0,0,0,0,0,0,0,0,0,0,0,0,0,0,10.14,10.14,10.14,10.14,10.14,10.14,10.14,10.14,10.14,10.14,10.14,10.14,10.14,10.14,10.14,10.14,10.14,10.14,10.14,10.14,10.14,10.14,10.14,10.14,10.14,10.14,10.14,10.14,10.14,10.14,10.14,10.14,10.14,10.14,10.14,10.14,10.14,10.14,10.14,10.14,10.14,10.14,10.14,10.14,10.14,10.14,10.14,0,0,0,0,0,0,0,0,0,0,0,0,0],
[0,0,0,0,0,0,0,0,0,0,0,0,0,0,0,10.14,10.14,10.14,10.14,10.14,10.14,10.14,10.14,10.14,10.14,10.14,10.14,10.14,10.14,10.14,10.14,10.14,10.14,10.14,10.14,10.14,10.14,10.14,10.14,10.14,10.14,10.14,10.14,10.14,10.14,10.14,10.14,10.14,10.14,10.14,10.14,10.14,10.14,10.14,10.14,10.14,10.14,10.14,10.14,10.14,10.14,10.14,0,0,0,0,0,0,0,0,0,0,0,0,0],
[0,0,0,0,0,0,0,0,0,0,0,0,0,0,10.14,10.14,10.14,10.14,10.14,10.14,10.14,10.14,10.14,10.14,10.14,10.14,10.14,10.14,10.14,10.14,10.14,10.14,10.14,10.14,10.14,10.14,10.14,10.14,10.14,10.14,10.14,10.14,10.14,10.14,10.14,10.14,10.14,10.14,10.14,10.14,10.14,10.14,10.14,10.14,10.14,10.14,10.14,10.14,10.14,10.14,10.14,10.14,10.14,0,0,0,0,0,0,0,0,0,0,0,0],
[0,0,0,0,0,0,0,0,0,0,0,0,0,0,10.14,10.14,10.14,10.14,10.14,10.14,10.14,10.14,10.14,10.14,10.14,10.14,10.14,10.14,10.14,10.14,10.14,10.14,10.14,10.14,10.14,10.14,10.14,10.14,10.14,10.14,10.14,10.14,10.14,10.14,10.14,10.14,10.14,10.14,10.14,10.14,10.14,10.14,10.14,10.14,10.14,10.14,10.14,10.14,10.14,10.14,10.14,10.14,10.14,0,0,0,0,0,0,0,0,0,0,0,0],
[0,0,0,0,0,0,0,0,0,0,0,0,0,0,10.14,10.14,10.14,10.14,10.14,10.14,10.14,10.14,10.14,10.14,10.14,10.14,10.14,10.14,10.14,10.14,10.14,10.14,10.14,10.14,10.14,10.14,10.14,10.14,10.14,10.14,10.14,10.14,10.14,10.14,10.14,10.14,10.14,10.14,10.14,10.14,10.14,10.14,10.14,10.14,10.14,10.14,10.14,10.14,10.14,10.14,10.14,10.14,10.14,0,0,0,0,0,0,0,0,0,0,0,0],
[0,0,0,0,0,0,0,0,0,0,0,0,0,0,10.14,10.14,10.14,10.14,10.14,10.14,10.14,10.14,10.14,10.14,10.14,10.14,10.14,10.14,10.14,10.14,10.14,10.14,10.14,10.14,10.14,10.14,10.14,10.14,10.14,10.14,10.14,10.14,10.14,10.14,10.14,10.14,10.14,10.14,10.14,10.14,10.14,10.14,10.14,10.14,10.14,10.14,10.14,10.14,10.14,10.14,10.14,10.14,10.14,0,0,0,0,0,0,0,0,0,0,0,0],
[0,0,0,0,0,0,0,0,0,0,0,0,0,0,10.14,10.14,10.14,10.14,10.14,10.14,10.14,10.14,10.14,10.14,10.14,10.14,10.14,10.14,10.14,10.14,10.14,10.14,10.14,10.14,10.14,10.14,10.14,10.14,10.14,10.14,10.14,10.14,10.14,10.14,10.14,10.14,10.14,10.14,10.14,10.14,10.14,10.14,10.14,10.14,10.14,10.14,10.14,10.14,10.14,10.14,10.14,10.14,10.14,0,0,0,0,0,0,0,0,0,0,0,0],
[0,0,0,0,0,0,0,0,0,0,0,0,0,0,10.14,10.14,10.14,10.14,10.14,10.14,10.14,10.14,10.14,10.14,10.14,10.14,10.14,10.14,10.14,10.14,10.14,10.14,10.14,10.14,10.14,10.14,10.14,10.14,10.14,10.14,10.14,10.14,10.14,10.14,10.14,10.14,10.14,10.14,10.14,10.14,10.14,10.14,10.14,10.14,10.14,10.14,10.14,10.14,10.14,10.14,10.14,10.14,10.14,0,0,0,0,0,0,0,0,0,0,0,0],
[0,0,0,0,0,0,0,0,0,0,0,0,0,0,10.14,10.14,10.14,10.14,10.14,10.14,10.14,10.14,10.14,10.14,10.14,10.14,10.14,10.14,10.14,10.14,10.14,10.14,10.14,10.14,10.14,10.14,10.14,10.14,10.14,10.14,10.14,10.14,10.14,10.14,10.14,10.14,10.14,10.14,10.14,10.14,10.14,10.14,10.14,10.14,10.14,10.14,10.14,10.14,10.14,10.14,10.14,10.14,10.14,0,0,0,0,0,0,0,0,0,0,0,0],
[0,0,0,0,0,0,0,0,0,0,0,0,0,0,10.14,10.14,10.50,10.24,10.14,10.14,10.14,10.14,10.14,10.14,10.14,10.14,10.14,10.14,10.14,10.14,10.14,10.14,10.14,10.14,10.14,10.14,10.14,10.14,10.14,10.14,10.14,10.14,10.14,10.14,10.14,10.14,10.14,10.14,10.14,10.14,10.14,10.14,10.14,10.14,10.14,10.14,10.14,10.14,10.14,10.27,10.55,10.14,10.14,0,0,0,0,0,0,0,0,0,0,0,0],
[0,0,0,0,0,0,0,0,0,0,0,0,0,0,11.36,11.04,10.72,10.39,10.14,10.14,10.14,10.14,10.14,10.14,10.14,10.14,10.14,10.14,10.14,10.14,10.14,10.14,10.14,10.14,10.14,10.14,10.14,10.14,10.14,10.14,10.14,10.14,10.14,10.14,10.14,10.14,10.14,10.14,10.14,10.14,10.14,10.14,10.14,10.14,10.14,10.14,10.14,10.14,10.14,10.45,10.80,11.16,0,0,0,0,0,0,0,0,0,0,0,0,0],
[0,0,0,0,0,0,0,0,0,0,0,0,0,11.44,11.47,11.27,10.96,10.62,10.31,10.14,10.14,10.14,10.14,10.14,10.14,10.14,10.14,10.14,10.14,10.14,10.14,10.14,10.14,10.14,10.14,10.14,10.14,10.14,10.14,10.14,10.14,10.14,10.14,10.14,10.14,10.14,10.14,10.14,10.14,10.14,10.14,10.14,10.14,10.14,10.14,10.14,10.14,10.14,10.35,10.70,11.05,11.35,11.47,11.44,0,0,0,0,0,0,0,0,0,0,0],
[0,0,0,0,0,0,0,0,0,0,0,0,11.40,11.42,11.45,11.47,11.19,10.85,10.52,10.14,10.14,10.14,10.14,10.14,10.14,10.14,10.14,10.14,10.14,10.14,10.14,10.14,10.14,10.14,10.14,10.14,10.14,10.14,10.14,10.14,10.14,10.14,10.14,10.14,10.14,10.14,10.14,10.14,10.14,10.14,10.14,10.14,10.14,10.14,10.14,10.14,10.14,10.14,10.61,10.95,11.29,11.47,11.45,11.43,11.40,0,0,0,0,0,0,0,0,0,0],
[0,0,0,0,0,0,0,0,0,0,0,11.39,11.40,11.42,11.44,11.46,11.43,11.09,10.14,10.14,10.14,10.14,10.14,10.14,10.14,10.14,10.14,10.14,10.14,10.14,10.14,10.14,10.14,10.14,10.14,10.14,10.14,10.14,10.14,10.14,10.14,10.14,10.14,10.14,10.14,10.14,10.14,10.14,10.14,10.14,10.14,10.14,10.14,10.14,10.14,10.14,10.14,10.14,10.14,11.20,11.41,11.46,11.43,11.41,11.39,11.39,0,0,0,0,0,0,0,0,0],
[0,0,0,0,0,0,0,0,0,0,0,11.39,11.39,11.41,11.43,11.44,0,10.14,10.14,10.14,10.14,10.14,10.14,10.14,10.14,10.14,10.14,10.14,10.14,10.14,10.14,10.14,10.14,10.14,10.14,10.14,10.14,10.14,10.14,10.14,10.14,10.14,10.14,10.14,10.14,10.14,10.14,10.14,10.14,10.14,10.14,10.14,10.14,10.14,10.14,10.14,10.14,10.14,10.14,0,0,11.44,11.42,11.39,11.39,0,0,0,0,0,0,0,0,0,0],
[0,0,0,0,0,0,0,0,0,0,0,0,11.39,11.39,11.41,0,0,0,10.14,10.14,10.14,10.14,10.14,10.14,10.14,10.14,10.14,10.14,10.14,10.14,10.14,10.14,10.14,10.14,10.14,10.14,10.14,10.14,10.14,10.14,10.14,10.14,10.14,10.14,10.14,10.14,10.14,10.14,10.14,10.14,10.14,10.14,10.14,10.14,10.14,10.14,10.14,10.14,10.14,0,0,0,11.40,11.39,11.39,0,0,0,0,0,0,0,0,0,0],
[0,0,0,0,0,0,0,0,0,0,0,0,0,0,0,0,0,0,0,10.14,10.14,10.14,10.14,10.14,10.14,10.14,10.14,10.14,10.14,10.14,10.14,10.14,10.14,10.14,0,10.14,10.14,10.14,10.14,10.14,10.14,10.14,0,10.14,10.14,10.14,10.14,10.14,10.14,10.14,10.14,10.14,10.14,10.14,10.14,10.14,10.14,0,0,0,0,0,0,0,0,0,0,0,0,0,0,0,0,0,0],
[0,0,0,0,0,0,0,0,0,0,0,0,0,0,0,0,0,0,0,0,0,10.14,10.14,10.14,10.14,10.14,10.14,10.14,10.14,10.14,10.14,10.14,10.14,0,0,10.14,10.14,10.14,10.14,10.14,10.14,0,0,0,10.14,10.14,10.14,10.14,10.14,10.14,10.14,10.14,10.14,10.14,10.14,10.14,0,0,0,0,0,0,0,0,0,0,0,0,0,0,0,0,0,0,0],
[0,0,0,0,0,0,0,0,0,0,0,0,0,0,0,0,0,0,0,0,0,0,0,0,0,0,10.14,10.14,0,0,0,0,0,0,0,0,0,0,0,0,0,0,0,0,0,0,0,0,0,10.14,10.14,0,0,0,0,0,0,0,0,0,0,0,0,0,0,0,0,0,0,0,0,0,0,0,0],
[0,0,0,0,0,0,0,0,0,0,0,0,0,0,0,0,0,0,0,0,0,0,0,0,0,0,0,0,0,0,0,0,0,0,0,0,0,0,0,0,0,0,0,0,0,0,0,0,0,0,0,0,0,0,0,0,0,0,0,0,0,0,0,0,0,0,0,0,0,0,0,0,0,0,0],
[0,0,0,0,0,0,0,0,0,0,0,0,0,0,0,0,0,0,0,0,0,0,0,0,0,0,0,0,0,0,0,0,0,0,0,0,0,0,0,0,0,0,0,0,0,0,0,0,0,0,0,0,0,0,0,0,0,0,0,0,0,0,0,0,0,0,0,0,0,0,0,0,0,0,0],
[0,0,0,0,0,0,0,0,0,0,0,0,0,0,0,0,0,0,0,0,0,0,0,0,0,0,0,0,0,0,0,0,0,0,0,0,0,0,0,0,0,0,0,0,0,0,0,0,0,0,0,0,0,0,0,0,0,0,0,0,0,0,0,0,0,0,0,0,0,0,0,0,0,0,0],
[0,0,0,0,0,0,0,0,0,0,0,0,0,0,0,0,0,0,0,0,0,0,0,0,0,0,0,0,0,0,0,0,0,0,0,0,0,0,0,0,0,0,0,0,0,0,0,0,0,0,0,0,0,0,0,0,0,0,0,0,0,0,0,0,0,0,0,0,0,0,0,0,0,0,0],
[0,0,0,0,0,0,0,0,0,0,0,0,0,0,0,0,0,0,0,0,0,0,0,0,0,0,0,0,0,0,0,0,0,0,0,0,0,0,0,0,0,0,0,0,0,0,0,0,0,0,0,0,0,0,0,0,0,0,0,0,0,0,0,0,0,0,0,0,0,0,0,0,0,0,0],
[0,0,0,0,0,0,0,0,0,0,0,0,0,0,0,0,0,0,0,0,0,0,0,0,0,0,0,0,0,0,0,0,0,0,0,0,0,0,0,0,0,0,0,0,0,0,0,0,0,0,0,0,0,0,0,0,0,0,0,0,0,0,0,0,0,0,0,0,0,0,0,0,0,0,0]]