[[0,0,0,0,0,0,0,0,0,0,0,0,0,0,0,0,0,0,0,0,0,0,0,0,0,0,0,0,0,0,0,0,0,0,0,0,0,0,0,0,0,0,0,0,0,0,0,0,0,0,0,0,0,0,0,0,0,0,0,0,0,0,0,0,0,0,0,0,0,0,0,0,0,0,0,0,0,0,0,0,0,0,0,0,0,0,0,0,0,0,0,0,0,0,0,0,0,0,0,0,0,0,0,0,0,0,0,0,0,0,0,0,0,0,0,0,0,0,0,0,0,0,0,0,0,0,0,0,0,0,0,0,0,0,0,0,0,0,0,0,0,0,0,0,0,0,0,0,0,0],
[0,0,0,0,0,0,0,0,0,0,0,0,0,0,0,0,0,0,0,0,0,0,0,0,0,0,0,0,0,0,0,0,0,0,0,0,0,0,0,0,0,0,0,0,0,0,0,0,0,0,0,0,0,0,0,0,0,0,0,0,0,0,0,0,0,0,0,0,0,0,0,0,0,0,0,38.61,38.61,38.61,38.61,38.61,38.61,38.61,38.61,38.61,38.61,38.61,38.61,38.61,38.61,38.61,38.61,0,0,0,0,0,0,0,0,0,0,0,0,0,0,0,0,0,0,0,0,0,0,0,0,0,0,0,0,0,0,0,0,0,0,0,0,0,0,0,0,0,0,0,0,0,0,0,0,0,0,0,0,0,0,0,0,0,0,0],
[0,0,0,0,0,0,0,0,0,0,0,0,0,0,0,0,0,0,0,0,0,0,0,0,0,0,0,0,0,0,0,0,0,0,0,0,0,0,0,0,0,0,0,0,0,0,0,0,0,0,0,0,0,0,0,0,0,0,0,0,0,0,0,0,0,0,0,0,0,0,0,0,0,0,38.61,38.61,38.62,38.63,38.63,38.63,38.63,38.63,38.63,38.63,38.63,38.63,38.63,38.63,38.63,38.63,38.61,38.61,0,0,0,0,0,0,0,0,0,0,0,0,0,0,0,0,0,0,0,0,0,0,0,0,0,0,0,0,0,0,0,0,0,0,0,0,0,0,0,0,0,0,0,0,0,0,0,0,0,0,0,0,0,0,0,0,0,0],
[0,0,0,0,0,0,0,0,0,0,0,0,0,0,0,0,0,0,0,0,0,0,0,0,0,0,0,0,0,0,0,0,0,0,0,0,0,0,0,0,0,0,0,0,0,0,0,0,0,0,0,0,0,0,0,0,0,0,0,0,0,0,0,0,0,0,0,0,0,0,0,0,0,38.61,38.61,38.63,38.64,38.65,38.65,38.65,38.65,38.65,38.65,38.65,38.65,38.65,38.65,38.65,38.65,38.64,38.63,38.61,38.61,0,0,0,0,0,0,0,0,0,0,0,0,0,0,0,0,0,0,0,0,0,0,0,0,0,0,0,0,0,0,0,0,0,0,0,0,0,0,0,0,0,0,0,0,0,0,0,0,0,0,0,0,0,0,0,0,0],
[0,0,0,0,0,0,0,0,0,0,0,0,0,0,0,0,0,0,0,0,0,0,0,0,0,0,0,0,0,0,0,0,0,0,0,0,0,0,0,0,0,0,0,0,0,0,0,0,0,0,0,0,0,0,0,0,0,0,0,0,0,0,0,0,0,0,0,0,0,0,0,0,38.61,38.61,38.63,38.66,38.66,38.66,38.67,38.67,38.67,38.67,38.67,38.67,38.67,38.67,38.67,38.67,38.67,38.66,38.64,38.63,38.61,38.61,0,0,0,0,0,0,0,0,0,0,0,0,0,0,0,0,0,0,0,0,0,0,0,0,0,0,0,0,0,0,0,0,0,0,0,0,0,0,0,0,0,0,0,0,0,0,0,0,0,0,0,0,0,0,0,0],
[0,0,0,0,0,0,0,0,0,0,0,0,0,0,0,0,0,0,0,0,0,0,0,0,0,0,0,0,0,0,0,0,0,0,0,0,0,0,0,0,0,0,0,0,0,0,0,0,0,0,0,0,0,0,0,0,0,0,0,0,0,0,0,0,0,0,0,0,0,0,0,38.61,38.61,38.63,38.65,38.69,38.68,38.68,38.68,38.69,38.69,38.69,38.69,38.69,38.69,38.69,38.69,38.69,38.69,38.68,38.66,38.64,38.63,38.61,38.61,0,0,0,0,0,0,0,0,0,0,0,0,0,0,0,0,0,0,0,0,0,0,0,0,0,0,0,0,0,0,0,0,0,0,0,0,0,0,0,0,0,0,0,0,0,0,0,0,0,0,0,0,0,0,0],
[0,0,0,0,0,0,0,0,0,0,0,0,0,0,0,0,0,0,0,0,0,0,0,0,0,0,0,0,0,0,0,0,0,0,0,0,0,0,0,0,0,0,0,0,0,0,0,0,0,0,0,0,0,0,0,0,0,0,0,0,0,0,0,0,0,0,0,0,0,0,38.61,38.61,38.63,38.65,38.68,38.86,38.80,38.80,38.80,38.80,38.80,38.80,38.81,38.82,38.84,38.85,38.86,38.88,38.91,38.79,38.68,38.66,38.64,38.63,38.61,38.61,0,0,0,0,0,0,0,0,0,0,0,0,0,0,0,0,0,0,0,0,0,0,0,0,0,0,0,0,0,0,0,0,0,0,0,0,0,0,0,0,0,0,0,0,0,0,0,0,0,0,0,0,0,0],
[0,0,0,0,0,0,0,0,0,0,0,0,0,0,0,0,0,0,0,0,0,0,0,0,0,0,0,0,0,0,0,0,0,0,0,0,0,0,0,0,0,0,0,0,0,0,0,0,0,0,0,0,0,0,0,0,0,0,0,0,0,0,0,0,0,0,0,0,0,38.61,38.61,38.63,38.65,38.67,38.77,39.03,38.97,38.94,39.06,39.11,39.11,39.11,39.11,39.11,39.11,39.11,39.03,38.97,39.00,39.03,38.80,38.68,38.66,38.64,38.63,38.61,38.61,0,0,0,0,0,0,0,0,0,0,0,0,0,0,0,0,0,0,0,0,0,0,0,0,0,0,0,0,0,0,0,0,0,0,0,0,0,0,0,0,0,0,0,0,0,0,0,0,0,0,0,0,0],
[0,0,0,0,0,0,0,0,0,0,0,0,0,0,0,0,0,0,0,0,0,0,0,0,0,0,0,0,0,0,0,0,0,0,0,0,0,0,0,0,0,0,0,0,0,0,0,0,0,0,0,0,0,0,0,0,0,0,0,0,0,0,0,0,0,0,0,0,38.61,38.61,38.63,38.65,38.67,38.69,38.84,39.03,0,0,39.11,39.11,39.11,39.11,39.11,39.11,39.11,39.11,39.11,0,0,39.03,38.89,38.71,38.68,38.66,38.64,38.63,38.61,38.61,0,0,0,0,0,0,0,0,0,0,0,0,0,0,0,0,0,0,0,0,0,0,0,0,0,0,0,0,0,0,0,0,0,0,0,0,0,0,0,0,0,0,0,0,0,0,0,0,0,0,0,0],
[0,0,0,0,0,0,0,0,0,0,0,0,0,0,0,0,0,0,0,0,0,0,0,0,0,0,0,0,0,0,0,0,0,0,0,0,0,0,0,0,0,0,0,0,0,0,0,0,0,0,0,0,0,0,0,0,0,0,0,0,0,0,0,0,0,0,0,38.61,38.61,38.63,38.65,38.67,38.68,38.69,38.84,39.03,0,0,39.11,39.11,39.11,39.11,39.11,39.11,39.11,39.11,39.11,0,0,39.03,38.88,38.71,38.68,38.67,38.66,38.64,38.63,38.61,38.61,0,0,0,0,0,0,0,0,0,0,0,0,0,0,0,0,0,0,0,0,0,0,0,0,0,0,0,0,0,0,0,0,0,0,0,0,0,0,0,0,0,0,0,0,0,0,0,0,0,0,0],
[0,0,0,0,0,0,0,0,0,0,0,0,0,0,0,0,0,0,0,0,0,0,0,0,0,0,0,0,0,0,0,0,0,0,0,0,0,0,0,0,0,0,0,0,0,0,0,0,0,0,0,0,0,0,0,0,0,0,0,0,0,0,0,0,0,0,38.61,38.61,38.63,38.65,38.66,38.67,38.68,38.69,38.84,39.03,39.11,39.11,39.11,39.11,39.11,39.11,39.11,39.11,39.11,39.11,39.11,39.11,39.11,39.04,38.82,38.69,38.68,38.67,38.66,38.65,38.64,38.63,38.61,38.61,0,0,0,0,0,0,0,0,0,0,0,0,0,0,0,0,0,0,0,0,0,0,0,0,0,0,0,0,0,0,0,0,0,0,0,0,0,0,0,0,0,0,0,0,0,0,0,0,0,0],
[0,0,0,0,0,0,0,0,0,0,0,0,0,0,0,0,0,0,0,0,0,0,0,0,0,0,0,0,0,0,0,0,0,0,0,0,0,0,0,0,0,0,0,0,0,0,0,0,0,0,0,0,0,0,0,0,0,0,0,0,0,0,38.61,38.61,38.61,38.61,38.61,38.62,38.63,38.65,38.66,38.67,38.68,38.69,38.84,39.03,39.11,39.11,39.11,39.11,39.11,39.11,39.11,39.11,39.11,39.11,39.11,39.11,39.11,39.04,38.82,38.69,38.68,38.67,38.66,38.65,38.64,38.63,38.62,38.61,38.61,38.61,38.61,38.61,38.61,38.61,38.61,0,0,0,0,0,0,0,0,0,0,0,0,0,0,0,0,0,0,0,0,0,0,0,0,0,0,0,0,0,0,0,0,0,0,0,0,0,0,0,0,0,0,0],
[0,0,0,0,0,0,0,0,0,0,0,0,0,0,0,0,0,0,0,0,0,0,0,0,0,0,0,0,0,0,0,0,0,0,0,0,0,0,0,0,0,0,0,0,0,0,0,0,0,0,0,0,0,0,0,0,0,0,0,0,0,0,38.61,38.61,38.61,38.61,38.62,38.62,38.63,38.65,38.66,38.67,38.68,38.69,38.84,39.03,39.11,39.11,39.11,39.11,39.11,39.11,39.11,39.11,39.11,39.11,39.11,39.11,39.11,39.05,38.83,38.69,38.68,38.67,38.66,38.65,38.64,38.63,38.62,38.61,38.61,38.61,38.61,38.61,38.61,38.61,38.61,38.61,38.61,0,0,0,0,0,0,0,0,0,0,0,0,0,0,0,0,0,0,0,0,0,0,0,0,0,0,0,0,0,0,0,0,0,0,0,0,0,0,0,0,0],
[0,0,0,0,0,0,0,0,0,0,0,0,0,0,0,0,0,0,0,0,0,0,0,0,0,0,0,0,0,0,0,0,0,0,0,0,0,0,0,0,0,0,0,0,0,0,0,0,0,0,0,0,0,0,0,0,0,0,0,0,0,0,38.61,38.61,38.61,38.62,38.62,38.63,38.63,38.65,38.66,38.67,38.68,38.69,38.84,39.03,39.11,39.11,39.11,39.11,39.11,39.11,39.11,39.11,39.11,39.11,39.11,39.11,39.11,39.06,38.84,38.69,38.68,38.67,38.66,38.65,38.64,38.63,38.62,38.62,38.61,38.61,38.61,38.61,38.61,38.61,38.61,38.61,38.61,0,0,0,0,0,0,0,0,0,0,0,0,0,0,0,0,0,0,0,0,0,0,0,0,0,0,0,0,0,0,0,0,0,0,0,0,0,0,0,0,0],
[0,0,0,0,0,0,0,0,0,0,0,0,0,0,0,0,0,0,0,0,0,0,0,0,0,0,0,0,0,0,0,0,0,0,0,0,0,0,0,0,0,0,0,0,0,0,0,0,0,0,0,0,0,0,0,0,0,0,0,0,0,0,38.61,38.61,38.62,38.62,38.62,38.63,38.63,38.65,38.66,38.67,38.68,38.69,38.83,39.03,39.11,39.11,39.11,39.11,39.11,39.11,39.11,39.11,39.11,39.11,39.11,39.09,39.11,39.07,38.85,38.69,38.68,38.67,38.66,38.65,38.64,38.64,38.63,38.62,38.61,38.61,38.61,38.61,38.61,38.61,38.61,38.61,38.61,0,0,0,0,0,0,0,0,0,0,0,0,0,0,0,0,0,0,0,0,0,0,0,0,0,0,0,0,0,0,0,0,0,0,0,0,0,0,0,0,0],
[0,0,0,0,0,0,0,0,0,0,0,0,0,0,0,0,0,0,0,0,0,0,0,0,0,0,0,0,0,0,0,0,0,0,0,0,0,0,0,0,0,0,0,0,0,0,0,0,0,0,0,0,0,0,0,0,0,0,0,0,0,38.61,38.61,38.62,38.62,38.62,38.63,38.63,38.64,38.65,38.66,38.67,38.68,38.69,38.83,39.03,39.11,39.11,39.11,39.11,39.11,39.11,39.11,39.11,39.11,39.11,39.11,39.11,39.11,39.08,38.86,38.69,38.68,38.67,38.66,38.65,38.65,38.64,38.63,38.62,38.62,38.61,38.61,38.61,38.61,38.61,38.61,38.61,38.61,0,0,0,0,0,0,0,0,0,0,0,0,0,0,0,0,0,0,0,0,0,0,0,0,0,0,0,0,0,0,0,0,0,0,0,0,0,0,0,0,0],
[0,0,0,0,0,0,0,0,0,0,0,0,0,0,0,0,0,0,0,0,0,0,0,0,0,0,0,0,0,0,0,0,0,0,0,0,0,0,0,0,0,0,0,0,0,0,0,0,0,0,0,0,0,0,0,0,0,0,0,0,38.61,38.61,38.61,38.62,38.62,38.63,38.63,38.64,38.64,38.65,38.66,38.67,38.68,38.69,38.83,39.03,39.11,39.11,39.11,39.11,39.11,39.11,39.11,39.11,39.11,39.11,39.11,39.11,39.10,39.09,38.87,38.69,38.68,38.67,38.66,38.66,38.65,38.64,38.64,38.63,38.62,38.61,38.61,38.61,38.61,38.61,38.61,38.61,38.61,0,0,0,0,0,0,0,0,0,0,0,0,0,0,0,0,0,0,0,0,0,0,0,0,0,0,0,0,0,0,0,0,0,0,0,0,0,0,0,0,0],
[0,0,0,0,0,0,0,0,0,0,0,0,0,0,0,0,0,0,0,0,0,0,0,0,0,0,0,0,0,0,0,0,0,0,0,0,0,0,0,0,0,0,0,0,0,0,0,0,0,0,0,0,0,0,0,0,0,0,0,38.61,38.61,38.61,38.61,38.62,38.63,38.63,38.64,38.64,38.65,38.65,38.66,38.67,38.68,38.69,38.83,39.03,39.11,39.11,39.11,39.11,39.11,39.11,39.11,39.11,39.11,39.11,39.11,39.11,39.08,39.10,38.88,38.69,38.68,38.68,38.67,38.66,38.65,38.65,38.64,38.63,38.62,38.62,38.61,38.61,38.61,38.61,38.61,38.61,38.61,0,0,0,0,0,0,0,0,0,0,0,0,0,0,0,0,0,0,0,0,0,0,0,0,0,0,0,0,0,0,0,0,0,0,0,0,0,0,0,0,0],
[0,0,0,0,0,0,0,0,0,0,0,0,0,0,0,0,0,0,0,0,0,0,0,0,0,0,0,0,0,0,0,0,0,0,0,0,0,0,0,0,0,0,0,0,0,0,0,0,0,0,0,0,0,0,0,0,0,38.61,38.61,38.61,38.61,38.61,38.61,38.61,38.62,38.63,38.64,38.65,38.65,38.66,38.66,38.67,38.68,38.69,38.83,39.03,39.11,39.11,39.11,39.11,39.11,39.11,39.11,39.11,39.11,39.11,39.11,39.11,39.06,39.10,38.90,38.69,38.69,38.68,38.67,38.66,38.66,38.65,38.64,38.64,38.63,38.62,38.61,38.61,38.61,38.61,38.61,38.61,38.61,0,0,0,0,0,0,0,0,0,0,0,0,0,0,0,0,0,0,0,0,0,0,0,0,0,0,0,0,0,0,0,0,0,0,0,0,0,0,0,0,0],
[0,0,0,0,0,0,0,0,0,0,0,0,0,0,0,0,0,0,0,0,0,0,0,0,0,0,0,0,0,0,0,0,0,0,0,0,0,0,0,0,0,0,0,0,0,0,0,0,0,0,0,0,0,0,0,0,0,38.61,38.61,38.61,38.61,38.61,38.61,38.61,38.61,38.62,38.63,38.64,38.65,38.66,38.67,38.67,38.68,38.69,38.83,39.03,39.11,39.11,39.11,39.11,39.11,39.11,39.11,39.11,39.11,39.11,39.11,39.11,39.09,39.10,38.89,38.69,38.68,38.68,38.68,38.67,38.66,38.65,38.65,38.64,38.63,38.62,38.62,38.61,38.61,38.61,38.61,38.61,38.61,0,0,0,0,0,0,0,0,0,0,0,0,0,0,0,0,0,0,0,0,0,0,0,0,0,0,0,0,0,0,0,0,0,0,0,0,0,0,0,0,0],
[0,0,0,0,0,0,0,0,0,0,0,0,0,0,0,0,0,0,0,0,0,0,0,0,0,0,0,0,0,0,0,0,0,0,0,0,0,0,0,0,0,0,0,0,0,0,0,0,0,0,0,0,0,0,0,0,0,38.61,38.61,38.61,38.61,38.61,38.61,38.61,38.61,38.61,38.62,38.63,38.64,38.66,38.67,38.68,38.68,38.69,38.83,39.03,39.11,39.11,39.11,39.11,39.11,39.11,39.11,39.11,39.11,39.11,39.11,39.11,39.11,39.08,38.88,38.69,38.68,38.67,38.67,38.66,38.66,38.66,38.65,38.64,38.64,38.63,38.62,38.61,38.61,38.61,38.61,38.61,38.61,0,0,0,0,0,0,0,0,0,0,0,0,0,0,0,0,0,0,0,0,0,0,0,0,0,0,0,0,0,0,0,0,0,0,0,0,0,0,0,0,0],
[0,0,0,0,0,0,0,0,0,0,0,0,0,0,0,0,0,0,0,0,0,0,0,0,0,0,0,0,0,0,0,0,0,0,0,0,0,0,0,0,0,0,0,0,0,0,0,0,0,0,0,0,0,0,0,0,0,38.61,38.61,38.61,38.61,38.61,38.61,38.61,38.61,38.61,38.61,38.62,38.63,38.65,38.66,38.67,38.68,38.69,38.83,39.03,39.11,39.11,39.11,39.11,39.11,39.11,39.11,39.11,39.11,39.11,39.11,39.11,39.11,39.06,38.88,38.69,38.67,38.66,38.66,38.66,38.65,38.65,38.64,38.64,38.64,38.63,38.62,38.62,38.61,38.61,38.61,38.61,38.61,0,0,0,0,0,0,0,0,0,0,0,0,0,0,0,0,0,0,0,0,0,0,0,0,0,0,0,0,0,0,0,0,0,0,0,0,0,0,0,0,0],
[0,0,0,0,0,0,0,0,0,0,0,0,0,0,0,0,0,0,0,0,0,0,0,0,0,0,0,0,0,0,0,0,0,0,0,0,0,0,0,0,0,0,0,0,0,0,0,0,0,0,0,0,0,0,0,0,0,38.61,38.61,38.61,38.61,38.61,38.61,38.61,38.61,38.61,38.61,38.61,38.63,38.64,38.65,38.66,38.67,38.68,38.83,39.03,39.11,39.11,39.11,39.11,39.11,39.11,39.11,39.11,39.11,39.11,39.11,39.11,39.11,39.04,38.87,38.69,38.66,38.66,38.65,38.65,38.64,38.64,38.64,38.63,38.63,38.62,38.62,38.62,38.61,38.61,38.61,38.61,38.61,0,0,0,0,0,0,0,0,0,0,0,0,0,0,0,0,0,0,0,0,0,0,0,0,0,0,0,0,0,0,0,0,0,0,0,0,0,0,0,0,0],
[0,0,0,0,0,0,0,0,0,0,0,0,0,0,0,0,0,0,0,0,0,0,0,0,0,0,0,0,0,0,0,0,0,0,0,0,0,0,0,0,0,0,0,0,0,0,0,0,0,0,0,0,0,0,0,0,0,38.61,38.61,38.61,38.61,38.61,38.61,38.61,38.61,38.61,38.61,38.61,38.62,38.63,38.64,38.65,38.66,38.69,38.84,39.03,39.11,39.11,39.11,39.11,39.11,39.11,39.11,39.11,39.11,39.11,39.11,39.11,39.11,39.04,38.87,38.69,38.66,38.65,38.64,38.64,38.64,38.63,38.63,38.62,38.62,38.62,38.61,38.61,38.61,38.61,0,0,0,0,0,0,0,0,0,0,0,0,0,0,0,0,0,0,0,0,0,0,0,0,0,0,0,0,0,0,0,0,0,0,0,0,0,0,0,0,0,0,0,0],
[0,0,0,0,0,0,0,0,0,0,0,0,0,0,0,0,0,0,0,0,0,0,0,0,0,0,0,0,0,0,0,0,0,0,0,0,0,0,0,0,0,0,0,0,0,0,0,0,0,0,0,0,0,0,0,38.61,38.61,38.61,38.61,38.61,38.61,38.61,38.61,38.61,38.61,38.61,38.61,38.61,38.61,38.62,38.63,38.64,38.65,38.69,38.86,39.12,0,0,39.11,39.11,39.11,39.11,39.11,39.11,39.11,39.11,39.11,0,0,39.03,38.86,38.69,38.66,38.64,38.64,38.63,38.63,38.62,38.62,38.62,38.61,38.61,38.61,38.61,38.61,38.61,0,0,0,0,0,0,0,0,0,0,0,0,0,0,0,0,0,0,0,0,0,0,0,0,0,0,0,0,0,0,0,0,0,0,0,0,0,0,0,0,0,0,0,0],
[0,0,0,0,0,0,0,0,0,0,0,0,0,0,0,0,0,0,0,0,0,0,0,0,0,0,0,0,0,0,0,0,0,0,0,0,0,0,0,0,0,0,0,0,0,0,0,0,0,0,0,0,0,0,0,38.61,38.61,38.61,38.61,38.61,38.61,38.61,38.61,38.61,38.61,38.61,38.61,38.61,38.61,38.61,38.62,38.63,38.65,38.69,38.92,39.15,0,0,39.11,39.11,39.11,39.11,39.11,39.11,39.11,39.11,39.11,0,0,39.03,38.88,38.69,38.66,38.63,38.63,38.62,38.62,38.62,38.61,38.61,38.61,38.61,38.61,38.61,38.61,38.61,38.62,38.28,37.81,37.34,36.87,36.40,35.86,35.86,35.86,35.86,35.86,35.86,35.86,35.86,35.86,35.86,35.86,35.86,35.86,35.86,35.86,35.86,0,0,0,0,0,0,0,0,0,0,0,0,0,0,0,0,0,0,0,0,0,0],
[0,0,0,0,0,0,0,0,0,0,0,0,0,0,0,0,0,0,0,0,0,0,0,0,0,0,0,0,0,0,0,0,0,0,0,0,0,0,0,0,0,0,0,0,0,0,0,0,0,0,0,0,0,0,0,38.61,38.61,38.61,38.61,38.61,38.61,38.61,38.61,38.61,38.61,38.61,38.61,38.61,38.61,38.61,38.61,38.62,38.65,38.65,38.69,38.93,38.94,38.94,38.95,38.97,38.90,38.98,38.98,38.98,38.98,38.97,38.95,38.94,38.94,38.91,38.71,38.65,38.65,38.62,38.62,38.62,38.61,38.61,38.61,38.61,38.61,38.61,38.61,38.61,38.61,38.62,38.63,38.28,37.81,37.34,36.87,36.40,35.86,35.86,35.86,35.86,35.86,35.86,35.86,35.86,35.86,35.86,35.86,35.86,35.86,35.86,35.86,35.86,0,0,0,0,0,0,0,0,0,0,0,0,0,0,0,0,0,0,0,0,0,0],
[0,0,0,0,0,0,0,0,0,0,0,0,0,0,0,0,0,0,0,0,0,0,0,0,0,0,0,0,0,0,0,0,0,0,0,0,0,0,0,0,0,0,0,0,0,0,0,0,0,0,0,0,0,0,0,38.61,38.61,38.61,38.61,38.61,38.61,38.61,38.61,38.61,38.61,38.61,38.61,38.61,38.61,38.61,38.61,38.61,38.61,38.61,38.61,38.69,38.77,38.78,38.77,38.76,38.74,38.72,38.71,38.69,38.69,38.69,38.69,38.68,38.67,38.69,38.61,38.61,38.61,38.61,38.61,38.61,38.61,38.61,38.61,38.61,38.61,38.61,38.61,38.61,38.61,38.61,38.65,38.29,37.80,37.33,36.86,36.39,35.86,35.86,35.86,35.86,35.86,35.86,35.86,35.86,35.86,35.86,35.86,35.86,35.86,35.86,35.86,35.86,0,0,0,0,0,0,0,0,0,0,0,0,0,0,0,0,0,0,0,0,0,0],
[0,0,0,0,0,0,0,0,0,0,0,0,0,0,0,0,0,0,0,0,0,0,0,0,0,0,0,0,0,0,0,0,0,0,0,0,0,0,0,0,0,0,0,0,0,0,0,0,0,0,0,0,0,0,0,38.61,38.61,38.61,38.61,38.61,38.61,38.61,38.61,38.61,38.61,38.61,38.61,38.61,38.61,38.61,38.61,38.61,0,0,0,38.61,38.66,38.68,38.68,38.68,38.67,38.67,38.67,38.67,38.67,38.67,38.67,38.67,38.65,38.62,38.61,0,0,38.61,38.61,38.61,38.61,38.61,38.61,38.61,38.61,38.61,38.61,38.61,38.61,38.61,38.66,38.30,37.81,37.32,36.84,36.37,35.86,35.86,35.86,35.86,35.86,35.86,35.86,35.86,35.86,35.86,35.86,35.86,35.86,35.86,35.86,35.86,0,0,0,0,0,0,0,0,0,0,0,0,0,0,0,0,0,0,0,0,0,0],
[0,0,0,0,0,0,0,0,0,0,0,0,0,0,0,0,0,0,0,0,0,0,0,0,0,0,0,0,0,0,0,0,0,0,0,0,0,0,0,0,0,0,0,0,0,0,0,0,0,0,0,0,0,0,0,38.61,38.61,38.61,38.61,38.61,38.61,38.61,38.61,38.61,38.61,38.61,38.61,38.61,38.61,38.61,38.61,38.61,0,0,0,38.61,38.66,38.66,38.65,38.65,38.65,38.65,38.65,38.65,38.65,38.65,38.65,38.65,38.65,38.62,38.61,0,0,38.61,38.61,38.61,38.61,38.61,38.61,38.61,38.61,38.61,38.61,38.61,38.61,38.61,38.65,38.31,37.82,37.33,36.84,36.36,35.86,35.86,35.86,35.86,35.86,35.86,35.86,35.86,35.86,35.86,35.86,35.86,35.86,35.86,35.86,35.86,0,0,0,0,0,0,0,0,0,0,0,0,0,0,0,0,0,0,0,0,0,0],
[0,0,0,0,0,0,0,0,0,0,0,0,0,0,0,0,0,0,0,0,0,0,0,0,0,0,0,0,0,0,0,0,0,0,0,0,0,0,0,0,0,0,0,0,0,0,0,0,0,0,0,0,0,0,0,38.61,38.61,38.61,38.61,38.61,38.61,38.61,38.61,38.61,38.61,38.61,38.61,38.61,38.61,38.61,38.61,38.61,0,0,0,38.61,38.63,38.63,38.63,38.63,38.63,38.63,38.63,38.63,38.63,38.63,38.63,38.63,38.63,38.62,38.61,0,0,38.61,38.61,38.61,38.61,38.61,38.61,38.61,38.61,38.61,38.61,38.61,38.61,38.61,38.64,38.32,37.83,37.34,36.85,36.37,35.86,35.86,35.86,35.86,35.86,35.86,35.86,35.86,35.86,35.86,35.86,35.86,35.86,35.86,35.86,35.86,0,0,0,0,0,0,0,0,0,0,0,0,0,0,0,0,0,0,0,0,0,0],
[0,0,0,0,0,0,0,0,0,0,0,0,0,0,0,0,0,0,0,0,0,0,0,0,0,0,0,0,0,0,0,0,0,0,0,0,0,0,0,0,0,0,0,0,0,0,0,0,0,0,0,0,0,0,0,38.61,38.61,38.61,38.61,38.61,38.61,38.61,38.61,38.61,38.61,38.61,38.61,38.61,38.61,38.61,38.61,38.61,38.61,38.61,38.61,38.61,38.61,38.61,38.61,38.61,38.61,38.61,38.61,38.61,38.61,38.61,38.61,38.61,38.61,38.61,38.61,38.61,38.61,38.61,38.61,38.61,38.61,38.61,38.61,38.61,38.61,38.61,38.61,38.61,38.61,38.61,38.62,38.33,37.84,37.36,36.88,36.40,35.86,35.86,35.86,35.86,35.86,35.86,35.86,35.86,35.86,35.86,35.86,35.86,35.86,35.86,35.86,35.86,0,0,0,0,0,0,0,0,0,0,0,0,0,0,0,0,0,0,0,0,0,0],
[0,0,0,0,0,0,0,0,0,0,0,0,0,0,0,0,0,0,0,0,0,0,0,0,0,0,0,0,0,0,0,0,0,0,0,0,0,0,0,0,0,0,0,0,0,0,0,0,0,0,0,0,0,0,0,38.61,38.61,38.61,38.61,38.61,38.61,38.61,38.61,38.61,38.61,38.61,38.61,38.61,38.61,38.61,38.61,38.61,38.61,38.61,38.61,38.61,38.61,38.61,38.61,38.61,38.61,38.61,38.61,38.61,38.61,38.61,38.61,38.61,38.61,38.61,38.61,38.61,38.61,38.61,38.61,38.61,38.61,38.61,38.61,38.61,38.61,38.61,38.61,38.61,38.61,38.61,38.61,38.35,37.87,37.38,36.90,36.42,35.86,35.86,35.86,35.86,35.86,35.86,35.86,35.86,35.86,35.86,35.86,35.86,35.86,35.86,35.86,35.86,0,0,0,0,0,0,0,0,0,0,0,0,0,0,0,0,0,0,0,0,0,0],
[0,0,0,0,0,0,0,0,0,0,0,0,0,0,0,0,0,0,0,0,0,0,0,0,0,0,0,0,0,0,0,0,0,0,0,0,0,0,0,0,0,0,0,0,0,0,0,0,0,0,0,0,0,0,0,0,38.61,38.61,38.61,38.61,38.61,38.61,38.61,38.61,38.61,38.61,38.61,38.61,38.61,38.61,38.61,38.61,38.61,38.61,38.61,38.61,38.61,38.61,38.61,38.61,38.61,38.61,38.61,38.61,38.61,38.61,38.61,38.61,38.61,38.61,38.61,38.61,38.61,38.61,38.61,38.61,38.61,38.61,38.61,38.61,38.61,38.61,38.61,38.61,38.61,38.61,0,0,0,0,0,0,35.86,35.86,35.86,35.86,35.86,35.86,35.86,35.86,35.86,35.86,35.86,35.86,35.86,35.86,35.86,35.86,0,0,0,0,0,0,0,0,0,0,0,0,0,0,0,0,0,0,0,0,0,0],
[0,0,0,0,0,0,0,0,0,0,0,0,0,0,0,0,0,0,0,0,0,0,0,0,0,0,0,0,0,0,0,0,0,0,0,0,0,0,0,0,0,0,0,0,0,0,0,0,0,0,0,0,0,0,0,0,0,38.61,38.61,38.61,38.61,38.61,38.61,38.61,38.61,38.61,38.61,38.61,38.61,38.61,38.61,38.61,38.61,38.61,38.61,38.61,38.61,38.61,38.61,38.61,38.61,38.61,38.61,38.61,38.61,38.61,38.61,38.61,38.61,38.61,38.61,38.61,38.61,38.61,38.61,38.61,38.61,38.61,38.61,38.61,38.61,38.61,38.61,38.61,38.61,38.61,0,0,0,0,0,0,35.86,35.86,35.86,35.86,35.86,35.86,35.86,35.86,35.86,35.86,35.86,35.86,35.86,35.86,35.86,35.86,0,0,0,0,0,0,0,0,0,0,0,0,0,0,0,0,0,0,0,0,0,0],
[0,0,0,0,0,0,0,0,0,0,0,0,0,0,0,0,0,0,0,0,0,0,0,0,0,0,0,0,0,0,0,0,0,38.61,38.61,38.61,38.61,38.61,38.61,38.61,38.61,38.61,38.61,38.61,38.61,38.61,38.61,38.61,38.61,38.61,38.61,0,0,0,0,0,38.61,38.61,38.61,38.61,38.61,38.61,38.61,38.61,38.61,38.61,38.61,38.61,38.61,38.61,38.61,38.61,38.61,38.61,38.61,38.61,38.61,38.61,38.61,38.61,38.61,38.61,38.61,38.61,38.61,38.61,38.61,38.61,38.61,38.61,38.61,38.61,38.61,38.61,38.61,38.61,38.61,38.61,38.61,38.61,38.61,38.61,38.61,38.61,38.61,38.61,0,0,0,0,0,0,35.86,35.86,35.86,35.86,35.86,35.86,35.86,35.86,35.86,35.86,35.86,35.86,35.86,35.86,35.86,35.86,0,0,0,0,0,0,0,0,0,0,0,0,0,0,0,0,0,0,0,0,0,0],
[0,0,0,0,0,0,0,0,0,0,0,0,0,0,0,0,0,0,0,0,0,0,0,0,0,0,0,0,0,0,0,0,0,38.72,38.71,38.70,38.69,38.69,38.69,38.69,38.69,38.69,38.69,38.69,38.69,38.69,38.69,38.69,38.70,38.69,38.67,0,0,0,0,38.61,38.61,38.61,38.61,38.61,38.61,38.61,38.61,38.61,38.61,38.61,38.61,38.61,38.61,38.61,38.61,38.61,38.61,38.61,38.61,38.61,38.61,38.61,38.61,38.61,38.61,38.61,38.61,38.61,38.61,38.61,38.61,38.61,38.61,38.61,38.61,38.61,38.61,38.61,38.61,38.61,38.61,38.61,38.61,38.61,38.61,38.61,38.61,38.61,38.61,38.61,0,0,0,35.86,35.86,35.86,35.86,35.86,35.86,35.86,35.86,35.86,35.86,35.86,35.86,35.86,35.86,35.86,35.86,35.86,35.86,35.86,0,0,0,0,0,0,0,0,0,0,0,0,0,0,0,0,0,0,0,0,0,0],
[0,0,0,0,0,0,0,0,0,0,0,0,0,0,0,0,0,0,0,0,0,0,0,0,0,0,0,0,0,0,0,0,0,38.93,38.88,38.91,38.90,38.89,38.89,38.88,38.87,38.86,38.86,38.87,38.88,38.89,38.89,38.89,38.87,38.84,38.80,0,0,0,0,38.61,38.61,38.61,38.61,38.61,38.61,38.61,38.61,38.61,38.61,38.61,38.61,38.61,38.61,38.61,38.61,38.61,38.61,38.61,38.61,38.61,38.61,38.61,38.61,38.61,38.61,38.61,38.61,38.61,38.61,38.61,38.61,38.61,38.61,38.61,38.61,38.61,38.61,38.61,38.61,38.61,38.61,38.61,38.61,38.61,38.61,38.61,38.61,38.61,38.61,38.61,0,0,35.86,35.86,35.86,35.86,35.86,35.86,35.86,35.86,35.86,35.86,35.86,35.86,35.86,35.86,35.86,35.86,35.86,35.86,35.86,35.86,0,0,0,0,0,0,0,0,0,0,0,0,0,0,0,0,0,0,0,0,0,0],
[0,0,0,0,0,0,0,0,0,0,0,0,0,0,0,0,0,0,0,0,0,0,0,0,0,0,0,0,0,0,0,0,0,39.14,39.12,39.12,39.11,39.10,39.09,39.08,39.07,39.07,39.06,39.05,39.06,39.08,39.03,39.03,39.03,38.99,38.87,0,0,0,0,38.61,38.61,38.61,38.61,38.61,38.61,38.61,38.61,38.61,38.61,38.61,38.61,38.61,38.61,38.61,38.61,38.61,38.61,38.61,38.61,38.61,38.61,38.61,38.61,38.61,38.61,38.61,38.61,38.61,38.61,38.61,38.61,38.61,38.61,38.61,38.61,38.61,38.61,38.61,38.61,38.61,38.61,38.61,38.61,38.61,38.61,38.61,38.61,38.61,38.61,0,0,0,35.86,35.86,35.86,35.86,35.86,35.86,35.86,35.86,35.86,35.86,35.86,35.86,35.86,35.86,35.86,35.86,35.86,35.86,35.86,35.86,0,0,0,0,0,0,0,0,0,0,0,0,0,0,0,0,0,0,0,0,0,0],
[0,0,0,0,0,0,0,0,0,0,0,0,0,0,0,0,0,0,0,0,0,0,0,0,0,0,0,0,0,0,0,0,0,39.13,39.11,39.10,39.11,39.11,39.11,39.11,39.11,39.11,39.11,39.11,39.11,39.11,39.11,0,39.03,39.00,38.88,0,0,0,0,38.61,38.61,38.61,38.61,38.61,38.61,38.61,38.61,38.61,38.61,38.61,38.61,38.61,38.61,38.61,38.61,38.61,38.61,38.61,38.61,38.61,38.61,38.61,38.61,38.61,38.61,38.61,38.61,38.61,38.61,38.61,38.61,38.61,38.61,38.61,38.61,38.61,38.61,38.61,38.61,38.61,38.61,38.61,38.61,38.61,38.61,38.61,38.61,0,0,0,0,0,35.86,35.86,35.86,35.86,35.86,35.86,35.86,35.86,35.86,35.86,35.86,35.86,35.86,35.86,35.86,35.86,35.86,35.86,35.86,35.86,0,0,0,0,0,0,0,0,0,0,0,0,0,0,0,0,0,0,0,0,0,0],
[0,0,0,0,0,0,0,0,0,0,0,0,0,0,0,0,0,0,0,0,0,0,0,0,0,0,0,0,0,0,0,0,0,39.11,39.11,39.11,39.11,39.11,39.11,39.11,39.11,39.11,39.11,39.11,39.11,39.11,39.11,0,39.03,39.01,38.90,0,0,0,0,38.61,38.61,38.61,38.61,38.61,38.61,38.61,38.61,38.61,38.61,38.61,38.61,38.61,38.61,38.61,38.61,38.61,38.61,38.61,38.61,38.61,38.61,38.61,38.61,38.61,38.61,38.61,38.61,38.61,38.61,38.61,38.61,38.61,38.61,38.61,38.61,38.61,38.61,38.61,38.61,38.61,38.61,38.61,38.61,38.61,38.61,38.61,38.61,38.61,0,0,0,0,35.86,35.86,35.86,35.86,35.86,35.86,35.86,35.86,35.86,35.86,35.86,35.86,35.86,35.86,35.86,35.86,35.86,35.86,35.86,35.86,0,0,0,0,0,0,0,0,0,0,0,0,0,0,0,0,0,0,0,0,0,0],
[0,0,0,0,0,0,0,0,0,0,0,0,0,0,0,0,0,0,0,0,0,0,0,0,0,0,0,0,0,0,0,39.11,39.11,39.11,39.11,39.11,39.11,39.11,39.11,39.11,39.11,39.11,39.11,39.11,39.11,39.11,39.11,39.11,39.11,39.01,38.91,0,0,0,0,38.61,38.61,38.61,38.61,38.61,38.61,38.61,38.61,38.61,38.61,38.61,38.61,38.61,38.61,38.61,38.61,38.61,38.61,38.61,38.61,38.61,38.61,38.61,38.61,38.61,38.61,38.61,38.61,38.61,38.61,38.61,38.61,38.61,38.61,38.61,38.61,38.61,38.61,38.61,38.61,38.61,38.61,38.61,38.61,38.61,38.61,38.61,38.61,38.61,0,0,0,0,35.86,35.86,35.86,35.86,35.86,35.86,35.86,35.86,35.86,35.86,35.86,35.86,35.86,35.86,35.86,35.86,35.86,35.86,35.86,35.86,0,0,0,0,0,0,0,0,0,0,0,0,0,0,0,0,0,0,0,0,0,0],
[0,0,0,0,0,0,0,0,0,0,0,0,0,0,0,0,0,0,0,0,0,0,0,0,0,0,0,0,0,0,39.11,39.11,39.11,39.11,39.11,39.11,39.11,39.11,39.11,39.11,39.11,39.11,39.11,39.11,39.11,39.11,39.11,39.11,39.11,39.01,38.93,0,0,0,0,38.61,38.61,38.61,38.61,38.61,38.61,38.61,38.61,38.61,38.61,38.61,38.61,38.61,38.61,38.61,38.61,38.61,38.61,38.61,38.61,38.61,38.61,38.61,38.61,38.61,38.61,38.61,38.61,38.61,38.61,38.61,38.61,38.61,38.61,38.61,38.61,38.61,38.61,38.61,38.61,38.61,38.61,38.61,38.61,38.61,38.61,38.61,38.61,38.61,38.61,0,0,0,35.86,35.86,35.86,35.86,35.86,35.86,35.86,35.86,35.86,35.86,35.86,35.86,35.86,35.86,35.86,35.86,35.86,35.86,35.86,35.86,0,0,0,0,0,0,0,0,0,0,0,0,0,0,0,0,0,0,0,0,0,0],
[0,0,0,0,0,0,0,0,0,0,0,0,0,0,0,0,0,0,0,0,0,0,0,0,0,0,0,0,0,39.11,39.11,39.11,39.11,39.11,39.11,39.11,39.11,39.11,39.11,39.11,39.11,39.11,39.11,39.12,39.12,39.11,39.11,39.11,39.11,39.02,38.94,0,0,0,0,38.61,38.61,38.61,38.61,38.61,38.61,38.61,38.61,38.61,38.61,38.61,38.61,38.61,38.61,38.61,38.61,38.61,38.61,38.61,38.61,38.61,38.61,38.61,38.61,38.61,38.61,38.61,38.61,38.61,38.61,38.61,38.61,38.61,38.61,38.61,38.61,38.61,38.61,38.61,38.61,38.61,38.61,38.61,38.61,38.61,38.61,38.61,38.61,38.61,38.61,0,0,0,35.86,35.86,35.86,35.86,35.86,35.86,35.86,35.86,35.86,35.86,35.86,35.86,35.86,35.86,35.86,35.86,35.86,35.86,35.86,35.86,0,0,0,0,0,0,0,0,0,0,0,0,0,0,0,0,0,0,0,0,0,0],
[0,0,0,0,0,0,0,0,0,0,0,0,0,0,0,0,0,0,0,0,0,0,0,0,0,0,0,0,0,39.11,39.11,39.11,39.11,39.11,39.11,39.11,39.11,39.11,39.11,39.11,39.11,39.11,39.12,39.13,39.13,39.11,39.11,39.11,39.11,39.03,38.93,0,0,0,0,38.61,38.61,38.61,38.61,38.61,38.61,38.61,38.61,38.61,38.61,38.61,38.61,38.61,38.61,38.61,38.61,38.61,38.61,38.61,38.61,38.61,38.61,38.61,38.61,38.61,38.61,38.61,38.61,38.61,38.61,38.61,38.61,38.61,38.61,38.61,38.61,38.61,38.61,38.61,38.61,38.61,38.61,38.61,38.61,38.61,38.61,38.61,38.61,38.61,38.61,0,0,0,35.86,35.86,35.86,35.86,35.86,35.86,35.86,35.86,35.86,35.86,35.86,35.86,35.86,35.86,35.86,35.86,35.86,35.86,35.86,35.86,0,0,0,0,0,0,0,0,0,0,0,0,0,0,0,0,0,0,0,0,0,0],
[0,0,0,0,0,0,0,0,0,0,0,0,0,0,0,0,0,0,0,0,0,0,0,0,0,0,0,0,0,39.11,39.11,39.11,39.11,39.11,39.11,39.11,39.11,39.11,39.11,39.11,39.12,39.12,39.13,39.14,39.14,39.11,39.11,39.11,39.11,39.04,38.92,0,0,0,0,38.61,38.61,38.61,38.61,38.61,38.61,38.61,38.61,38.61,38.61,38.61,38.61,38.61,38.61,38.61,38.61,38.61,38.61,38.61,38.61,38.61,38.61,38.61,38.61,38.61,38.61,38.61,38.61,38.61,38.61,38.61,38.61,38.61,38.61,38.61,38.61,38.61,38.61,38.61,38.61,38.61,38.61,38.61,38.61,38.61,38.61,38.61,38.61,38.61,38.61,0,0,0,35.86,35.86,35.86,35.86,35.86,35.86,35.86,35.86,35.86,35.86,35.86,35.86,35.86,35.86,35.86,35.86,35.86,35.86,35.86,35.86,35.86,35.86,35.86,35.86,35.86,35.86,35.86,35.86,35.86,35.86,35.86,35.86,35.86,35.86,35.86,35.86,35.86,35.86,35.86,35.86,0,0],
[0,0,0,0,0,0,0,0,0,0,0,0,0,0,0,0,0,0,0,0,0,0,0,0,0,0,0,0,0,39.11,39.11,39.11,39.11,39.11,39.11,39.11,39.11,39.11,39.12,39.12,39.13,39.13,39.14,39.15,39.14,39.11,39.11,39.11,39.11,39.04,38.90,0,0,0,0,0,0,38.61,38.61,38.61,38.61,38.61,38.61,38.61,38.61,38.61,38.61,38.61,38.61,38.61,38.61,38.61,38.61,38.61,38.61,38.61,38.61,38.61,38.61,38.61,38.61,38.61,38.61,38.61,38.61,38.61,38.61,38.61,38.61,38.61,38.61,38.61,38.61,38.61,38.61,38.61,38.61,38.61,38.61,38.61,38.61,38.61,38.61,38.61,38.61,0,0,0,35.86,35.86,35.86,35.86,35.86,35.86,35.86,35.86,35.86,35.86,35.86,35.86,35.86,35.86,35.86,35.86,35.86,35.86,35.86,35.86,35.86,35.86,35.86,35.86,35.86,35.86,35.86,35.86,35.86,35.86,35.86,35.86,35.86,35.86,35.86,35.86,35.86,35.86,35.86,35.86,0,0],
[0,0,0,0,0,0,0,0,0,0,0,0,0,0,0,0,0,0,0,0,0,0,0,0,0,0,0,0,0,39.11,39.11,39.11,39.11,39.11,39.11,39.11,39.11,39.12,39.13,39.13,39.14,39.14,39.15,39.16,39.14,39.11,39.11,39.11,39.11,38.96,38.89,0,0,0,0,0,0,38.61,38.61,38.61,38.61,38.61,38.61,38.61,38.61,38.61,38.61,38.61,38.61,38.61,38.61,38.61,38.61,38.61,38.61,38.61,38.61,38.61,38.61,38.61,38.61,38.61,38.61,38.61,38.61,38.61,38.61,38.61,38.61,38.61,38.61,38.61,38.61,38.61,38.61,38.61,38.61,38.61,38.61,38.61,38.61,38.61,38.61,38.61,38.61,0,0,0,35.86,35.86,35.86,35.86,35.86,35.86,35.86,35.86,35.86,35.86,35.86,35.86,35.86,35.86,35.86,35.86,35.86,35.86,35.86,35.86,35.86,35.86,35.86,35.86,35.86,35.86,35.86,35.86,35.86,35.86,35.86,35.86,35.86,35.86,35.86,35.86,35.86,35.86,35.86,35.86,0,0],
[0,0,0,0,0,0,0,0,0,0,0,0,0,0,0,0,0,0,0,0,0,0,0,0,0,0,0,0,0,39.11,39.11,39.11,39.11,39.11,39.11,39.12,39.12,39.13,39.14,39.14,39.15,39.15,39.16,39.16,39.14,39.11,39.11,39.11,39.11,38.91,38.88,0,0,0,0,0,38.61,38.61,38.61,38.61,38.61,38.61,38.61,38.61,38.61,38.61,38.61,38.61,38.61,38.61,38.61,38.61,38.61,38.61,38.61,38.61,38.61,38.61,38.61,38.61,38.61,38.61,38.61,38.61,38.61,38.61,38.61,38.61,38.61,38.61,38.61,38.61,38.61,38.61,38.61,38.61,38.61,38.61,38.61,38.61,38.61,38.61,38.61,38.61,38.61,0,0,0,35.86,35.86,35.86,35.86,35.86,35.86,35.86,35.86,35.86,35.86,35.86,35.86,35.86,35.86,35.86,35.86,35.86,35.86,35.86,35.86,35.86,35.86,35.86,35.86,35.86,35.86,35.86,35.86,35.86,35.86,35.86,35.86,35.86,35.86,35.86,35.86,35.86,35.86,35.86,35.86,0,0],
[0,0,0,0,0,0,0,0,0,0,0,0,0,0,0,0,0,0,0,0,0,0,0,0,0,0,0,0,0,39.11,39.11,39.11,39.11,39.12,39.12,39.13,39.13,39.14,39.15,39.15,39.16,39.16,39.17,39.16,39.14,39.11,39.11,39.11,39.11,38.86,38.86,0,0,0,0,0,38.61,38.61,38.61,38.61,38.61,38.61,38.61,38.61,38.61,38.61,38.61,38.61,38.61,38.61,38.61,38.61,38.61,38.61,38.61,38.61,38.61,38.61,38.61,38.61,38.61,38.61,38.61,38.61,38.61,38.61,38.61,38.61,38.61,38.61,38.61,38.61,38.61,38.61,38.61,38.61,38.61,38.61,38.61,38.61,38.61,38.61,38.61,38.61,38.61,0,0,0,35.86,35.86,35.86,35.86,35.86,35.86,35.86,35.86,35.86,35.86,35.86,35.86,35.86,35.86,35.86,35.86,35.86,35.86,35.86,35.86,35.86,35.86,35.86,35.86,35.86,35.86,35.86,35.86,35.86,35.86,35.86,35.86,35.86,35.86,35.86,35.86,35.86,35.86,35.86,35.86,0,0],
[0,0,0,0,0,0,0,0,0,0,0,0,0,0,0,0,0,0,0,0,0,0,0,0,0,0,0,0,0,0,0,0,39.11,39.12,39.13,39.14,39.14,39.15,39.15,39.16,39.17,39.17,39.18,39.16,39.14,39.12,39.11,0,39.03,38.97,38.86,0,0,0,0,0,38.61,38.61,38.61,38.61,38.61,38.61,38.61,38.61,38.61,38.61,38.61,38.61,38.61,38.61,38.61,38.61,38.61,38.61,38.61,38.61,38.61,38.61,38.61,38.61,38.61,38.61,38.61,38.61,38.61,38.61,38.61,38.61,38.61,38.61,38.61,38.61,38.61,38.61,38.61,38.61,38.61,38.61,38.61,38.61,38.61,38.61,38.61,38.61,38.61,0,0,0,35.86,35.86,35.86,35.86,35.86,35.86,35.86,35.86,35.86,35.86,35.86,35.86,35.86,35.86,35.86,35.86,35.86,35.86,35.86,35.86,35.86,35.86,35.86,35.86,35.86,35.86,35.86,35.86,35.86,35.86,35.86,35.86,35.86,35.86,35.86,35.86,35.86,35.86,35.86,35.86,0,0],
[0,0,0,0,0,0,0,0,0,0,0,0,0,0,0,0,0,0,0,0,0,0,0,0,0,0,0,0,0,0,0,0,39.11,39.12,39.13,39.14,39.14,39.15,39.16,39.17,39.18,39.18,39.18,39.16,39.15,39.12,39.11,0,39.03,38.98,38.86,0,0,0,0,0,38.61,38.61,38.61,38.61,38.61,38.61,38.61,38.61,38.61,38.61,38.61,38.61,38.61,38.61,38.61,38.61,38.61,38.61,38.61,38.61,38.61,38.61,38.61,38.61,38.61,38.61,38.61,38.61,38.61,38.61,38.61,38.61,38.61,38.61,38.61,38.61,38.61,38.61,38.61,38.61,38.61,38.61,38.61,38.61,38.61,38.61,38.61,38.61,38.61,0,0,0,35.86,35.86,35.86,35.86,35.86,35.86,35.86,35.86,35.86,35.86,35.86,35.86,35.86,35.86,35.86,35.86,35.86,35.86,35.86,35.86,35.86,35.86,35.86,35.86,35.86,35.86,35.86,35.86,35.86,35.86,35.86,35.86,35.86,35.86,35.86,35.86,35.86,35.86,35.86,35.86,0,0],
[0,0,0,0,0,0,0,0,0,0,0,0,0,0,0,0,0,0,0,0,0,0,0,0,0,0,0,0,0,38.87,39.03,39.07,39.11,39.10,39.11,39.12,39.13,39.14,39.16,39.17,39.18,39.19,39.19,39.19,39.13,39.08,39.11,39.11,39.11,38.97,38.88,0,0,0,0,0,38.61,38.61,38.61,38.61,38.61,38.61,38.61,38.61,38.61,38.61,38.61,38.61,38.61,38.61,38.61,38.61,38.61,38.61,38.61,38.61,38.61,38.61,38.61,38.61,38.61,38.61,38.61,38.61,38.61,38.61,38.61,38.61,38.61,38.61,38.61,38.61,38.61,38.61,38.61,38.61,38.61,38.61,38.61,38.61,38.61,38.61,38.61,38.61,38.61,0,0,0,0,35.86,35.86,35.86,35.86,35.86,35.86,35.86,35.86,35.86,35.86,35.86,35.86,35.86,35.86,35.86,35.86,35.86,35.86,35.86,35.86,35.86,35.86,35.86,35.86,35.86,35.86,35.86,35.86,35.86,35.86,35.86,35.86,35.86,35.86,35.86,35.86,35.86,35.86,35.86,0,0],
[0,0,0,0,0,0,0,0,0,0,0,0,0,0,0,0,0,0,0,0,0,0,0,0,0,0,0,0,0,38.77,38.84,38.95,39.01,39.00,39.00,39.01,39.02,39.03,39.04,39.05,39.06,39.06,39.06,39.03,38.96,39.00,39.00,39.00,39.02,39.01,38.95,38.94,0,0,0,0,38.61,38.61,38.61,38.61,38.61,38.61,38.61,38.61,38.61,38.61,38.61,38.61,38.61,38.61,38.61,38.61,38.61,38.61,38.61,38.61,38.61,38.61,38.61,38.61,38.61,38.61,38.61,38.61,38.61,38.61,38.61,38.61,38.61,38.61,38.61,38.61,38.61,38.61,38.61,38.61,38.61,38.61,38.61,38.61,38.61,38.61,38.61,38.61,0,0,0,0,0,0,35.86,35.86,35.86,35.86,35.86,35.86,35.86,35.86,35.86,35.86,35.86,35.86,35.86,35.86,35.86,35.86,35.86,35.86,35.86,35.86,35.86,35.86,35.86,35.86,35.86,35.86,35.86,35.86,35.86,35.86,35.86,35.86,35.86,35.86,35.86,35.86,35.86,35.86,0,0],
[0,0,0,0,0,0,0,0,0,0,0,0,0,0,0,0,0,0,0,0,0,0,0,0,0,0,0,0,0,38.71,38.79,38.87,38.89,38.87,38.89,38.89,38.90,38.91,38.92,38.93,38.92,38.92,38.93,38.86,38.86,38.86,38.89,38.91,38.90,38.89,38.85,38.80,0,0,0,0,38.61,38.61,38.61,38.61,38.61,38.61,38.61,38.61,38.61,38.61,38.61,38.61,38.61,38.61,38.61,38.61,38.61,38.61,38.61,38.61,38.61,38.61,38.61,38.61,38.61,38.61,38.61,38.61,38.61,38.61,38.61,38.61,38.61,38.61,38.61,38.61,38.61,38.61,38.61,38.61,38.61,38.61,38.61,38.61,38.61,38.61,38.61,0,0,0,0,0,0,0,0,35.86,35.86,35.86,35.86,35.86,35.86,35.86,35.86,35.86,35.86,35.86,35.86,35.86,35.86,35.86,35.86,35.86,35.86,35.86,35.86,35.86,35.86,35.86,35.86,35.86,35.86,35.86,35.86,35.86,35.86,35.86,35.86,35.86,35.86,35.86,35.86,35.86,0,0],
[0,0,0,0,0,0,0,0,0,0,0,0,38.61,38.61,38.61,0,0,0,0,0,0,0,0,0,0,0,0,0,0,38.66,38.73,38.75,38.77,38.81,38.80,38.79,38.79,38.80,38.80,38.79,38.79,38.79,38.76,38.73,38.73,38.78,38.80,38.78,38.74,38.70,38.66,38.62,38.61,0,0,0,38.61,38.61,38.61,38.61,38.61,38.61,38.61,38.61,38.61,38.61,38.61,38.61,38.61,38.61,38.61,38.61,38.61,38.61,38.61,38.61,38.61,38.61,38.61,38.61,38.61,38.61,38.61,38.61,38.61,38.61,38.61,38.61,38.61,38.61,38.61,38.61,38.61,38.61,38.61,38.61,38.61,38.61,38.61,38.61,38.61,38.61,38.61,38.61,38.61,0,0,0,0,0,0,0,35.86,35.86,35.86,35.86,35.86,35.86,35.86,35.86,35.86,35.86,35.86,35.86,35.86,35.86,35.86,35.86,35.86,35.86,35.86,35.86,35.86,35.86,35.86,35.86,35.86,35.86,35.86,35.86,35.86,35.86,35.86,35.86,35.86,35.86,35.86,35.86,0,0],
[0,0,0,0,0,0,0,0,0,0,0,0,38.61,38.61,38.61,38.61,38.61,38.61,38.61,38.61,38.61,38.61,38.61,38.61,38.61,38.61,38.61,38.61,38.61,38.61,38.63,38.66,38.68,38.71,38.69,38.70,38.69,38.69,38.68,38.68,38.68,38.68,38.67,38.68,38.69,38.69,38.67,38.66,38.65,38.64,38.63,38.61,38.61,0,0,0,38.61,38.61,38.61,38.61,38.61,38.61,38.61,38.61,38.61,38.61,38.61,38.61,38.61,38.61,38.61,38.61,38.61,38.61,38.61,38.61,38.61,38.61,38.61,38.61,38.61,38.61,38.61,38.61,38.61,38.61,38.61,38.61,38.61,38.61,38.61,38.61,38.61,38.61,38.61,38.61,38.61,38.61,38.61,38.61,38.61,38.61,38.61,38.61,38.61,0,0,0,0,0,0,0,0,0,0,0,0,0,36.12,35.86,35.86,35.86,35.86,35.86,35.86,36.14,0,0,35.86,35.86,35.86,35.86,35.86,35.86,35.86,35.86,35.86,35.86,35.86,35.86,35.86,35.86,35.86,35.86,35.86,35.86,35.86,35.86,0,0],
[0,0,0,0,0,0,0,0,0,0,0,38.61,38.61,38.61,38.61,38.61,38.61,38.61,38.61,38.61,38.61,38.61,38.61,38.61,38.61,38.61,38.61,38.61,38.61,38.61,38.62,38.65,38.68,38.69,38.65,38.65,38.65,38.65,38.64,38.64,38.65,38.65,38.66,38.67,38.68,38.68,38.67,38.66,38.65,38.64,38.63,38.61,38.61,0,0,0,38.61,38.61,38.61,38.61,38.61,38.61,38.61,38.61,38.61,38.61,38.61,38.61,38.61,38.61,38.61,38.61,38.61,38.61,38.61,38.61,38.61,38.61,38.61,38.61,38.61,38.61,38.61,38.61,38.61,38.61,38.61,38.61,38.61,38.61,38.61,38.61,38.61,38.61,38.61,38.61,38.61,38.61,38.61,38.61,38.61,38.61,38.61,38.61,38.61,0,0,0,0,0,0,0,0,0,0,0,0,0,36.63,36.62,36.61,36.61,36.61,36.61,36.61,36.64,0,0,35.86,35.86,35.86,35.86,35.86,35.86,35.86,35.86,35.86,35.86,35.86,35.86,35.86,35.86,35.86,35.86,35.86,35.86,35.86,35.86,0,0],
[0,0,0,0,0,0,0,0,0,0,38.61,38.61,38.61,38.61,38.61,38.61,38.61,38.61,38.61,38.61,38.61,38.61,38.61,38.61,38.61,38.61,38.61,38.61,38.61,38.61,38.62,38.65,38.68,38.69,38.65,38.61,38.61,38.61,38.61,38.62,38.63,38.64,38.66,38.67,38.67,38.67,38.67,38.66,38.65,38.64,38.63,38.61,38.61,0,0,0,38.61,38.61,38.61,38.61,38.61,38.61,38.61,38.61,38.61,38.61,38.61,38.61,38.61,38.61,38.61,38.61,38.61,38.61,38.61,38.61,38.61,38.64,38.71,38.65,38.67,38.67,38.68,38.68,38.68,38.68,38.68,38.67,38.61,38.61,38.61,38.61,38.61,38.61,38.61,38.61,38.61,38.61,38.61,38.61,38.61,38.61,38.61,38.61,38.61,0,0,0,0,0,0,0,0,0,0,0,0,0,37.14,37.13,37.12,37.11,37.10,37.11,37.11,37.13,0,0,0,35.86,35.86,35.86,35.86,35.86,35.86,35.86,35.86,35.86,35.86,35.86,35.86,35.86,35.86,35.86,35.86,35.86,35.86,35.86,0,0],
[0,0,0,0,0,0,0,0,0,38.61,38.61,38.61,38.61,38.61,38.61,38.61,38.61,38.61,38.61,38.61,38.61,38.61,38.61,38.61,38.61,38.61,38.61,38.61,38.61,38.61,38.62,38.64,38.67,38.68,38.65,38.61,0,0,38.61,38.61,38.63,38.64,38.65,38.66,38.66,38.66,38.66,38.66,38.65,38.64,38.63,38.61,38.61,0,0,0,0,0,0,38.61,38.61,38.61,38.61,38.61,38.61,38.61,38.61,38.61,38.61,38.61,38.61,38.61,0,0,0,0,0,0,39.06,39.06,38.87,38.91,39.08,38.88,39.10,39.08,39.03,38.81,0,0,0,0,0,38.61,38.61,38.61,38.61,38.61,38.61,38.61,38.61,38.61,38.61,38.61,38.61,0,0,0,0,0,0,0,0,0,0,0,0,0,37.65,37.64,37.63,37.62,37.61,37.61,37.61,37.63,0,0,0,0,0,35.86,35.86,35.86,35.86,35.86,35.86,35.86,35.86,35.86,35.86,35.86,35.86,35.86,35.86,35.86,35.86,35.86,0,0],
[0,0,0,0,0,0,0,38.61,38.61,38.61,38.61,38.61,38.61,38.61,38.61,38.61,38.61,38.61,38.61,38.61,38.61,38.61,38.61,38.61,38.61,38.61,38.61,38.61,38.61,38.61,38.61,38.64,38.67,38.68,38.65,38.61,0,0,38.61,38.61,38.63,38.64,38.64,38.64,38.65,38.65,38.65,38.66,38.65,38.64,38.63,38.61,38.61,0,0,0,0,0,0,38.61,38.61,38.61,38.61,38.61,38.61,38.61,38.61,38.61,38.61,38.61,38.61,38.61,0,0,0,0,0,0,39.18,39.17,39.16,39.14,39.13,39.11,39.11,39.11,39.11,0,0,0,0,0,0,38.61,38.61,38.61,38.61,38.61,38.61,38.61,38.61,38.61,38.61,38.61,38.61,0,0,0,0,0,0,0,0,0,0,0,0,0,38.16,38.15,38.15,38.14,38.13,38.12,38.11,38.13,0,0,0,0,0,0,35.86,35.86,35.86,35.86,35.86,35.86,35.86,35.86,35.86,35.86,35.86,35.86,35.86,35.86,35.86,35.86,0,0],
[0,0,0,0,0,0,0,38.61,38.61,38.61,38.61,38.61,38.61,38.61,38.61,38.61,38.61,38.61,38.61,38.61,38.61,38.61,38.61,38.61,38.61,38.61,38.61,38.61,38.61,38.61,38.61,38.63,38.66,38.67,38.65,38.61,0,0,38.61,38.61,38.62,38.63,38.63,38.63,38.63,38.64,38.64,38.64,38.65,38.64,38.63,38.61,38.61,0,0,0,0,0,0,38.61,38.61,38.61,38.61,38.61,38.61,38.61,38.61,38.61,38.61,38.61,38.61,38.61,0,0,0,0,0,0,39.14,39.13,39.11,39.11,39.11,39.11,39.11,39.11,39.11,0,0,0,0,0,0,38.61,38.61,38.61,38.61,38.61,38.61,38.61,38.61,38.61,38.61,38.61,38.61,0,0,0,0,0,0,0,0,0,0,0,0,0,38.61,38.63,38.64,38.65,38.64,38.63,38.47,38.54,0,0,0,0,0,0,35.86,35.86,35.86,35.86,35.86,35.86,35.86,35.86,35.86,35.86,35.86,35.86,35.86,35.86,35.86,35.86,0,0],
[0,0,0,0,0,0,38.77,38.70,38.61,38.61,38.61,38.61,38.61,38.61,38.61,38.61,38.61,38.61,38.61,38.61,38.61,38.61,38.61,38.61,38.61,38.61,38.61,38.61,38.61,38.61,38.61,38.63,38.66,38.67,38.66,38.61,38.61,38.61,38.61,38.61,38.61,38.61,38.62,38.62,38.62,38.63,38.63,38.63,38.63,38.64,38.63,38.61,38.61,0,0,0,0,38.61,38.61,38.61,38.61,38.61,38.61,38.61,38.61,38.61,38.61,38.61,38.61,38.61,38.61,38.62,38.64,38.67,38.69,38.94,39.19,39.15,39.11,39.11,39.11,39.11,39.11,39.11,39.11,39.11,39.11,39.15,39.19,38.95,38.69,38.66,38.64,38.61,38.61,38.61,38.61,38.61,38.61,38.61,38.61,38.61,38.61,38.61,38.61,0,0,0,0,0,0,0,0,0,0,0,0,0,38.61,38.63,38.64,38.66,38.67,38.69,38.69,38.69,0,0,0,0,0,35.86,35.86,35.86,35.86,35.86,35.86,35.86,35.86,35.86,35.86,35.86,35.86,35.86,35.86,35.86,35.86,35.86,0,0],
[0,0,0,0,0,38.86,38.83,38.75,38.61,38.61,38.61,38.61,38.61,38.61,38.61,38.61,38.61,38.61,38.61,38.61,38.61,38.61,38.61,38.61,38.61,38.61,38.61,38.61,38.61,38.61,38.61,38.63,38.65,38.66,38.66,38.61,38.61,38.61,38.61,38.61,38.61,38.61,38.61,38.61,38.61,38.61,38.62,38.62,38.62,38.63,38.63,38.61,38.61,0,0,0,0,38.61,38.61,38.61,38.61,38.61,38.61,38.61,38.61,38.61,38.61,38.61,38.61,38.61,38.61,38.62,38.64,38.67,38.69,38.93,39.18,39.13,39.11,39.12,39.13,39.13,39.13,39.13,39.13,39.13,39.13,39.15,39.19,38.99,38.69,38.66,38.64,38.61,38.61,38.61,38.61,38.61,38.61,38.61,38.61,38.61,38.61,38.61,38.61,0,0,0,38.61,38.61,38.61,38.61,38.61,38.61,38.61,38.61,38.61,38.61,38.61,38.63,38.64,38.65,38.67,38.68,38.69,38.68,0,0,0,0,0,35.86,35.86,35.86,35.86,35.86,35.86,35.86,35.86,35.86,35.86,35.86,35.86,35.86,35.86,35.86,35.86,35.86,0,0],
[0,0,0,0,0,38.87,38.86,38.86,38.61,38.61,38.61,38.61,38.61,38.61,38.61,38.61,38.61,38.61,38.61,38.61,38.61,38.61,38.61,38.61,38.61,38.61,38.61,38.61,38.61,38.61,38.61,38.62,38.65,38.66,38.66,38.61,38.61,38.61,38.61,38.61,38.61,38.61,38.61,38.61,38.61,38.61,38.61,38.61,38.61,38.61,38.62,38.61,38.61,0,0,0,0,38.61,38.61,38.61,38.61,38.61,38.61,38.61,38.61,38.61,38.61,38.61,38.61,38.61,38.61,38.62,38.65,38.67,38.70,38.92,39.16,39.11,39.10,39.11,39.12,39.13,39.14,39.15,39.15,39.15,39.15,39.15,39.19,39.03,38.69,38.66,38.64,38.61,38.61,38.61,38.61,38.61,38.61,38.61,38.61,38.61,38.61,38.61,38.61,0,0,0,38.61,38.61,38.61,38.61,38.61,38.61,38.61,38.61,38.61,38.61,38.61,38.62,38.63,38.65,38.66,38.67,38.68,38.68,0,0,0,0,35.86,35.86,35.86,35.86,35.86,35.86,35.86,35.86,35.86,35.86,35.86,35.86,35.86,35.86,35.86,35.86,35.86,35.86,0,0],
[0,0,0,0,0,38.88,38.88,38.86,38.61,38.61,38.61,38.61,38.61,38.61,38.61,38.61,38.61,38.61,38.61,38.61,38.61,38.61,38.61,38.61,38.61,38.61,38.61,38.61,38.61,38.61,38.61,38.62,38.64,38.66,38.65,38.61,38.61,38.61,38.61,38.61,38.61,38.61,38.61,38.61,38.61,38.61,38.61,38.61,38.61,38.61,38.61,38.61,38.61,38.61,38.61,38.61,38.61,38.61,38.61,38.61,38.61,38.61,38.61,38.61,38.61,38.61,38.61,38.61,38.61,38.61,38.61,38.62,38.65,38.67,38.73,38.90,39.14,39.10,39.10,39.11,39.12,39.13,39.14,39.15,39.16,39.17,39.17,39.17,39.19,39.03,38.69,38.67,38.64,38.61,38.61,38.61,38.61,38.61,38.61,38.61,38.61,38.61,38.61,38.61,38.61,38.61,38.61,38.61,38.61,38.61,38.61,38.61,38.61,38.61,38.61,38.61,38.61,38.61,38.61,38.61,38.63,38.64,38.65,38.67,38.67,38.67,0,0,0,0,35.86,35.86,35.86,35.86,35.86,35.86,35.86,35.86,35.86,35.86,35.86,35.86,35.86,35.86,35.86,35.86,35.86,35.86,0,0],
[0,0,0,0,0,38.89,38.89,38.86,38.61,38.61,38.61,38.61,38.61,38.61,38.61,38.61,38.61,38.61,38.61,38.61,38.61,38.61,38.61,38.61,38.61,38.61,38.61,38.61,38.61,38.61,38.61,38.61,38.64,38.65,38.65,38.61,38.61,38.61,38.61,38.61,38.61,38.61,38.61,38.61,38.61,38.61,38.61,38.61,38.61,38.61,38.61,38.61,38.61,38.61,38.61,38.61,38.61,38.61,38.61,38.61,38.61,38.61,38.61,38.61,38.61,38.61,38.61,38.61,38.61,38.61,38.61,38.61,38.65,38.68,38.77,38.89,39.12,39.08,39.09,39.10,39.11,39.12,39.13,39.14,39.15,39.16,39.17,39.18,39.19,39.03,38.70,38.67,38.64,38.61,38.61,38.61,38.61,38.61,38.61,38.61,38.61,38.61,38.61,38.61,38.61,38.61,38.61,38.61,38.61,38.61,38.61,38.61,38.61,38.61,38.61,38.61,38.61,38.61,38.61,38.61,38.62,38.63,38.65,38.66,38.67,38.66,0,0,0,0,35.86,35.86,35.86,35.86,35.86,35.86,35.86,35.86,35.86,35.86,35.86,35.86,35.86,35.86,35.86,35.86,35.86,35.86,0,0],
[0,0,0,0,0,38.90,38.90,38.86,38.61,38.61,38.61,38.61,38.61,38.61,38.61,38.61,38.61,38.61,38.61,38.61,38.61,38.61,38.61,38.61,38.61,38.61,38.61,38.61,38.61,38.61,38.61,38.61,38.64,38.65,38.64,38.61,38.61,38.61,38.61,38.61,38.61,38.61,38.61,38.61,38.61,38.61,38.61,38.61,38.61,38.61,38.61,38.61,38.61,38.61,38.61,38.61,38.61,38.61,38.61,38.61,38.61,38.61,38.61,38.61,38.61,38.61,38.61,38.61,38.61,38.61,38.61,38.61,38.65,38.68,38.79,38.87,39.10,39.08,39.09,39.10,39.11,39.12,39.13,39.14,39.15,39.16,39.17,39.18,39.19,39.00,38.70,38.67,38.64,38.61,38.61,38.61,38.61,38.61,38.61,38.61,38.61,38.61,38.61,38.61,38.61,38.61,38.61,38.61,38.61,38.61,38.61,38.61,38.61,38.61,38.61,38.61,38.61,38.61,38.61,38.61,38.61,38.63,38.64,38.65,38.66,38.66,0,0,0,0,0,35.86,35.86,35.86,35.86,35.86,35.86,35.86,35.86,35.86,35.86,35.86,35.86,35.86,35.86,35.86,35.86,35.86,0,0],
[0,0,0,0,0,38.91,38.91,38.88,38.61,38.61,38.61,38.61,38.61,38.61,38.61,38.61,38.61,38.61,38.61,38.61,38.61,38.61,38.61,38.61,38.61,38.61,38.61,38.61,38.61,38.61,38.61,38.61,38.63,38.64,38.64,38.61,38.61,38.61,38.61,38.61,38.61,38.61,38.61,38.61,38.61,38.61,38.61,38.61,38.61,38.61,38.61,38.61,38.61,38.61,38.61,38.61,38.61,38.61,38.61,38.61,38.61,38.61,38.61,38.61,38.61,38.61,38.61,38.61,38.61,38.61,38.61,38.61,38.65,38.68,38.78,38.85,39.09,39.07,39.08,39.09,39.10,39.11,39.12,39.13,39.14,39.15,39.16,39.17,39.19,38.97,38.70,38.67,38.64,38.61,38.61,38.61,38.61,38.61,38.61,38.61,38.61,38.61,38.61,38.61,38.61,38.61,38.61,38.61,38.61,38.61,38.61,38.61,38.61,38.61,38.61,38.61,38.61,38.61,38.61,38.61,38.61,38.62,38.63,38.64,38.65,38.65,0,0,0,0,0,35.86,35.86,35.86,35.86,35.86,35.86,35.86,35.86,35.86,35.86,35.86,35.86,35.86,35.86,35.86,35.86,35.86,0,0],
[0,0,0,0,0,38.92,38.92,38.91,38.61,38.61,38.61,38.61,38.61,38.61,38.61,38.61,38.61,38.61,38.61,38.61,38.61,38.61,38.61,38.61,38.61,38.61,38.61,38.61,38.61,38.61,38.61,38.61,38.63,38.64,38.63,38.61,38.61,38.61,38.61,38.61,38.61,38.61,38.61,38.61,38.61,38.61,38.61,38.61,38.61,38.61,38.61,38.61,38.61,38.61,38.61,38.61,38.61,38.61,38.61,38.61,38.61,38.61,38.61,38.61,38.61,38.61,38.61,38.61,38.61,38.61,38.61,38.61,38.65,38.68,38.78,38.84,39.07,39.07,39.08,39.09,39.10,39.11,39.12,39.13,39.14,39.15,39.15,39.16,39.19,38.96,38.71,38.67,38.64,38.61,38.61,38.61,38.61,38.61,38.61,38.61,38.61,38.61,38.61,38.61,38.61,38.61,38.61,38.61,38.61,38.61,38.61,38.61,38.61,38.61,38.61,38.61,38.61,38.61,38.61,38.61,38.61,38.61,38.62,38.64,38.64,38.64,0,0,0,0,0,35.86,35.86,35.86,35.86,35.86,35.86,35.86,35.86,35.86,35.86,35.86,35.86,35.86,35.86,35.86,35.86,35.86,0,0],
[0,0,0,0,0,38.93,38.94,38.93,38.61,38.61,38.61,38.61,38.61,38.61,38.61,38.61,38.61,38.61,38.61,38.61,38.61,38.61,38.61,38.61,38.61,38.61,38.61,38.61,38.61,38.61,38.61,38.61,38.62,38.63,38.63,38.61,38.61,38.61,38.61,38.61,38.61,38.61,38.61,38.61,38.61,38.61,38.61,38.61,38.61,38.61,38.61,38.61,38.61,38.61,38.61,38.61,38.61,38.61,38.61,38.61,38.61,38.61,38.61,38.61,38.61,38.61,38.61,38.61,38.61,38.61,38.61,38.61,38.65,38.68,38.77,38.82,39.06,39.07,39.08,39.09,39.10,39.11,39.11,39.12,39.13,39.14,39.15,39.15,39.18,38.99,38.71,38.67,38.64,38.61,38.61,38.61,38.61,38.61,38.61,38.61,38.61,38.61,38.61,38.61,38.61,38.61,38.61,38.61,38.61,38.61,38.61,38.61,38.61,38.61,38.61,38.61,38.61,38.61,38.61,38.61,38.61,38.61,38.62,38.63,38.64,38.64,0,0,0,0,35.86,35.86,35.86,35.86,35.86,35.86,35.86,35.86,35.86,35.86,35.86,35.86,35.86,35.86,35.86,35.86,35.86,35.86,0,0],
[0,0,0,0,0,38.94,38.90,38.71,38.61,38.61,38.61,38.61,38.61,38.61,38.61,38.61,38.61,38.61,38.61,38.61,38.61,38.61,38.61,38.61,38.61,38.61,38.61,38.61,38.61,38.61,38.61,38.61,38.62,38.63,38.62,38.61,38.61,38.61,38.61,38.61,38.61,38.61,38.61,38.61,38.61,38.61,38.61,38.61,38.61,38.61,38.61,38.61,38.61,38.61,38.61,38.61,38.61,38.61,38.61,38.61,38.61,38.61,38.61,38.61,38.61,38.61,38.61,38.61,38.61,38.61,38.61,38.61,38.65,38.68,38.76,38.81,39.05,39.06,39.07,39.08,39.09,39.10,39.11,39.11,39.12,39.13,39.14,39.15,39.18,39.02,38.69,38.67,38.64,38.61,38.61,38.61,38.61,38.61,38.61,38.61,38.61,38.61,38.61,38.61,38.61,38.61,38.61,38.61,38.61,38.61,38.61,38.61,38.61,38.61,38.61,38.61,38.61,38.61,38.61,38.61,38.61,38.61,38.61,38.62,38.63,38.63,0,0,0,35.86,35.86,35.86,35.86,35.86,35.86,35.86,35.86,35.86,35.86,35.86,35.86,35.86,35.86,35.86,35.86,35.86,35.86,35.86,0,0],
[0,0,0,0,0,38.70,38.68,38.65,38.61,38.61,38.61,38.61,38.61,38.61,38.61,38.61,38.61,38.61,38.61,38.61,38.61,38.61,38.61,38.61,38.61,38.61,38.61,38.61,38.61,38.61,38.61,38.61,38.61,38.62,38.62,38.61,38.61,38.61,38.61,38.61,38.61,38.61,38.61,38.61,38.61,38.61,38.61,38.61,38.61,38.61,38.61,38.61,38.61,0,0,0,0,38.61,38.61,38.61,38.61,38.61,38.61,38.61,38.61,38.61,38.61,38.61,38.61,38.61,38.61,38.61,38.65,38.68,38.75,38.79,39.05,39.06,39.07,39.07,39.08,39.09,39.10,39.11,39.11,39.12,39.13,39.15,39.18,39.05,38.73,38.67,38.64,38.61,38.61,38.61,38.61,38.61,38.61,38.61,38.61,38.61,38.61,38.61,38.61,38.61,38.61,38.61,38.61,38.61,38.61,38.61,38.61,38.61,38.61,38.61,38.61,38.61,38.61,38.61,38.61,38.61,38.61,38.62,38.62,38.62,0,0,0,35.86,35.86,35.86,35.86,35.86,35.86,35.86,35.86,35.86,35.86,35.86,35.86,35.86,35.86,35.86,35.86,35.86,35.86,35.86,0,0],
[0,0,0,0,0,38.61,38.61,38.61,38.61,38.61,38.61,38.61,38.61,38.61,38.61,38.61,38.61,38.61,38.61,38.61,38.61,38.61,38.61,38.61,38.61,38.61,38.61,38.61,38.61,38.61,38.61,38.61,38.61,38.62,38.61,38.61,38.61,38.61,38.61,38.61,38.61,38.61,38.61,38.61,38.61,38.61,38.61,38.61,38.61,38.61,38.61,38.61,38.61,0,0,0,0,38.61,38.61,38.61,38.61,38.61,38.61,38.61,38.61,38.61,38.61,38.61,38.61,38.61,38.61,38.61,38.64,38.68,38.74,39.02,39.04,39.05,39.06,39.07,39.07,39.08,39.09,39.10,39.11,39.11,39.12,39.14,39.17,38.86,38.76,38.67,38.64,38.61,38.61,38.61,38.61,38.61,38.61,38.61,38.61,38.61,38.61,38.61,38.61,38.61,38.61,38.61,38.61,38.61,38.61,38.61,38.61,38.61,38.61,38.61,38.61,38.61,38.61,38.61,38.61,38.61,38.61,38.61,38.62,38.62,0,0,0,35.86,35.86,35.86,35.86,35.86,35.86,35.86,35.86,35.86,35.86,35.86,35.86,35.86,35.86,35.86,35.86,35.86,35.86,35.86,0,0],
[0,0,0,0,0,0,0,38.61,38.61,38.61,38.61,38.61,38.61,38.61,38.61,38.61,38.61,38.61,38.61,38.61,38.61,38.61,38.61,38.61,38.61,38.61,38.61,38.61,38.61,38.61,38.61,38.61,38.61,38.61,38.61,38.61,0,0,38.61,38.61,38.61,38.61,38.61,38.61,38.61,38.61,38.61,38.61,38.61,38.61,38.61,38.61,38.61,0,0,0,0,0,38.61,38.61,38.61,38.61,38.61,38.61,38.61,38.61,38.61,38.61,38.61,38.61,38.61,38.61,0,0,38.90,39.05,39.06,39.06,39.06,39.06,39.07,39.07,39.08,39.09,39.10,39.11,39.11,39.14,39.16,39.00,38.94,0,0,38.61,38.61,38.61,38.61,38.61,38.61,38.61,38.61,38.61,38.61,38.61,38.61,38.61,38.61,38.61,38.61,38.61,38.61,38.61,38.61,38.61,38.61,38.61,38.61,38.61,38.61,38.61,38.61,38.61,38.61,38.61,38.61,38.61,0,0,0,35.86,35.86,35.86,35.86,35.86,35.86,35.86,35.86,35.86,35.86,35.86,35.86,35.86,35.86,35.86,35.86,35.86,35.86,35.86,0,0],
[0,0,0,0,0,0,0,38.61,38.61,38.61,38.61,38.61,38.61,38.61,38.61,38.61,38.61,38.61,38.61,38.61,38.61,38.61,38.61,38.61,38.61,38.61,38.61,38.61,38.61,38.61,38.61,38.61,38.61,38.61,38.61,38.61,0,0,38.61,38.61,38.61,38.61,38.61,38.61,38.61,38.61,38.61,38.61,38.61,38.61,38.61,38.61,38.61,0,0,0,0,0,38.61,38.61,38.61,38.61,38.61,38.61,38.61,38.61,38.61,38.61,38.61,38.61,38.61,38.61,0,0,0,39.11,39.11,39.11,39.11,39.11,39.11,39.11,39.11,39.11,39.11,39.11,39.11,39.11,39.11,39.11,0,0,0,38.61,38.61,38.61,38.61,38.61,38.61,38.61,38.61,38.61,38.61,38.61,38.61,38.61,38.61,38.61,38.61,38.61,38.61,38.61,38.61,38.61,38.61,38.61,38.61,38.61,38.61,38.61,38.61,38.61,38.61,38.61,0,0,0,0,0,35.86,35.86,35.86,35.86,35.86,35.86,35.86,35.86,35.86,35.86,35.86,35.86,35.86,35.86,35.86,35.86,35.86,35.86,35.86,0,0],
[0,0,0,0,0,0,0,38.61,38.61,38.61,38.61,38.61,38.61,38.61,38.61,38.61,38.61,38.61,38.61,38.61,38.61,0,0,38.61,38.61,38.61,38.61,38.61,38.61,38.61,38.61,38.61,38.62,38.62,38.61,38.61,0,0,38.61,38.61,38.61,38.61,38.61,38.61,38.61,38.61,38.61,38.61,38.61,38.61,38.61,38.61,38.61,0,0,0,0,0,38.61,38.61,38.61,38.61,38.61,38.61,38.61,38.61,38.61,38.61,38.61,38.61,38.61,38.61,0,0,0,0,0,0,39.11,39.11,39.11,39.11,39.11,39.11,39.11,39.11,39.11,0,0,0,0,0,0,38.61,38.61,38.61,38.61,38.61,38.61,38.61,38.61,38.61,38.61,38.61,38.61,38.61,38.61,38.61,38.61,38.61,38.61,38.61,38.61,38.61,38.61,38.61,38.61,38.61,38.61,38.61,38.61,38.61,38.61,38.61,0,0,0,0,0,35.86,35.86,35.86,35.86,35.86,35.86,35.86,35.86,35.86,35.86,35.86,35.86,35.86,35.86,35.86,35.86,35.86,35.86,35.86,0,0],
[0,0,0,0,0,0,0,0,38.61,38.61,38.61,38.61,38.61,38.61,38.61,38.61,38.61,38.61,38.61,0,0,0,0,0,38.61,38.61,38.61,38.61,38.61,38.61,38.61,38.61,38.62,38.62,38.62,38.61,38.61,38.61,38.61,38.61,38.61,38.61,38.61,38.61,38.61,38.61,38.61,38.61,38.61,38.61,38.61,38.61,38.61,0,0,38.61,38.61,38.61,38.61,38.61,38.61,38.61,38.61,38.61,38.61,38.61,38.61,38.61,38.61,38.61,38.61,38.61,38.64,38.68,38.74,38.84,0,0,39.11,39.11,39.11,39.11,39.11,39.11,39.11,39.11,39.11,0,0,0,38.61,38.61,38.61,38.61,38.61,38.61,38.61,38.61,38.61,38.61,38.61,38.61,38.61,38.61,38.61,38.61,38.61,38.61,38.61,38.61,38.61,38.61,38.61,38.61,38.61,38.61,38.61,38.61,38.61,38.61,38.61,38.61,38.61,38.61,38.61,38.61,0,0,0,35.86,35.86,35.86,35.86,35.86,35.86,35.86,35.86,35.86,35.86,35.86,35.86,35.86,35.86,35.86,35.86,35.86,35.86,35.86,0,0],
[0,0,0,0,0,0,0,0,38.61,38.61,38.61,38.61,38.61,38.61,38.61,38.61,38.61,38.61,0,0,0,0,0,0,0,38.61,38.61,38.61,38.61,38.61,38.61,38.62,38.63,38.63,38.63,38.62,38.62,38.62,38.62,38.62,38.62,38.61,38.61,38.61,38.61,38.61,38.61,38.61,38.61,38.61,38.61,38.61,38.61,0,0,38.61,38.61,38.61,38.61,38.61,38.61,38.61,38.61,38.61,38.61,38.61,38.61,38.61,38.61,38.61,38.61,38.61,38.63,38.66,38.69,39.03,39.06,39.09,39.11,39.07,39.04,39.04,39.04,39.04,39.04,39.04,39.03,38.92,0,0,38.61,38.61,38.61,38.61,38.61,38.61,38.61,38.61,38.61,38.61,38.61,38.61,38.61,0,0,38.61,38.61,38.61,38.61,38.61,38.61,38.61,38.61,38.61,38.61,38.61,38.61,38.61,38.61,38.61,38.61,38.61,38.61,38.61,38.61,38.61,0,0,0,35.86,35.86,35.86,35.86,35.86,35.86,35.86,35.86,35.86,35.86,35.86,35.86,35.86,35.86,35.86,35.86,35.86,35.86,35.86,0,0],
[0,0,0,0,0,0,0,0,0,38.61,38.61,38.61,38.61,38.61,38.61,38.61,38.61,38.61,0,0,0,0,0,0,0,38.61,38.61,38.61,38.61,38.61,38.62,38.63,38.64,38.64,38.63,38.63,38.63,38.63,38.63,38.63,38.64,38.63,38.61,38.61,38.61,38.61,38.61,38.61,38.61,38.61,38.61,38.61,38.61,0,0,38.61,38.61,38.61,38.61,38.61,38.61,38.61,38.61,38.61,38.61,38.61,38.61,38.61,38.61,38.61,38.61,38.61,38.63,38.66,38.69,38.73,38.81,38.84,38.88,38.87,38.87,38.86,38.85,38.84,38.81,38.81,38.81,38.79,38.68,38.61,38.61,38.61,38.61,38.61,38.61,38.61,38.61,38.61,38.61,38.61,38.61,38.61,38.61,0,0,38.61,38.61,38.61,38.61,38.61,38.61,38.61,38.61,38.61,38.61,38.61,38.61,38.61,38.61,38.61,38.61,38.61,38.61,38.61,38.61,38.61,0,0,0,35.86,35.86,35.86,35.86,35.86,35.86,35.86,35.86,35.86,35.86,35.86,35.86,35.86,35.86,35.86,35.86,35.86,35.86,35.86,0,0],
[0,0,0,0,0,0,0,0,0,0,0,38.61,38.61,38.61,38.61,38.61,38.61,0,0,0,0,0,0,0,0,0,0,0,0,38.61,38.63,38.64,38.65,38.65,38.64,38.64,38.64,38.64,38.64,38.64,38.65,38.65,38.63,38.62,38.61,38.61,38.61,38.61,38.61,38.61,38.61,38.61,38.61,0,0,38.61,38.61,38.61,38.61,38.61,38.61,38.61,38.61,38.61,38.61,38.61,38.61,38.61,38.61,38.61,38.61,38.61,38.63,38.66,38.69,38.69,38.69,38.69,38.69,38.69,38.69,38.69,38.69,38.69,38.69,38.69,38.68,38.64,38.61,38.61,38.61,38.61,38.61,38.61,38.61,38.61,38.61,38.61,38.61,38.61,38.61,38.61,38.61,0,0,38.61,38.61,38.61,38.61,38.61,38.61,38.61,38.61,38.61,38.61,38.61,38.61,38.61,38.61,38.61,38.61,38.61,38.61,38.61,38.61,38.61,0,0,0,35.86,35.86,35.86,35.86,35.86,35.86,35.86,35.86,35.86,35.86,35.86,35.86,35.86,35.86,35.86,35.86,35.86,35.86,35.86,0,0],
[0,0,0,0,0,0,0,0,0,0,0,0,0,0,0,0,0,0,0,0,0,0,0,0,0,0,0,0,0,38.61,38.63,38.65,38.66,38.66,38.65,38.65,38.65,38.65,38.65,38.65,38.66,38.66,38.65,38.64,38.62,38.61,38.61,38.61,38.61,38.61,38.61,38.61,38.61,0,0,38.61,38.61,38.61,38.61,38.61,38.61,38.61,38.61,38.61,38.61,38.61,38.61,38.61,38.61,38.61,38.61,38.61,38.62,38.65,38.68,38.69,38.69,38.69,38.69,38.69,38.69,38.69,38.69,38.69,38.69,38.69,38.66,38.62,38.61,38.61,38.61,38.61,38.61,38.61,38.61,38.61,38.61,38.61,38.61,38.61,38.61,38.61,38.61,0,0,38.61,38.61,38.61,38.61,38.61,38.61,38.61,38.61,38.61,38.61,38.61,38.61,38.61,38.61,38.61,38.61,38.61,38.61,38.61,38.61,38.61,0,0,0,35.86,35.86,35.86,35.86,35.86,35.86,35.86,35.86,35.86,35.86,35.86,35.86,35.86,35.86,35.86,35.86,35.86,35.86,35.86,0,0],
[0,0,0,0,0,0,0,0,0,0,0,0,0,0,0,0,0,0,0,0,0,0,0,0,0,0,0,0,0,38.61,38.62,38.65,38.66,38.66,38.66,38.66,38.66,38.66,38.66,38.66,38.67,38.67,38.67,38.66,38.64,38.63,38.61,38.61,38.61,38.61,38.61,38.61,0,0,0,38.61,38.61,38.61,38.61,38.61,38.61,38.61,38.61,38.61,38.61,38.61,38.61,38.61,38.61,38.61,38.61,38.61,38.62,38.65,38.68,38.69,38.69,38.69,38.69,38.69,38.69,38.69,38.69,38.69,38.69,38.69,38.65,38.61,38.61,38.61,38.61,38.61,38.61,38.61,38.61,38.61,38.61,38.61,38.61,38.61,38.61,38.61,38.61,0,0,38.61,38.61,38.61,38.61,38.61,38.61,38.61,38.61,38.61,38.61,38.61,38.61,38.61,38.61,38.61,38.61,38.61,38.61,38.61,38.61,38.61,0,0,0,35.86,35.86,35.86,35.86,35.86,35.86,35.86,35.86,35.86,35.86,35.86,35.86,35.86,35.86,35.86,35.86,35.86,35.86,35.86,0,0],
[0,0,0,0,0,0,0,0,0,0,0,0,0,0,0,0,0,0,0,0,0,0,0,0,0,0,0,0,0,0,38.61,38.66,38.67,38.67,38.67,38.67,38.67,38.67,38.68,38.68,38.68,38.68,38.68,38.68,38.66,38.65,38.63,38.62,38.61,38.61,38.61,38.61,0,0,0,38.61,38.61,38.61,38.61,38.61,38.61,38.61,38.61,38.61,38.61,38.61,38.61,38.61,38.61,38.61,38.61,38.61,38.62,38.65,38.68,38.68,38.68,38.68,38.68,38.68,38.68,38.68,38.68,38.68,38.68,38.68,38.64,38.61,38.61,38.61,38.61,38.61,38.61,38.61,38.61,38.61,38.61,38.61,38.61,38.61,38.61,38.61,38.61,0,0,38.61,38.61,38.61,38.61,38.61,38.61,38.61,38.61,38.61,38.61,38.61,38.61,38.61,38.61,38.61,38.61,38.61,38.61,38.61,38.61,38.61,0,0,0,35.86,35.86,35.86,35.86,35.86,35.86,35.86,35.86,35.86,35.86,35.86,35.86,35.86,35.86,35.86,35.86,35.86,35.86,35.86,0,0],
[0,0,0,0,0,0,0,0,0,0,0,0,0,0,0,0,0,0,0,0,0,0,0,0,0,0,0,0,0,0,38.61,38.64,38.68,38.68,38.68,38.68,38.69,38.69,38.69,38.69,38.69,38.69,38.69,38.69,38.69,38.67,38.66,38.64,38.62,38.61,38.61,38.61,0,0,0,38.61,38.61,38.61,38.61,38.61,38.61,38.61,38.61,38.61,38.61,38.61,38.61,38.61,38.61,38.61,38.61,38.61,38.61,38.64,38.67,38.68,38.68,38.68,38.68,38.68,38.68,38.68,38.68,38.68,38.68,38.67,38.63,38.61,38.61,38.61,38.61,38.61,38.61,38.61,38.61,38.61,38.61,38.61,38.61,38.61,38.61,38.61,38.61,0,0,38.61,38.61,38.61,38.61,38.61,38.61,38.61,38.61,38.61,38.61,38.61,38.61,38.61,38.61,38.61,38.61,38.61,38.61,38.61,38.61,38.61,0,0,0,35.86,35.86,35.86,35.86,35.86,35.86,35.86,35.86,35.86,35.86,35.86,35.86,35.86,35.86,35.86,35.86,35.86,35.86,35.86,0,0],
[0,0,0,0,0,0,0,0,0,0,0,0,0,0,0,0,0,0,0,0,0,0,0,0,0,0,0,0,0,0,38.61,38.69,38.68,38.69,38.70,38.73,38.74,38.76,38.77,38.75,38.75,38.75,38.75,38.75,38.76,38.77,38.76,38.74,38.72,38.69,38.66,0,0,0,0,38.61,38.61,38.61,38.61,38.61,38.61,38.61,38.61,38.61,38.61,38.61,38.61,38.61,38.61,38.61,38.61,38.61,38.61,38.64,38.67,38.68,38.68,38.67,38.68,38.68,38.68,38.68,38.68,38.68,38.68,38.66,38.62,38.61,38.61,38.61,38.61,38.61,38.61,38.61,38.61,38.61,38.61,38.61,38.61,38.61,38.61,38.61,38.61,0,0,38.61,38.61,38.61,38.61,38.61,38.61,38.61,38.61,38.61,38.61,38.61,38.61,38.61,38.61,38.61,38.61,38.61,38.61,0,0,0,0,0,0,35.86,35.86,35.86,35.86,35.86,35.86,35.86,35.86,35.86,35.86,35.86,35.86,35.86,35.86,35.86,35.86,35.86,35.86,35.86,0,0],
[0,0,0,0,0,0,0,0,0,0,0,0,0,0,0,0,0,0,0,0,0,0,0,0,0,0,0,0,0,0,0,38.79,38.90,38.95,38.99,39.00,39.00,39.02,38.97,38.97,38.97,38.97,38.97,38.96,38.95,38.98,38.97,38.88,38.78,38.74,38.80,0,0,0,0,38.61,38.61,38.61,38.61,38.61,38.61,38.61,38.61,38.61,38.61,38.61,38.61,38.61,38.61,38.61,38.61,38.61,38.61,38.64,38.67,38.68,38.67,38.67,38.67,38.67,38.67,38.67,38.67,38.67,38.67,38.64,38.61,38.61,38.61,38.61,38.61,38.61,38.61,38.61,38.61,38.61,38.61,38.61,38.61,38.61,38.61,38.61,38.61,0,0,0,38.61,38.61,38.61,38.61,38.61,38.61,38.61,38.61,38.61,38.61,38.61,38.61,38.61,38.61,38.61,38.61,0,0,0,0,0,0,0,35.86,35.86,35.86,35.86,35.86,35.86,35.86,35.86,35.86,35.86,35.86,35.86,35.86,35.86,35.86,35.86,35.86,35.86,35.86,0,0],
[0,0,0,0,0,0,0,0,0,0,0,0,0,0,0,0,0,0,0,0,0,0,0,0,0,0,0,0,0,0,0,0,39.03,39.11,39.17,39.18,39.18,39.18,39.18,39.18,39.17,39.15,39.14,39.12,39.11,39.11,39.03,39.03,38.94,38.78,38.84,0,0,0,0,38.61,38.61,38.61,38.61,38.61,38.61,38.61,38.61,38.61,38.61,38.61,38.61,38.61,38.61,38.61,38.61,38.61,38.61,38.63,38.66,38.67,38.67,38.67,38.67,38.67,38.67,38.67,38.67,38.67,38.67,38.63,38.61,38.61,38.61,38.61,38.61,38.61,38.61,38.61,38.61,38.61,38.61,38.61,38.61,38.61,38.61,38.61,38.61,0,0,0,38.61,38.61,38.61,38.61,38.61,38.61,38.61,38.61,38.61,38.61,38.61,38.61,38.61,38.61,38.61,0,0,0,0,0,0,0,0,35.86,35.86,35.86,35.86,35.86,35.86,35.86,35.86,35.86,35.86,35.86,35.86,35.86,35.86,35.86,35.86,35.86,35.86,35.86,0,0],
[0,0,0,0,0,0,0,0,0,0,0,0,0,0,0,0,0,0,0,0,0,0,0,0,0,0,0,0,0,0,0,0,0,39.11,39.15,39.15,39.15,39.15,39.13,39.11,39.11,39.11,39.11,39.11,39.11,39.11,0,0,0,39.03,38.81,0,0,0,0,38.61,38.61,38.61,38.61,38.61,38.61,38.61,38.61,38.61,38.61,38.61,38.61,38.61,38.61,38.61,38.61,38.61,38.61,38.63,38.66,38.67,38.67,38.66,38.66,38.66,38.66,38.66,38.66,38.66,38.66,38.62,38.61,38.61,38.61,38.61,38.61,38.61,38.61,38.61,38.61,38.61,38.61,38.61,38.61,38.61,38.61,38.61,38.61,0,0,0,0,38.61,38.61,38.61,38.61,38.61,38.61,38.61,38.61,38.61,38.61,38.61,38.61,38.61,38.61,0,0,0,0,0,0,0,0,35.86,35.86,35.86,35.86,35.86,35.86,35.86,35.86,35.86,35.86,35.86,35.86,35.86,35.86,35.86,35.86,35.86,35.86,35.86,0,0],
[0,0,0,0,0,0,0,0,0,0,0,0,0,0,0,0,0,0,0,0,0,0,0,0,0,0,0,0,0,0,39.11,39.11,39.11,39.11,39.12,39.11,39.11,39.11,39.11,39.11,39.11,39.11,39.11,39.11,39.11,39.11,39.11,39.11,39.11,39.03,38.78,0,0,0,0,0,38.61,38.61,38.61,38.61,38.61,38.61,38.61,38.61,38.61,38.61,38.61,38.61,38.61,38.61,38.61,38.61,38.61,38.63,38.66,38.67,38.67,38.66,38.66,38.66,38.66,38.66,38.66,38.66,38.65,38.61,38.61,38.61,38.61,38.61,38.61,38.61,38.61,38.61,38.61,38.61,38.61,38.61,38.61,38.61,38.61,38.61,38.61,0,0,0,0,0,38.61,38.61,38.61,38.61,38.61,38.61,38.61,38.61,38.61,38.61,38.61,38.61,0,0,0,0,0,0,0,0,0,35.86,35.86,35.86,35.86,35.86,35.86,35.86,35.86,35.86,35.86,35.86,35.86,35.86,35.86,35.86,35.86,35.86,35.86,35.86,0,0],
[0,0,0,0,0,0,0,0,0,0,0,0,0,0,0,0,0,0,0,0,0,0,0,0,0,0,0,0,38.92,39.05,39.11,39.11,39.11,39.11,39.12,39.12,39.12,39.12,39.12,39.12,39.12,39.12,39.12,39.12,39.12,39.11,39.11,39.11,39.11,39.00,38.88,0,0,0,0,0,0,38.61,38.61,38.61,38.61,38.61,38.61,38.61,38.61,38.61,38.61,38.61,38.61,38.61,38.61,38.61,38.61,38.63,38.66,38.67,38.67,38.66,38.66,38.66,38.66,38.66,38.66,38.66,38.64,38.61,38.61,38.61,38.61,38.61,38.61,38.61,38.61,38.61,38.61,38.61,38.61,38.61,38.61,38.61,38.61,38.61,38.61,0,0,0,0,0,38.61,38.61,38.61,38.61,38.61,38.61,38.61,38.61,38.61,38.61,38.61,38.61,0,0,0,0,0,0,0,0,0,35.86,35.86,35.86,35.86,35.86,35.86,35.86,35.86,35.86,35.86,35.86,35.86,35.86,35.86,35.86,35.86,35.86,35.86,35.86,0,0],
[0,0,0,0,0,0,0,0,0,0,0,0,0,0,0,0,0,0,0,0,0,0,0,0,0,0,0,0,38.78,39.01,39.13,39.14,39.12,39.11,39.12,39.12,39.12,39.12,39.12,39.12,39.12,39.12,39.12,39.12,39.12,39.11,39.11,39.11,39.11,39.04,38.99,0,0,0,0,38.61,38.61,38.61,38.61,38.61,38.61,38.61,38.61,38.61,38.61,38.61,38.61,38.61,38.61,38.61,38.61,38.61,38.61,38.62,38.65,38.66,38.66,38.66,38.65,38.65,38.65,38.65,38.65,38.65,38.62,38.61,38.61,38.61,38.61,38.61,38.61,38.61,38.61,38.61,38.61,38.61,38.61,38.61,38.61,38.61,38.61,38.61,38.61,0,0,0,0,0,0,0,0,38.61,38.61,38.61,38.61,38.61,38.61,38.61,38.61,38.61,0,0,0,0,0,0,0,0,0,35.86,35.86,35.86,35.86,35.86,35.86,35.86,35.86,35.86,35.86,35.86,35.86,35.86,35.86,35.86,35.86,35.86,35.86,35.86,0,0],
[0,0,0,0,0,0,0,0,0,0,0,0,0,0,0,0,0,0,0,0,0,0,0,0,0,0,0,0,38.79,39.02,39.16,39.15,39.12,39.11,39.12,39.13,39.13,39.13,39.13,39.13,39.13,39.13,39.13,39.13,39.13,39.11,39.11,39.11,39.11,39.15,0,0,0,0,0,38.61,38.61,38.61,38.61,38.61,38.61,38.61,38.61,38.61,38.61,38.61,38.61,38.61,38.61,38.61,38.61,38.61,38.61,38.62,38.65,38.66,38.66,38.66,38.65,38.65,38.65,38.65,38.65,38.65,38.61,38.61,38.61,38.61,38.61,38.61,38.61,38.61,38.61,38.61,38.61,38.61,38.61,38.61,38.61,38.61,38.61,38.61,38.61,0,0,0,0,0,0,0,0,0,38.61,38.61,38.61,38.61,38.61,38.61,0,0,0,0,0,0,0,0,0,0,0,35.86,35.86,35.86,35.86,35.86,35.86,35.86,35.86,35.86,35.86,35.86,35.86,35.86,35.86,35.86,35.86,35.86,35.86,35.86,0,0],
[0,0,0,0,0,0,0,0,0,0,0,0,0,0,0,0,0,0,0,0,0,0,0,0,0,0,0,0,38.80,39.03,39.18,39.15,39.12,39.11,39.12,39.13,39.14,39.14,39.14,39.14,39.14,39.14,39.14,39.14,39.13,39.11,39.11,39.11,39.15,39.17,0,0,0,0,0,38.61,38.61,38.61,38.61,38.61,38.61,38.61,38.61,38.61,38.61,38.61,38.61,38.61,38.61,38.61,38.61,38.61,38.61,38.62,38.65,38.66,38.66,38.65,38.65,38.65,38.65,38.65,38.65,38.64,38.61,38.61,38.61,38.61,38.61,38.61,38.61,38.61,38.61,38.61,38.61,38.61,38.61,38.61,38.61,38.61,38.61,38.61,38.61,0,0,0,0,0,0,0,0,0,0,0,0,0,0,0,0,0,0,0,0,0,0,0,0,0,0,35.86,35.86,35.86,35.86,35.86,35.86,35.86,35.86,35.86,35.86,35.86,35.86,35.86,35.86,35.86,35.86,35.86,35.86,35.86,0,0],
[0,0,0,0,0,0,0,0,0,0,0,0,0,0,0,0,0,0,0,0,0,0,0,0,0,0,0,0,38.81,38.93,39.18,39.15,39.12,39.11,39.12,39.13,39.15,39.15,39.15,39.15,39.15,39.15,39.15,39.14,39.13,39.11,39.11,39.11,39.11,0,0,0,0,0,0,38.61,38.61,38.61,38.61,38.61,38.61,38.61,38.61,38.61,38.61,38.61,38.61,38.61,38.61,38.61,38.61,38.61,38.61,38.61,38.64,38.66,38.66,38.65,38.65,38.64,38.64,38.64,38.64,38.63,38.61,38.61,38.61,38.61,38.61,38.61,38.61,38.61,38.61,38.61,38.61,38.61,38.61,38.61,38.61,38.61,38.61,38.61,38.61,0,0,0,0,0,0,0,0,0,0,0,0,0,0,0,0,0,0,0,0,0,0,0,0,0,0,35.86,35.86,35.86,35.86,35.86,35.86,35.86,35.86,35.86,35.86,35.86,35.86,35.86,35.86,35.86,35.86,35.86,35.86,35.86,0,0],
[0,0,0,0,0,0,0,0,0,0,0,0,0,0,0,0,0,0,0,0,0,0,0,0,0,0,0,0,38.82,38.99,39.16,39.15,39.12,39.11,39.12,39.13,39.15,39.16,39.16,39.16,39.16,39.16,39.16,39.14,39.13,39.11,39.11,39.11,0,0,0,0,0,0,0,38.61,38.61,38.61,38.61,38.61,38.61,38.61,38.61,38.61,38.61,38.61,38.61,38.61,38.61,38.61,38.61,38.61,38.61,38.61,38.64,38.65,38.65,38.65,38.64,38.64,38.64,38.64,38.64,38.62,38.61,38.61,38.61,38.61,38.61,38.61,38.61,38.61,38.61,38.61,38.61,38.61,38.61,38.61,38.61,38.61,38.61,38.61,38.61,38.61,38.61,38.61,38.61,38.61,38.61,38.61,38.61,38.61,38.61,38.61,38.61,38.61,38.61,38.61,38.61,38.61,0,0,0,0,0,0,0,0,0,35.86,35.86,35.86,35.86,35.86,35.86,35.86,35.86,35.86,35.86,35.86,35.86,35.86,35.86,35.86,35.86,35.86,35.86,35.86,0,0],
[0,0,0,0,0,0,0,0,0,0,0,0,0,0,0,0,0,0,0,0,0,0,0,0,0,0,0,0,38.84,38.96,39.14,39.14,39.12,39.11,39.12,39.14,39.15,39.16,39.16,39.16,39.16,39.16,39.16,39.14,39.12,39.11,39.11,39.11,0,0,0,0,0,0,0,38.61,38.61,38.61,38.61,38.61,38.61,38.61,38.61,38.61,38.61,38.61,38.61,38.61,38.61,38.61,38.61,38.61,38.61,38.61,38.64,38.65,38.65,38.65,38.64,38.64,38.64,38.64,38.64,38.61,38.61,38.61,38.61,38.61,38.61,38.61,38.61,38.61,38.61,38.61,38.61,38.61,38.61,38.61,38.61,38.61,38.61,38.61,38.61,38.61,38.61,38.61,38.61,38.61,38.61,38.61,38.61,38.61,38.61,38.61,38.61,38.61,38.61,38.61,38.61,38.61,38.61,38.61,38.61,38.61,0,0,0,0,0,0,0,0,35.86,35.86,35.86,35.86,35.86,35.86,35.86,35.86,35.86,35.86,35.86,35.86,35.86,35.86,35.86,35.86,0,0],
[0,0,0,0,0,0,0,0,0,0,0,0,0,0,0,0,0,0,0,0,0,0,0,0,0,0,0,0,38.85,39.02,39.12,39.12,39.12,39.11,39.13,39.14,39.15,39.16,39.17,39.17,39.17,39.17,39.16,39.14,39.12,39.11,39.11,0,0,0,0,0,0,0,0,38.61,38.61,38.61,38.61,38.61,38.61,38.61,38.61,38.61,38.61,38.61,38.61,38.61,38.61,38.61,38.61,38.61,38.61,38.61,38.63,38.66,38.65,38.64,38.64,38.63,38.63,38.63,38.63,38.61,38.61,38.61,38.61,38.61,38.61,38.61,38.61,38.61,38.61,38.61,38.61,38.61,38.61,38.61,38.61,38.61,38.61,38.61,38.62,38.62,38.62,38.62,38.62,38.62,38.62,38.62,38.62,38.62,38.62,38.62,38.62,38.62,38.62,38.62,38.61,38.61,38.61,38.61,38.61,38.61,0,0,0,0,0,0,0,0,35.86,35.86,35.86,35.86,35.86,35.86,35.86,35.86,35.86,35.86,35.86,35.86,35.86,35.86,35.86,35.86,0,0],
[0,0,0,0,0,0,0,0,0,0,0,0,0,0,0,0,0,0,0,0,0,0,0,0,0,0,0,0,38.85,38.98,39.11,39.11,39.11,39.12,39.13,39.14,39.15,39.16,39.17,39.18,39.18,39.18,39.16,39.14,39.12,39.11,0,0,0,0,0,0,0,0,0,38.61,38.61,38.61,38.61,38.61,38.61,38.61,38.61,38.61,38.61,38.61,38.61,38.61,38.61,38.61,38.61,38.61,38.61,38.61,38.63,38.65,38.65,38.64,38.64,38.63,38.63,38.63,38.62,38.61,38.61,38.61,38.61,38.61,38.61,38.61,38.61,38.61,38.61,38.61,38.61,38.61,38.61,38.61,38.61,38.61,38.61,38.62,38.62,38.62,38.62,38.62,38.62,38.62,38.62,38.62,38.62,38.62,38.62,38.62,38.62,38.62,38.62,38.62,38.61,38.61,38.61,38.61,38.61,38.61,0,0,0,0,0,0,0,0,35.86,35.86,35.86,35.86,35.86,35.86,35.86,35.86,35.86,35.86,35.86,35.86,35.86,35.86,35.86,35.86,0,0],
[0,0,0,0,0,0,0,0,0,0,0,0,0,0,0,0,0,0,0,0,0,0,0,0,0,0,0,0,38.69,38.83,0,0,39.11,39.12,39.13,39.15,39.15,39.16,39.17,39.18,39.19,39.18,39.16,39.16,39.12,39.11,0,0,0,0,0,0,0,0,0,38.61,38.61,38.61,38.61,38.61,38.61,38.61,38.61,38.61,38.61,38.61,38.61,38.61,38.61,38.61,38.61,38.61,38.61,38.61,38.63,38.65,38.65,38.64,38.64,38.63,38.63,38.63,38.61,38.61,38.61,38.61,38.61,38.61,38.61,38.61,38.61,38.61,38.61,38.61,38.61,38.61,38.61,38.61,38.61,38.61,38.61,38.62,38.63,38.63,38.63,38.63,38.63,38.63,38.63,38.63,38.63,38.63,38.63,38.63,38.63,38.63,38.63,38.62,38.61,38.61,38.61,38.61,38.61,38.65,38.75,38.79,38.48,37.99,37.51,37.02,36.54,36.05,35.88,35.86,35.86,35.86,35.86,35.86,35.86,35.86,35.86,35.86,35.86,35.86,35.86,35.86,35.86,35.86,0,0],
[0,0,0,0,0,0,0,0,0,0,0,0,0,0,0,0,0,0,0,0,0,0,0,0,0,0,0,0,38.67,38.68,0,38.84,39.11,39.12,39.13,39.15,39.17,39.18,39.18,39.19,39.19,39.19,39.19,39.19,39.11,0,0,0,0,0,0,0,0,0,0,38.61,38.61,38.61,38.61,38.61,38.61,38.61,38.61,38.61,38.61,38.61,38.61,38.61,38.61,38.61,38.61,38.61,38.61,38.61,38.62,38.65,38.64,38.64,38.63,38.63,38.62,38.62,38.61,38.61,38.61,38.61,38.61,38.61,38.61,38.61,38.61,38.61,38.61,38.61,38.61,38.61,38.61,38.61,38.61,38.61,38.62,38.62,38.63,38.63,38.63,38.63,38.63,38.63,38.63,38.63,38.63,38.63,38.63,38.63,38.63,38.63,38.63,38.62,38.61,38.61,38.61,38.61,38.61,38.65,38.75,38.79,38.49,38.01,37.52,37.04,36.55,36.06,35.88,35.86,35.86,35.86,35.86,35.86,35.86,35.86,35.86,35.86,35.86,35.86,35.86,35.86,35.86,35.86,0,0],
[0,0,0,0,0,0,0,0,0,0,0,0,0,0,0,0,0,0,0,0,0,0,0,0,0,0,0,0,38.65,38.61,38.67,38.80,38.93,38.96,38.95,38.91,38.82,38.74,39.04,38.93,39.06,39.04,38.91,38.96,39.07,0,0,0,0,0,0,0,0,0,0,38.61,38.61,38.61,38.61,38.61,38.61,38.61,38.61,38.61,38.61,38.61,38.61,38.61,38.61,38.61,38.61,38.61,38.61,38.61,38.62,38.65,38.64,38.64,38.63,38.63,38.62,38.62,38.61,38.61,38.61,38.61,38.61,38.61,38.61,38.61,38.61,38.61,38.61,38.61,38.61,38.61,38.61,38.61,38.61,38.61,38.62,38.63,38.64,38.64,38.64,38.64,38.64,38.64,38.64,38.64,38.64,38.64,38.64,38.64,38.64,38.63,38.63,38.62,38.61,38.61,38.61,38.61,38.61,38.65,38.75,38.80,38.51,38.02,37.54,37.05,36.55,36.06,35.88,35.86,35.86,35.86,35.86,35.86,35.86,35.86,35.86,35.86,35.86,35.86,35.86,35.86,35.86,35.86,0,0],
[0,0,0,0,0,0,0,0,0,0,0,0,0,0,0,0,0,0,0,0,0,0,0,0,0,0,0,0,38.63,38.61,38.61,38.61,38.65,38.67,38.67,38.67,38.67,38.67,38.67,38.66,38.72,38.79,38.73,38.84,0,0,0,0,0,0,0,0,0,0,0,0,0,38.61,38.61,38.61,38.61,38.61,38.61,38.61,38.61,38.61,38.61,38.61,38.61,38.61,38.61,38.61,38.61,38.61,38.62,38.65,38.64,38.63,38.63,38.62,38.62,38.61,38.61,38.61,38.61,38.61,38.61,38.61,38.61,38.61,38.61,38.61,38.61,38.61,38.61,38.61,38.61,38.61,38.61,38.62,38.62,38.63,38.64,38.64,38.64,38.64,38.64,38.64,38.64,38.64,38.64,38.64,38.64,38.64,38.64,38.63,38.63,38.62,38.61,38.61,38.61,38.61,38.61,38.65,38.76,38.80,38.53,38.04,37.54,37.05,36.56,36.06,35.88,35.86,35.86,35.86,35.86,35.86,35.86,35.86,35.86,35.86,35.86,35.86,35.86,35.86,35.86,35.86,0,0],
[0,0,0,0,0,0,0,0,0,0,0,0,0,0,0,0,0,0,0,0,0,0,0,0,0,0,0,0,38.61,38.61,38.61,38.61,38.61,38.61,38.61,38.61,38.61,38.61,38.61,38.61,38.61,38.61,38.64,0,0,0,0,0,0,0,0,0,0,0,0,0,0,38.61,38.61,38.61,38.61,38.61,38.61,38.61,38.61,38.61,38.61,38.61,38.61,38.61,38.61,38.61,38.61,38.61,38.62,38.64,38.64,38.63,38.63,38.62,38.62,38.61,38.61,38.61,38.61,38.61,38.61,38.61,38.61,38.61,38.61,38.61,38.61,38.61,38.61,38.61,38.61,38.61,38.61,38.62,38.63,38.64,38.64,38.65,38.65,38.65,38.65,38.65,38.65,38.65,38.65,38.65,38.65,38.65,38.64,38.63,38.63,38.62,38.61,38.61,38.61,38.61,38.61,38.63,38.76,38.81,38.54,38.04,37.55,37.05,36.56,36.07,35.88,35.86,35.86,35.86,35.86,35.86,35.86,35.86,35.86,35.86,35.86,35.86,35.86,35.86,35.86,35.86,0,0],
[0,0,0,0,0,0,0,0,0,0,0,0,0,0,0,0,0,0,0,0,0,0,0,0,0,0,0,0,0,0,0,0,0,0,0,0,0,0,0,0,0,0,0,0,0,0,0,0,0,0,0,0,0,0,0,38.61,38.61,38.61,38.61,38.61,38.61,38.61,38.61,38.61,38.61,38.61,38.61,38.61,38.61,38.61,38.61,38.61,38.61,38.61,38.61,38.64,38.64,38.63,38.62,38.62,38.61,38.61,0,0,0,38.61,38.61,38.61,38.61,38.61,38.61,38.61,38.61,38.61,38.61,38.61,38.61,38.61,38.62,38.62,38.63,38.64,38.65,38.65,38.65,38.65,38.65,38.65,38.65,38.65,38.65,38.65,38.65,38.65,38.64,38.63,38.63,38.62,38.61,38.61,38.61,38.61,38.61,38.61,38.75,38.83,38.57,38.07,37.57,37.07,36.57,36.07,35.88,35.86,35.86,35.86,35.86,35.86,35.86,35.86,35.86,35.86,35.86,35.86,35.86,35.86,35.86,35.86,0,0],
[0,0,0,0,0,0,0,0,0,0,0,0,0,0,0,0,0,0,0,0,0,0,0,0,0,0,0,0,0,0,0,0,0,0,0,0,0,0,0,0,0,0,0,0,0,0,0,0,0,0,0,0,0,0,0,38.61,38.61,38.62,38.62,38.62,38.61,38.61,38.61,38.61,38.61,38.61,38.61,38.61,38.61,38.61,38.61,38.61,38.61,38.61,38.61,38.64,38.63,38.63,38.62,38.62,38.61,38.61,0,0,0,0,38.61,38.61,38.61,38.61,38.61,38.61,38.61,38.61,38.61,38.61,38.61,38.61,38.62,38.63,38.64,38.65,38.65,38.65,38.66,38.66,38.66,38.66,38.66,38.66,38.66,38.66,38.66,38.65,38.64,38.63,38.63,38.62,38.61,38.61,38.61,38.61,38.61,38.61,0,0,0,0,0,0,0,0,35.86,35.86,35.86,35.86,35.86,35.86,35.86,35.86,35.86,35.86,35.86,35.86,35.86,35.86,35.86,35.86,0,0],
[0,0,0,0,0,0,0,0,0,0,0,0,0,0,0,0,0,0,0,0,0,0,0,0,0,0,0,0,0,0,0,0,0,0,0,0,0,0,0,0,0,0,0,0,0,0,0,0,0,0,0,0,0,0,0,38.61,38.61,38.63,38.63,38.63,38.63,38.62,38.61,38.61,38.61,38.61,38.61,38.61,38.61,38.61,38.61,38.61,38.61,38.61,38.61,38.64,38.63,38.63,38.62,38.61,38.61,38.61,0,0,0,0,38.61,38.61,38.61,38.61,38.61,38.61,38.61,38.61,38.61,38.61,38.61,38.62,38.62,38.63,38.64,38.65,38.66,38.66,38.66,38.66,38.66,38.66,38.66,38.66,38.66,38.66,38.66,38.65,38.64,38.63,38.63,38.62,38.61,38.61,38.61,38.61,38.61,38.61,0,0,0,0,0,0,0,0,35.86,35.86,35.86,35.86,35.86,35.86,35.86,35.86,35.86,35.86,35.86,35.86,35.86,35.86,35.86,35.86,0,0],
[0,0,0,0,0,0,0,0,0,0,0,0,0,0,0,0,0,0,0,0,0,0,0,0,0,0,0,0,0,0,0,0,0,0,0,0,0,0,0,0,0,0,0,0,0,0,0,0,0,0,0,0,0,0,0,38.61,38.61,38.63,38.64,38.64,38.64,38.63,38.62,38.61,38.61,38.61,38.61,38.61,38.61,38.61,38.61,38.61,38.61,38.61,38.61,38.63,38.63,38.62,38.62,38.61,38.61,38.61,0,0,0,38.61,38.61,38.61,38.61,38.61,38.61,38.61,38.61,38.61,38.61,38.61,38.61,38.62,38.63,38.64,38.65,38.65,38.66,38.66,38.66,38.67,38.67,38.67,38.67,38.67,38.67,38.67,38.66,38.65,38.64,38.63,38.63,38.62,38.61,38.61,38.61,38.61,38.61,38.61,0,0,0,0,0,0,0,0,35.86,35.86,35.86,35.86,35.86,35.86,35.86,35.86,35.86,35.86,35.86,35.86,35.86,35.86,35.86,35.86,0,0],
[0,0,0,0,0,0,0,0,0,0,0,0,0,0,0,0,0,0,0,0,0,0,0,0,0,0,0,0,0,0,0,0,0,0,0,0,0,0,0,0,0,0,0,0,0,0,0,0,0,0,0,0,0,0,0,38.61,38.61,38.63,38.65,38.65,38.65,38.65,38.64,38.63,38.62,38.61,38.61,38.61,38.61,38.61,38.61,38.61,38.61,38.61,38.61,38.63,38.63,38.62,38.62,38.61,38.61,38.61,38.61,38.61,38.61,38.61,38.61,38.61,38.61,38.61,38.61,38.61,38.61,38.61,38.61,38.61,38.62,38.62,38.63,38.64,38.65,38.66,38.67,38.67,38.67,38.67,38.67,38.67,38.67,38.67,38.67,38.67,38.66,38.65,38.64,38.63,38.63,38.62,38.61,38.61,38.61,38.61,38.61,38.61,0,0,0,0,0,0,0,0,35.86,35.86,35.86,35.86,35.86,35.86,35.86,35.86,35.86,35.86,35.86,35.86,35.86,35.86,35.86,35.86,0,0],
[0,0,0,0,0,0,0,0,0,0,0,0,0,0,0,0,0,0,0,0,0,0,0,0,0,0,0,0,0,0,0,0,0,0,0,0,0,0,0,0,0,0,0,0,0,0,0,0,0,0,0,0,0,0,0,38.61,38.62,38.64,38.65,38.66,38.66,38.66,38.65,38.64,38.63,38.63,38.62,38.61,38.61,38.61,38.61,38.61,38.61,38.61,38.61,38.63,38.62,38.62,38.61,38.61,38.61,38.61,38.61,38.61,38.61,38.61,38.61,38.61,38.61,38.61,38.61,38.61,38.61,38.61,38.61,38.61,38.62,38.63,38.64,38.65,38.65,38.66,38.67,38.67,38.67,38.67,38.68,38.68,38.68,38.68,38.68,38.67,38.66,38.65,38.64,38.63,38.63,38.62,38.61,38.61,38.61,38.61,38.61,0,0,0,0,0,0,0,0,0,0,35.86,35.86,35.86,35.86,35.86,35.86,35.86,35.86,35.86,35.86,35.86,35.86,35.86,35.86,35.86,0,0],
[0,0,0,0,0,0,0,0,0,0,0,0,0,0,0,0,0,0,0,0,0,0,0,0,0,0,0,0,0,0,0,0,0,0,0,0,0,0,0,0,0,0,0,0,0,0,0,0,0,0,0,0,0,0,0,38.61,38.62,38.64,38.66,38.66,38.66,38.66,38.66,38.66,38.65,38.64,38.63,38.62,38.61,38.61,38.61,38.61,38.61,38.61,38.61,38.63,38.62,38.62,38.61,38.61,38.61,38.61,38.61,38.61,38.61,38.61,38.61,38.61,38.61,38.61,38.61,38.61,38.61,38.61,38.61,38.62,38.62,38.63,38.64,38.65,38.66,38.67,38.68,38.68,38.68,38.68,38.68,38.68,38.68,38.68,38.68,38.67,38.66,38.65,38.64,38.63,38.63,38.62,38.61,38.61,38.61,0,0,0,0,0,0,0,0,0,0,0,0,35.86,35.86,35.86,35.86,35.86,35.86,35.86,35.86,35.86,35.86,35.86,35.86,35.86,35.86,35.86,0,0],
[0,0,0,0,0,0,0,0,0,0,0,0,0,0,0,0,0,0,0,0,0,0,0,0,0,0,0,0,0,0,0,0,0,0,0,0,0,0,0,0,0,0,0,0,0,0,0,0,0,0,0,0,0,0,0,38.63,38.63,38.64,38.66,38.67,38.67,38.67,38.67,38.67,38.67,38.66,38.65,38.64,38.63,38.62,38.61,38.61,38.61,38.61,38.61,38.63,38.62,38.61,38.61,38.61,38.61,38.61,38.61,38.61,38.61,38.61,38.61,38.61,38.61,38.61,38.61,38.61,38.61,38.61,38.61,38.62,38.63,38.64,38.65,38.65,38.66,38.67,38.68,38.68,38.68,38.68,38.68,38.69,38.69,38.69,38.68,38.67,38.66,38.65,38.64,38.63,38.63,38.62,38.61,38.61,0,0,0,0,0,0,0,0,0,0,0,0,0,35.86,35.86,35.86,35.86,35.86,35.86,35.86,35.86,35.86,35.86,35.86,35.86,35.86,35.86,35.86,0,0],
[0,0,0,0,0,0,0,0,0,0,0,0,0,0,0,0,0,0,0,0,0,0,0,0,0,0,0,0,0,0,0,0,0,0,0,0,0,0,0,0,0,0,0,0,0,0,0,0,0,0,0,0,0,0,0,38.65,38.65,38.65,38.66,38.68,38.68,38.68,38.68,38.68,38.68,38.67,38.66,38.65,38.64,38.63,38.62,38.61,38.61,38.61,38.61,38.62,38.62,38.61,38.61,38.61,38.61,38.61,38.61,38.61,38.61,38.61,38.61,38.61,38.61,38.61,38.61,38.61,38.61,38.61,38.62,38.62,38.63,38.64,38.65,38.66,38.67,38.68,38.68,38.69,38.69,38.69,38.69,38.69,38.69,38.69,38.68,38.67,38.66,38.65,38.65,38.64,38.63,38.61,38.61,0,0,0,0,0,0,0,0,0,0,0,0,0,0,35.86,35.86,35.86,35.86,35.86,35.86,35.86,35.86,35.86,35.86,35.86,35.86,35.86,35.86,35.86,0,0],
[0,0,0,0,0,0,0,0,0,0,0,0,0,0,0,0,0,0,0,0,0,0,0,0,0,0,0,0,0,0,0,0,0,0,0,0,0,0,0,0,0,0,0,0,0,0,0,0,0,0,0,0,0,0,0,38.68,38.67,38.67,38.67,38.69,38.69,38.69,38.69,38.69,38.69,38.69,38.68,38.67,38.65,38.65,38.61,38.61,0,0,38.61,38.62,38.62,38.61,38.61,38.61,38.61,38.61,38.61,38.61,38.61,38.61,38.61,38.61,38.61,38.61,38.61,0,0,38.61,38.63,38.64,38.64,38.65,38.65,38.66,38.67,38.68,38.69,38.69,38.69,38.69,38.69,38.69,38.69,38.69,38.69,38.68,38.67,38.67,38.66,38.65,38.63,38.61,38.61,0,0,0,0,0,0,0,0,0,0,0,0,0,0,35.86,35.86,35.86,35.86,35.86,35.86,35.86,35.86,35.86,35.86,35.86,35.86,35.86,35.86,35.86,0,0],
[0,0,0,0,0,0,0,0,0,0,0,0,0,0,0,0,0,0,0,0,0,0,0,0,0,0,0,0,0,0,0,0,0,0,0,0,0,0,0,0,0,0,0,0,0,0,0,0,0,0,0,0,0,0,0,38.73,38.73,38.71,38.69,38.69,38.69,38.71,38.72,38.73,38.75,38.75,38.74,38.71,38.69,38.67,38.61,38.61,0,0,38.61,38.62,38.61,38.61,38.61,38.61,38.61,38.61,38.61,38.61,38.61,38.61,38.61,38.61,38.61,38.61,38.61,0,0,38.61,38.63,38.65,38.68,38.68,38.68,38.69,38.69,38.69,38.69,38.70,38.71,38.72,38.74,38.75,38.76,38.74,38.71,38.69,38.69,38.68,38.68,38.65,38.63,38.61,38.61,0,0,0,0,0,0,0,0,0,0,0,0,0,0,35.86,35.86,35.86,35.86,35.86,35.86,35.86,35.86,35.86,35.86,35.86,35.86,35.86,35.86,35.86,0,0],
[0,0,0,0,0,0,0,0,0,0,0,0,0,0,0,0,0,0,0,0,0,0,0,0,0,0,0,0,0,0,0,0,0,0,0,0,0,0,0,0,0,0,0,0,0,0,0,0,0,0,0,0,0,0,0,38.93,38.92,38.91,38.91,38.91,38.90,38.92,38.93,38.93,38.93,38.93,38.93,38.91,38.87,38.75,0,0,0,0,38.61,38.62,38.61,38.61,38.61,38.61,38.61,38.61,38.61,38.61,38.61,38.61,38.61,38.61,38.61,38.61,38.61,0,0,38.61,38.63,38.65,38.68,38.80,38.88,38.90,38.91,38.91,38.92,38.92,38.93,38.93,38.88,38.93,38.95,38.96,38.91,38.94,38.93,38.78,38.67,38.65,38.62,38.61,38.61,0,0,0,0,0,0,0,0,0,0,0,0,0,0,35.86,35.86,35.86,35.86,35.86,35.86,35.86,35.86,35.86,35.86,35.86,35.86,35.86,35.86,35.86,0,0],
[0,0,0,0,0,0,0,0,0,0,0,0,0,0,0,0,0,0,0,0,0,0,0,0,0,0,0,0,0,0,0,0,0,0,0,0,0,0,0,0,0,0,0,0,0,0,0,0,0,0,0,0,0,0,0,39.03,39.03,39.03,39.03,39.06,39.11,39.11,39.11,39.11,39.11,39.11,39.11,39.09,38.97,0,0,0,38.62,38.61,38.61,38.61,38.61,38.61,38.61,38.61,38.61,38.61,38.61,38.61,38.61,38.61,38.61,38.61,38.61,38.61,38.61,38.61,38.61,38.61,38.63,38.66,38.70,38.84,39.03,39.03,39.03,39.08,39.11,39.11,39.11,39.11,39.11,39.11,39.11,39.08,39.03,39.03,38.94,38.75,38.67,38.64,38.61,38.61,38.61,0,0,0,0,0,0,0,0,0,0,0,0,0,0,35.86,35.86,35.86,35.86,35.86,35.86,35.86,35.86,35.86,35.86,35.86,35.86,35.86,35.86,35.86,0,0],
[0,0,0,0,0,0,0,0,0,0,0,0,0,0,0,0,0,0,0,0,0,0,0,0,0,0,0,0,0,0,0,0,0,0,0,0,0,0,0,0,0,0,0,0,0,0,0,0,0,0,0,0,0,0,0,0,0,0,0,39.11,39.11,39.11,39.11,39.11,39.11,39.11,39.11,39.11,0,0,0,38.74,38.69,38.65,38.61,38.61,38.61,38.61,38.61,38.61,38.61,38.61,38.61,38.61,38.62,38.62,38.63,38.63,38.63,38.64,38.64,38.65,38.65,38.68,38.64,38.67,38.69,38.87,39.03,0,0,39.11,39.11,39.11,39.11,39.11,39.11,39.11,39.11,39.11,0,0,38.94,38.74,38.67,38.63,38.61,38.61,0,0,0,0,0,0,0,0,0,0,0,0,0,0,0,35.86,35.86,35.86,35.86,35.86,35.86,35.86,35.86,35.86,35.86,35.86,35.86,35.86,35.86,35.86,0,0],
[0,0,0,0,0,0,0,0,0,0,0,0,0,0,0,0,0,0,0,0,0,0,0,0,0,0,0,0,0,0,0,0,0,0,0,0,0,0,0,0,0,0,0,0,0,0,0,0,0,0,0,0,0,0,0,0,0,0,0,39.11,39.11,39.11,39.11,39.11,39.11,39.11,39.11,39.11,0,0,38.99,38.86,38.72,38.68,38.64,38.61,38.61,38.62,38.62,38.63,38.63,38.64,38.64,38.64,38.65,38.65,38.66,38.66,38.66,38.67,38.67,38.68,38.68,38.68,38.69,38.69,38.72,38.86,39.03,0,0,39.11,39.11,39.11,39.11,39.11,39.11,39.11,39.11,39.11,0,0,38.94,38.74,38.69,38.64,38.61,0,0,0,0,0,0,0,0,0,0,0,0,0,0,0,0,35.86,35.86,35.86,35.86,35.86,35.86,35.86,35.86,35.86,35.86,35.86,35.86,35.86,35.86,35.86,0,0],
[0,0,0,0,0,0,0,0,0,0,0,0,0,0,0,0,0,0,0,0,0,0,0,0,0,0,0,0,0,0,0,0,0,0,0,0,0,0,0,0,0,0,0,0,0,0,0,0,0,0,0,0,0,0,0,39.11,39.11,39.11,39.11,39.11,39.11,39.11,39.11,39.11,39.11,39.11,39.11,39.11,39.11,39.11,39.11,38.86,38.69,38.67,38.64,38.61,38.61,38.62,38.62,38.63,38.63,38.63,38.64,38.64,38.65,38.65,38.65,38.66,38.66,38.67,38.67,38.68,38.68,38.68,38.69,38.69,38.73,38.86,39.08,39.11,39.11,39.11,39.11,39.11,39.11,39.11,39.11,39.11,39.11,39.11,39.11,39.11,39.06,38.76,38.67,38.61,0,0,0,0,0,0,0,0,0,0,0,0,0,0,0,0,0,35.86,35.86,35.86,35.86,35.86,35.86,35.86,35.86,35.86,35.86,35.86,35.86,35.86,35.86,35.86,0,0],
[0,0,0,0,0,0,0,0,0,0,0,0,0,0,0,0,0,0,0,0,0,0,0,0,0,0,0,0,0,0,0,0,0,0,0,0,0,0,0,0,0,0,0,0,0,0,0,0,0,0,0,0,0,0,0,39.11,39.11,39.11,39.11,39.11,39.11,39.11,39.11,39.11,39.11,39.11,39.11,39.11,39.11,39.11,39.10,38.86,38.70,38.67,38.65,38.61,38.61,38.61,38.62,38.62,38.63,38.63,38.64,38.64,38.64,38.65,38.65,38.66,38.66,38.67,38.67,38.67,38.68,38.68,38.69,38.69,38.72,38.86,39.08,39.11,39.11,39.11,39.11,39.11,39.11,39.11,39.11,39.11,39.11,39.11,39.11,39.11,39.11,0,0,0,0,0,0,0,0,0,0,0,0,0,0,0,0,0,0,0,0,35.86,35.86,35.86,35.86,35.86,35.86,35.86,35.86,35.86,35.86,35.86,35.86,35.86,35.86,35.86,0,0],
[0,0,0,0,0,0,0,0,0,0,0,0,0,0,0,0,0,0,0,0,0,0,0,0,0,0,0,0,0,0,0,0,0,0,0,0,0,0,0,0,0,0,0,0,0,0,0,0,0,0,0,0,0,0,0,39.11,39.11,39.11,39.11,39.11,39.11,39.11,39.11,39.11,39.11,39.11,39.11,39.11,39.11,39.11,39.11,38.86,38.71,38.68,38.66,38.61,38.61,38.61,38.62,38.62,38.62,38.63,38.63,38.64,38.64,38.65,38.65,38.66,38.66,38.66,38.67,38.67,38.68,38.68,38.69,38.69,38.70,38.86,39.08,39.11,39.11,39.11,39.11,39.11,39.11,39.11,39.11,39.11,39.11,39.11,39.11,39.11,0,0,0,0,0,0,0,0,0,0,0,0,0,0,0,0,0,0,0,0,0,35.86,35.86,35.86,35.86,35.86,35.86,35.86,35.86,35.86,35.86,35.86,35.86,35.86,35.86,35.86,0,0],
[0,0,0,0,0,0,0,0,0,0,0,0,0,0,0,0,0,0,0,0,0,0,0,0,0,0,0,0,0,0,0,0,0,0,0,0,0,0,0,0,0,0,0,0,0,0,0,0,0,0,0,0,0,0,0,39.11,39.11,39.11,39.11,39.11,39.11,39.11,39.11,39.11,39.11,39.11,39.11,39.11,39.11,39.11,39.10,38.86,38.71,38.69,38.66,38.61,38.61,38.61,38.61,38.62,38.62,38.63,38.63,38.64,38.64,38.64,38.65,38.65,38.66,38.66,38.67,38.67,38.68,38.68,38.68,38.69,38.70,38.87,39.08,39.11,39.11,39.11,39.11,39.11,39.11,39.11,39.11,39.11,39.11,39.11,39.11,39.11,0,0,0,0,0,0,0,0,0,0,0,0,0,0,0,0,0,0,0,0,0,35.86,35.86,35.86,35.86,35.86,35.86,35.86,35.86,35.86,35.86,35.86,35.86,35.86,35.86,35.86,0,0],
[0,0,0,0,0,0,0,0,0,0,0,0,0,0,0,0,0,0,0,0,0,0,0,0,0,0,0,0,0,0,0,0,0,0,0,0,0,0,0,0,0,0,0,0,0,0,0,0,0,0,0,0,0,0,0,39.11,39.11,39.11,39.11,39.11,39.11,39.11,39.11,39.11,39.11,39.11,39.11,39.11,39.11,39.11,39.10,38.86,38.72,38.70,38.66,38.61,38.61,38.61,38.61,38.62,38.62,38.62,38.63,38.63,38.64,38.64,38.65,38.65,38.66,38.66,38.66,38.67,38.67,38.68,38.68,38.69,38.70,38.87,39.08,39.11,39.11,39.11,39.11,39.11,39.11,39.11,39.11,39.11,39.11,39.11,39.11,39.11,0,0,0,0,0,0,0,0,0,0,0,0,0,0,0,0,0,0,0,0,0,0,35.86,35.86,35.86,35.86,35.86,35.86,35.86,35.86,35.86,35.86,35.86,35.86,35.86,35.86,0,0],
[0,0,0,0,0,0,0,0,0,0,0,0,0,0,0,0,0,0,0,0,0,0,0,0,0,0,0,0,0,0,0,0,0,0,0,0,0,0,0,0,0,0,0,0,0,0,0,0,0,0,0,0,0,0,0,39.11,39.11,39.11,39.11,39.11,39.11,39.11,39.11,39.11,39.11,39.11,39.11,39.11,39.11,39.11,39.10,38.86,38.73,38.70,38.66,38.61,38.61,38.61,38.61,38.61,38.62,38.62,38.63,38.63,38.64,38.64,38.64,38.65,38.65,38.66,38.66,38.67,38.67,38.67,38.68,38.69,38.70,38.88,39.08,39.11,39.11,39.11,39.11,39.11,39.11,39.11,39.11,39.11,39.11,39.11,39.11,39.11,0,0,0,0,0,0,0,0,0,0,0,0,0,0,0,0,0,0,0,0,0,0,35.86,35.86,35.86,35.86,35.86,35.86,35.86,35.86,35.86,35.86,35.86,35.86,35.86,35.86,0,0],
[0,0,0,0,0,0,0,0,0,0,0,0,0,0,0,0,0,0,0,0,0,0,0,0,0,0,0,0,0,0,0,0,0,0,0,0,0,0,0,0,0,0,0,0,0,0,0,0,0,0,0,0,0,0,0,39.11,39.11,39.11,39.11,39.11,39.11,39.11,39.11,39.11,39.11,39.11,39.11,39.11,39.11,39.11,39.10,38.86,38.74,38.70,38.66,38.61,38.61,38.61,38.61,38.61,38.62,38.62,38.62,38.63,38.63,38.64,38.64,38.65,38.65,38.65,38.66,38.66,38.67,38.67,38.68,38.69,38.70,38.88,39.08,39.11,39.11,39.11,39.11,39.11,39.11,39.11,39.11,39.11,39.11,39.11,39.11,39.11,0,0,0,0,0,0,0,0,0,0,0,0,0,0,0,0,0,0,0,0,0,0,35.86,35.86,35.86,35.86,35.86,35.86,35.86,35.86,35.86,35.86,35.86,35.86,35.86,35.86,0,0],
[0,0,0,0,0,0,0,0,0,0,0,0,0,0,0,0,0,0,0,0,0,0,0,0,0,0,0,0,0,0,0,0,0,0,0,0,0,0,0,0,0,0,0,0,0,0,0,0,0,0,0,0,0,0,0,39.11,39.11,39.11,39.11,39.11,39.11,39.11,39.11,39.11,39.11,39.11,39.11,39.11,39.11,39.11,39.10,38.86,38.74,38.70,38.66,38.61,38.61,38.61,38.61,38.61,38.61,38.62,38.62,38.63,38.63,38.63,38.64,38.64,38.65,38.65,38.66,38.66,38.67,38.67,38.68,38.69,38.70,38.89,39.08,39.11,39.11,39.11,39.11,39.11,39.11,39.11,39.11,39.11,39.11,39.11,39.11,39.11,0,0,0,0,0,0,0,0,0,0,0,0,0,0,0,0,0,0,0,0,0,0,0,35.86,35.86,35.86,35.86,35.86,35.86,35.86,35.86,35.86,35.86,35.86,35.86,35.86,0,0],
[0,0,0,0,0,0,0,0,0,0,0,0,0,0,0,0,0,0,0,0,0,0,0,0,0,0,0,0,0,0,0,0,0,0,0,0,0,0,0,0,0,0,0,0,0,0,0,0,0,0,0,0,0,0,0,0,39.11,39.11,39.11,39.11,39.11,39.11,39.11,39.11,39.11,39.11,39.11,39.11,39.11,39.11,39.09,38.86,38.75,38.70,38.66,38.61,38.61,38.61,38.61,38.61,38.61,38.61,38.62,38.62,38.63,38.63,38.64,38.64,38.65,38.65,38.65,38.66,38.66,38.67,38.68,38.69,38.70,38.88,39.08,39.11,39.11,39.11,39.11,39.11,39.11,39.11,39.11,39.11,39.11,39.11,39.11,39.11,0,0,0,0,0,0,0,0,0,0,0,0,0,0,0,0,0,0,0,0,0,0,0,35.86,35.86,35.86,35.86,35.86,35.86,35.86,35.86,35.86,35.86,35.86,35.86,35.86,0,0],
[0,0,0,0,0,0,0,0,0,0,0,0,0,0,0,0,0,0,0,0,0,0,0,0,0,0,0,0,0,0,0,0,0,0,0,0,0,0,0,0,0,0,0,0,0,0,0,0,0,0,0,0,0,0,0,0,0,39.11,39.11,39.11,39.11,39.11,39.11,39.11,39.11,39.11,39.11,39.11,39.11,39.11,39.09,38.86,38.75,38.70,38.66,38.61,38.61,38.61,38.61,38.61,38.61,38.61,38.62,38.62,38.63,38.63,38.63,38.64,38.64,38.65,38.65,38.66,38.66,38.67,38.68,38.69,38.70,38.87,39.08,39.11,39.11,39.11,39.11,39.11,39.11,39.11,39.11,39.11,39.11,39.11,39.11,39.11,0,0,0,0,0,0,0,0,0,0,0,0,0,0,0,0,0,0,0,0,0,0,0,35.86,35.86,35.86,35.86,35.86,35.86,35.86,35.86,35.86,35.86,35.86,35.86,35.86,0,0],
[0,0,0,0,0,0,0,0,0,0,0,0,0,0,0,0,0,0,0,0,0,0,0,0,0,0,0,0,0,0,0,0,0,0,0,0,0,0,0,0,0,0,0,0,0,0,0,0,0,0,0,0,0,0,0,0,0,0,39.11,39.11,39.11,39.11,39.11,39.11,39.11,39.11,39.11,39.11,39.11,39.11,39.09,38.86,38.75,38.70,38.66,38.61,38.61,38.61,38.61,38.61,38.61,38.61,38.61,38.62,38.62,38.63,38.63,38.64,38.64,38.65,38.65,38.66,38.66,38.67,38.68,38.69,38.70,38.86,39.08,39.11,39.11,39.11,39.11,39.11,39.11,39.11,39.11,39.11,39.11,39.11,39.11,39.11,0,0,0,0,0,0,0,0,0,0,0,0,0,0,0,0,0,0,0,0,0,0,0,0,35.86,35.86,35.86,35.86,35.86,35.86,35.86,35.86,35.86,35.86,35.86,35.86,0,0],
[0,0,0,0,0,0,0,0,0,0,0,0,0,0,0,0,0,0,0,0,0,0,0,0,0,0,0,0,0,0,0,0,0,0,0,0,0,0,0,0,0,0,0,0,0,0,0,0,0,0,0,0,0,0,0,0,0,0,39.11,39.11,39.11,39.11,39.11,39.11,39.11,39.11,39.11,39.11,39.11,39.11,39.09,38.83,38.75,38.70,38.66,38.61,38.61,38.61,38.61,38.61,38.61,38.61,38.61,38.62,38.62,38.63,38.63,38.63,38.64,38.64,38.65,38.66,38.66,38.67,38.68,38.69,38.71,38.85,39.08,39.11,39.11,39.11,39.11,39.11,39.11,39.11,39.11,39.11,39.11,39.11,39.11,0,0,0,0,0,0,0,0,0,0,0,0,0,0,0,0,0,0,0,0,0,0,0,0,0,35.86,35.86,35.86,35.86,35.86,35.86,35.86,35.86,35.86,35.86,35.86,35.86,0,0],
[0,0,0,0,0,0,0,0,0,0,0,0,0,0,0,0,0,0,0,0,0,0,0,0,0,0,0,0,0,0,0,0,0,0,0,0,0,0,0,0,0,0,0,0,0,0,0,0,0,0,0,0,0,0,0,0,0,0,0,39.11,39.11,39.11,39.11,39.11,39.11,39.11,39.11,39.11,39.11,39.11,39.08,38.76,38.75,38.70,38.66,38.61,38.61,38.61,38.61,38.61,38.61,38.61,38.61,38.61,38.62,38.62,38.63,38.63,38.64,38.64,38.65,38.66,38.67,38.67,38.68,38.69,38.71,38.85,39.08,39.11,39.11,39.11,39.11,39.11,39.11,39.11,39.11,39.11,39.11,39.11,0,0,0,0,0,0,0,0,0,0,0,0,0,0,0,0,0,0,0,0,0,0,0,0,0,0,35.86,35.86,35.86,35.86,35.86,35.86,35.86,35.86,35.86,35.86,35.86,35.86,0,0],
[0,0,0,0,0,0,0,0,0,0,0,0,0,0,0,0,0,0,0,0,0,0,0,0,0,0,0,0,0,0,0,0,0,0,0,0,0,0,0,0,0,0,0,0,0,0,0,0,0,0,0,0,0,0,0,0,0,0,0,39.11,39.11,39.11,39.11,39.11,39.11,39.11,39.11,39.11,39.11,39.11,39.06,38.69,38.74,38.70,38.66,38.61,38.61,38.61,38.61,38.61,38.61,38.61,38.61,38.61,38.62,38.62,38.62,38.63,38.63,38.64,38.65,38.66,38.67,38.67,38.68,38.69,38.71,38.84,39.06,39.11,39.11,39.11,39.11,39.11,39.11,39.11,39.11,39.11,39.11,0,0,0,0,0,0,0,0,0,0,0,0,0,0,0,0,0,0,0,0,0,0,0,0,0,0,0,35.86,35.86,35.86,35.86,35.86,35.86,35.86,35.86,35.86,35.86,35.86,35.86,0,0],
[0,0,0,0,0,0,0,0,0,0,0,0,0,0,0,0,0,0,0,0,0,0,0,0,0,0,0,0,0,0,0,0,0,0,0,0,0,0,0,0,0,0,0,0,0,0,0,0,0,0,0,0,0,0,0,0,0,0,0,0,0,39.11,39.11,39.11,39.11,39.11,39.11,39.11,0,0,38.91,38.67,38.72,38.70,38.66,38.61,38.61,38.61,38.61,38.61,38.61,38.61,38.61,38.61,38.61,38.62,38.62,38.63,38.63,38.64,38.65,38.66,38.67,38.67,38.68,38.69,38.71,38.85,39.03,0,0,39.11,39.11,39.11,39.11,39.11,39.11,39.11,0,0,0,0,0,0,0,0,0,0,0,0,0,0,0,0,0,0,0,0,0,0,0,0,0,0,0,0,0,35.86,35.86,35.86,35.86,35.86,35.86,35.86,0,0,0,0,0,0],
[0,0,0,0,0,0,0,0,0,0,0,0,0,0,0,0,0,0,0,0,0,0,0,0,0,0,0,0,0,0,0,0,0,0,0,0,0,0,0,0,0,0,0,0,0,0,0,0,0,0,0,0,0,0,0,0,0,0,0,0,0,0,0,0,39.11,39.11,39.11,39.11,0,0,38.80,38.65,38.70,38.70,38.66,38.61,38.61,38.61,38.61,38.61,38.61,38.61,38.61,38.61,38.61,38.62,38.62,38.63,38.63,38.64,38.65,38.66,38.66,38.67,38.67,38.68,38.69,38.89,39.03,0,0,39.11,39.11,39.11,39.11,39.11,39.11,39.11,0,0,0,0,0,0,0,0,0,0,0,0,0,0,0,0,0,0,0,0,0,0,0,0,0,0,0,0,0,35.86,35.86,35.86,35.86,35.86,35.86,0,0,0,0,0,0,0],
[0,0,0,0,0,0,0,0,0,0,0,0,0,0,0,0,0,0,0,0,0,0,0,0,0,0,0,0,0,0,0,0,0,0,0,0,0,0,0,0,0,0,0,0,0,0,0,0,0,0,0,0,0,0,0,0,0,0,0,0,0,0,0,0,0,0,0,0,0,0,38.68,38.64,38.68,38.70,38.66,38.61,38.61,38.61,38.61,38.61,38.61,38.61,38.61,38.61,38.61,38.61,38.62,38.63,38.63,38.64,38.65,38.65,38.66,38.66,38.67,38.67,38.68,38.83,39.01,39.03,39.03,39.03,39.02,39.01,39.00,39.00,38.98,38.97,0,0,0,0,0,0,0,0,0,0,0,0,0,0,0,0,0,0,0,0,0,0,0,0,0,0,0,0,0,0,0,0,0,0,0,0,0,0,0,0,0,0],
[0,0,0,0,0,0,0,0,0,0,0,0,0,0,0,0,0,0,0,0,0,0,0,0,0,0,0,0,0,0,0,0,0,0,0,0,0,0,0,0,0,0,0,0,0,0,0,0,0,0,0,0,0,0,0,0,0,0,0,0,0,0,0,0,0,0,0,0,0,0,38.61,38.62,38.66,38.70,38.66,38.61,38.61,38.61,38.61,38.61,38.61,38.61,38.61,38.61,38.61,38.61,38.62,38.62,38.63,38.63,38.64,38.64,38.65,38.65,38.66,38.66,38.68,38.75,38.82,38.86,38.86,38.85,38.84,38.82,38.83,38.81,38.79,38.78,0,0,0,0,0,0,0,0,0,0,0,0,0,0,0,0,0,0,0,0,0,0,0,0,0,0,0,0,0,0,0,0,0,0,0,0,0,0,0,0,0,0],
[0,0,0,0,0,0,0,0,0,0,0,0,0,0,0,0,0,0,0,0,0,0,0,0,0,0,0,0,0,0,0,0,0,0,0,0,0,0,0,0,0,0,0,0,0,0,0,0,0,0,0,0,0,0,0,0,0,0,0,0,0,0,0,0,0,0,0,0,0,38.61,38.61,38.61,38.64,38.69,38.66,38.61,38.61,38.61,38.61,38.61,38.61,38.61,0,0,0,38.61,38.61,38.62,38.62,38.63,38.63,38.64,38.64,38.65,38.65,38.65,38.67,38.67,38.67,38.72,38.72,38.71,38.70,38.69,38.68,38.66,38.68,0,0,0,0,0,0,0,0,0,0,0,0,0,0,0,0,0,0,0,0,0,0,0,0,0,0,0,0,0,0,0,0,0,0,0,0,0,0,0,0,0,0,0],
[0,0,0,0,0,0,0,0,0,0,0,0,0,0,0,0,0,0,0,0,0,0,0,0,0,0,0,0,0,0,0,0,0,0,0,0,0,0,0,0,0,0,0,0,0,0,0,0,0,0,0,0,0,0,0,0,0,0,0,0,0,0,0,0,0,0,0,0,0,38.61,38.61,38.61,38.62,38.67,38.66,38.61,38.61,38.61,38.61,38.61,38.61,0,0,0,0,0,38.61,38.61,38.61,38.62,38.62,38.63,38.63,38.64,38.64,38.65,38.66,38.65,38.63,38.61,38.61,38.61,38.61,38.61,38.61,38.62,0,0,0,0,0,0,0,0,0,0,0,0,0,0,0,0,0,0,0,0,0,0,0,0,0,0,0,0,0,0,0,0,0,0,0,0,0,0,0,0,0,0,0,0],
[0,0,0,0,0,0,0,0,0,0,0,0,0,0,0,0,0,0,0,0,0,0,0,0,0,0,0,0,0,0,0,0,0,0,0,0,0,0,0,0,0,0,0,0,0,0,0,0,0,0,0,0,0,0,0,0,0,0,0,0,0,0,0,0,0,0,0,0,0,38.61,38.61,38.61,38.61,38.65,38.66,38.61,38.61,38.61,38.61,38.61,38.61,38.61,0,0,0,0,38.61,38.61,38.61,38.61,38.62,38.62,38.63,38.63,38.63,38.64,38.64,38.63,38.61,38.61,0,0,0,0,0,0,0,0,0,0,0,0,0,0,0,0,0,0,0,0,0,0,0,0,0,0,0,0,0,0,0,0,0,0,0,0,0,0,0,0,0,0,0,0,0,0,0,0,0,0],
[0,0,0,0,0,0,0,0,0,0,0,0,0,0,0,0,0,0,0,0,0,0,0,0,0,0,0,0,0,0,0,0,0,0,0,0,0,0,0,0,0,0,0,0,0,0,0,0,0,0,0,0,0,0,0,0,0,0,0,0,0,0,0,0,0,0,0,0,38.61,38.61,38.61,38.61,38.61,38.63,38.66,38.61,38.61,38.61,38.61,38.61,38.61,38.61,0,0,0,38.61,38.61,38.61,38.61,38.61,38.61,38.61,38.62,38.62,38.63,38.63,38.62,38.61,38.61,0,0,0,0,0,0,0,0,0,0,0,0,0,0,0,0,0,0,0,0,0,0,0,0,0,0,0,0,0,0,0,0,0,0,0,0,0,0,0,0,0,0,0,0,0,0,0,0,0,0,0],
[0,0,0,0,0,0,0,0,0,0,0,0,0,0,0,0,0,0,0,0,0,0,0,0,0,0,0,0,0,0,0,0,0,0,0,0,0,0,0,0,0,0,0,0,0,0,0,0,0,0,0,0,0,0,0,0,0,0,0,0,0,0,0,0,0,0,0,0,0,38.61,38.61,38.61,38.61,38.61,38.66,38.61,38.61,38.61,38.61,38.61,38.61,38.61,38.61,38.61,38.61,38.61,38.62,38.63,38.62,38.62,38.61,38.61,38.61,38.61,38.62,38.61,38.61,38.61,0,0,0,0,0,0,0,0,0,0,0,0,0,0,0,0,0,0,0,0,0,0,0,0,0,0,0,0,0,0,0,0,0,0,0,0,0,0,0,0,0,0,0,0,0,0,0,0,0,0,0,0],
[0,0,0,0,0,0,0,0,0,0,0,0,0,0,0,0,0,0,0,0,0,0,0,0,0,0,0,0,0,0,0,0,0,0,0,0,0,0,0,0,0,0,0,0,0,0,0,0,0,0,0,0,0,0,0,0,0,0,0,0,0,0,0,0,0,0,0,0,0,0,38.61,38.61,38.61,38.61,38.64,38.61,38.61,38.61,38.61,38.61,38.61,38.61,38.61,38.61,38.61,38.62,38.63,38.65,38.64,38.64,38.63,38.63,38.62,38.62,38.61,38.61,38.61,0,0,0,0,0,0,0,0,0,0,0,0,0,0,0,0,0,0,0,0,0,0,0,0,0,0,0,0,0,0,0,0,0,0,0,0,0,0,0,0,0,0,0,0,0,0,0,0,0,0,0,0,0],
[0,0,0,0,0,0,0,0,0,0,0,0,0,0,0,0,0,0,0,0,0,0,0,0,0,0,0,0,0,0,0,0,0,0,0,0,0,0,0,0,0,0,0,0,0,0,0,0,0,0,0,0,0,0,0,0,0,0,0,0,0,0,0,0,0,0,0,0,0,0,0,0,38.61,38.61,38.62,38.61,38.61,38.61,38.61,38.61,38.61,38.61,38.61,38.61,38.61,38.63,38.65,38.67,38.66,38.66,38.65,38.64,38.63,38.61,38.61,0,0,0,0,0,0,0,0,0,0,0,0,0,0,0,0,0,0,0,0,0,0,0,0,0,0,0,0,0,0,0,0,0,0,0,0,0,0,0,0,0,0,0,0,0,0,0,0,0,0,0,0,0,0,0],
[0,0,0,0,0,0,0,0,0,0,0,0,0,0,0,0,0,0,0,0,0,0,0,0,0,0,0,0,0,0,0,0,0,0,0,0,0,0,0,0,0,0,0,0,0,0,0,0,0,0,0,0,0,0,0,0,0,0,0,0,0,0,0,0,0,0,0,0,0,0,0,0,38.61,38.61,38.61,38.61,38.61,38.61,38.61,38.61,38.61,38.61,38.61,38.61,38.61,38.63,38.66,38.69,38.68,38.67,38.65,38.64,38.62,38.61,38.61,0,0,0,0,0,0,0,0,0,0,0,0,0,0,0,0,0,0,0,0,0,0,0,0,0,0,0,0,0,0,0,0,0,0,0,0,0,0,0,0,0,0,0,0,0,0,0,0,0,0,0,0,0,0,0],
[0,0,0,0,0,0,0,0,0,0,0,0,0,0,0,0,0,0,0,0,0,0,0,0,0,0,0,0,0,0,0,0,0,0,0,0,0,0,0,0,0,0,0,0,0,0,0,0,0,0,0,0,0,0,0,0,0,0,0,0,0,0,0,0,0,0,0,0,0,0,0,0,0,38.61,38.61,38.61,38.61,38.61,38.61,38.61,38.61,38.61,38.61,38.61,38.61,38.62,38.67,38.71,38.69,38.67,38.65,38.63,38.62,38.61,38.61,0,0,0,0,0,0,0,0,0,0,0,0,0,0,0,0,0,0,0,0,0,0,0,0,0,0,0,0,0,0,0,0,0,0,0,0,0,0,0,0,0,0,0,0,0,0,0,0,0,0,0,0,0,0,0],
[0,0,0,0,0,0,0,0,0,0,0,0,0,0,0,0,0,0,0,0,0,0,0,0,0,0,0,0,0,0,0,0,0,0,0,0,0,0,0,0,0,0,0,0,0,0,0,0,0,0,0,0,0,0,0,0,0,0,0,0,0,0,0,0,0,0,0,0,0,0,0,0,0,0,38.61,38.61,38.61,38.61,38.61,38.61,38.61,38.61,38.61,38.61,38.61,38.61,38.68,38.73,38.73,38.71,38.68,38.65,38.62,38.61,0,0,0,0,0,0,0,0,0,0,0,0,0,0,0,0,0,0,0,0,0,0,0,0,0,0,0,0,0,0,0,0,0,0,0,0,0,0,0,0,0,0,0,0,0,0,0,0,0,0,0,0,0,0,0,0],
[0,0,0,0,0,0,0,0,0,0,0,0,0,0,0,0,0,0,0,0,0,0,0,0,0,0,0,0,0,0,0,0,0,0,0,0,0,0,0,0,0,0,0,0,0,0,0,0,0,0,0,0,0,0,0,0,0,0,0,0,0,0,0,0,0,0,0,0,0,0,0,0,0,0,0,38.61,38.61,38.61,38.61,38.61,38.61,38.61,38.61,38.61,38.61,38.61,38.68,38.75,38.77,38.74,38.71,38.67,0,0,0,0,0,0,0,0,0,0,0,0,0,0,0,0,0,0,0,0,0,0,0,0,0,0,0,0,0,0,0,0,0,0,0,0,0,0,0,0,0,0,0,0,0,0,0,0,0,0,0,0,0,0,0,0,0,0],
[0,0,0,0,0,0,0,0,0,0,0,0,0,0,0,0,0,0,0,0,0,0,0,0,0,0,0,0,0,0,0,0,0,0,0,0,0,0,0,0,0,0,0,0,0,0,0,0,0,0,0,0,0,0,0,0,0,0,0,0,0,0,0,0,0,0,0,0,0,0,0,0,0,0,0,0,0,0,0,0,0,38.61,38.61,38.61,38.61,38.61,0,0,38.78,38.76,38.72,0,0,0,0,0,0,0,0,0,0,0,0,0,0,0,0,0,0,0,0,0,0,0,0,0,0,0,0,0,0,0,0,0,0,0,0,0,0,0,0,0,0,0,0,0,0,0,0,0,0,0,0,0,0,0,0,0,0,0],
[0,0,0,0,0,0,0,0,0,0,0,0,0,0,0,0,0,0,0,0,0,0,0,0,0,0,0,0,0,0,0,0,0,0,0,0,0,0,0,0,0,0,0,0,0,0,0,0,0,0,0,0,0,0,0,0,0,0,0,0,0,0,0,0,0,0,0,0,0,0,0,0,0,0,0,0,0,0,0,0,0,38.61,38.61,38.61,38.61,38.61,0,0,0,0,0,0,0,0,0,0,0,0,0,0,0,0,0,0,0,0,0,0,0,0,0,0,0,0,0,0,0,0,0,0,0,0,0,0,0,0,0,0,0,0,0,0,0,0,0,0,0,0,0,0,0,0,0,0,0,0,0,0,0,0]]