[[0,0,0,0,0,0,0,0,0,0,0,0,0,0,0,0,0,0,0,0,0,0,0,0,0,0,0,0,0,0,0,0,0,0,0,0,0,0,0,0,0,0,0,0,0,0,0,0,0,0,0,0,0,0,0,0,0,0,0,0,0,0,0,0,0,0,0,0,0,0,0,0,0,0,0,0,0,0,0,0,0,0,0,0,0,0,0,0,0,0,0,0,0,0,0,0,0,0,0,0,0,0,0,0,0,0,0,0,0,0,0,0,0,0,0,0,0,0,0,0,0,0,0,0,0,0,0,0,0,0,0,0,0,0,0,0,0,0,0,0,0,0,0,0,0,0,0,0,0,0,0,0,0,0,0,0,0,0,0,0,0,0,0,0,0,0,0,0,0,0,0,0,0,0,0,0,0,0,0,0,0,0,0,0,0,0,0,0,0,0,0,0,0,0,0,0,0,0,0,0],
[0,0,0,0,0,0,0,0,0,0,0,0,0,0,0,0,0,0,0,0,0,0,0,0,0,0,0,0,0,0,0,0,0,0,0,0,0,0,0,0,0,0,0,0,0,0,0,0,0,0,0,0,0,0,0,0,0,0,0,0,0,0,0,0,0,0,0,0,0,0,0,0,0,0,0,0,0,0,0,0,0,0,0,0,0,0,0,0,0,0,0,0,0,0,0,0,0,0,0,0,0,0,0,0,0,0,0,0,0,0,0,0,0,0,0,0,0,0,0,0,0,0,0,0,0,0,0,0,0,0,0,0,0,0,0,0,0,0,0,0,0,0,0,0,0,0,0,0,0,0,0,0,0,0,0,0,0,0,0,0,0,0,0,0,0,0,0,0,0,0,0,0,0,0,0,0,0,0,0,0,0,0,0,0,0,0,0,0,0,0,0,0,0,0,0,0,0,0,0,0],
[0,0,0,0,0,0,0,0,0,0,0,0,0,0,0,0,0,0,0,0,0,0,0,0,0,0,0,0,0,0,0,0,0,0,0,0,0,0,0,0,0,0,0,0,0,0,0,0,0,0,0,0,0,0,0,0,0,0,0,0,0,0,0,0,0,0,0,0,0,0,0,0,0,0,0,0,0,0,0,0,0,0,0,0,0,0,0,0,0,0,0,0,0,0,0,0,0,0,0,0,0,0,0,0,0,0,0,0,0,0,0,0,0,0,0,0,0,0,0,0,0,0,0,0,0,0,0,0,0,0,0,0,0,0,0,0,0,0,0,0,0,0,0,0,0,0,0,0,0,0,0,0,0,0,0,0,0,0,0,0,0,0,0,0,0,0,0,0,0,0,0,0,0,0,0,0,0,0,0,0,0,0,0,0,0,0,0,0,0,0,0,0,0,0,0,0,0,0,0,0],
[0,0,0,0,0,0,0,0,0,0,0,0,0,0,0,0,0,0,0,0,0,0,0,0,0,0,0,0,0,0,0,0,0,0,0,0,0,0,0,0,0,0,0,0,0,0,0,0,0,0,0,0,0,0,0,0,0,0,0,0,0,0,0,0,0,0,0,0,0,0,0,0,0,0,0,0,0,0,0,0,0,0,0,0,0,0,0,0,0,0,0,0,0,0,0,0,0,0,0,0,0,0,0,0,0,0,0,0,0,0,0,0,0,0,0,0,0,0,0,0,0,0,0,0,0,0,0,0,0,0,0,0,0,0,0,0,0,0,0,0,0,0,0,0,0,0,0,0,0,0,0,0,0,0,0,0,0,0,0,0,0,0,0,0,0,0,0,0,0,0,0,0,0,0,0,0,0,0,0,0,0,0,0,0,0,0,0,0,0,0,0,0,0,0,0,0,0,0,0,0],
[0,0,0,0,0,0,0,0,0,0,0,0,0,0,0,0,0,0,0,0,0,0,0,0,0,0,0,0,0,0,0,0,0,0,0,0,0,0,0,0,0,0,0,0,0,0,0,0,0,0,0,0,0,0,0,0,0,0,0,0,0,0,0,0,0,0,0,0,0,0,0,0,0,0,0,0,0,0,0,0,0,0,0,0,0,0,0,0,0,0,0,0,0,0,0,0,0,0,0,0,0,0,0,0,0,0,0,0,0,0,0,0,0,0,0,0,0,0,0,0,0,0,0,0,0,0,0,0,0,0,0,0,0,0,0,0,0,0,0,0,0,0,0,0,0,0,0,0,0,0,0,0,0,0,0,0,0,0,0,0,0,0,0,0,0,0,0,0,0,0,0,0,0,0,0,0,0,0,0,0,0,0,0,0,0,0,0,0,0,0,0,0,0,0,0,0,0,0,0,0],
[0,0,0,0,0,0,0,0,0,0,0,0,0,0,0,0,0,0,0,0,0,0,0,0,0,0,0,0,0,0,0,0,0,0,0,0,0,0,0,0,0,0,0,0,0,0,0,0,0,0,0,0,0,0,0,0,0,0,0,0,0,0,0,0,0,0,0,0,0,0,0,0,0,0,0,0,0,0,0,0,0,0,0,0,0,0,0,0,0,0,0,0,0,0,0,0,0,0,0,0,0,0,0,0,0,0,0,0,0,0,0,0,0,0,0,0,0,0,0,0,0,0,0,0,0,0,0,0,0,0,0,0,0,0,0,0,0,0,0,0,0,0,0,0,0,0,0,0,0,0,0,0,0,0,0,0,0,0,0,0,0,0,0,0,0,0,0,0,0,0,0,0,0,0,0,0,0,0,0,0,0,0,0,0,0,0,0,0,0,0,0,0,0,0,0,0,0,0,0,0],
[0,0,0,0,0,0,0,0,0,0,0,0,0,0,0,0,0,0,0,0,0,0,0,0,0,0,0,0,0,0,0,0,0,0,0,0,0,0,0,0,0,0,0,0,0,0,0,0,0,0,0,0,0,0,0,0,0,0,0,0,0,0,0,0,0,0,0,0,0,0,0,0,0,0,0,0,0,0,0,0,0,0,0,0,0,0,0,0,0,0,0,0,0,0,0,0,0,0,0,0,0,0,0,0,0,0,0,0,0,0,0,0,0,0,0,0,0,0,0,0,0,0,0,0,0,0,0,0,0,0,0,0,0,0,0,0,0,0,0,0,0,0,0,0,0,0,0,0,0,0,0,0,0,0,0,0,0,0,0,0,0,0,0,0,0,0,0,0,0,0,0,0,0,0,0,0,0,0,0,0,0,0,0,0,0,0,0,0,0,0,0,0,0,0,0,0,0,0,0,0],
[0,0,0,0,0,0,0,0,0,0,0,0,0,0,0,0,0,0,0,0,0,0,0,0,0,0,0,0,0,0,0,0,0,0,0,0,0,0,0,0,0,0,0,0,0,0,0,0,0,0,0,0,0,0,0,0,0,0,0,0,0,0,0,0,0,0,0,0,0,0,0,0,0,0,0,0,0,0,0,0,0,0,0,0,0,0,0,0,0,0,0,0,0,0,0,0,0,0,0,0,0,0,0,0,0,0,0,0,0,0,0,0,0,0,0,0,0,0,0,0,0,0,0,0,0,0,0,0,0,0,0,0,0,0,0,0,0,0,0,0,0,0,0,0,0,0,0,0,0,0,0,0,0,0,0,0,0,0,0,0,0,0,0,0,0,0,0,0,0,0,0,0,0,0,0,0,0,0,0,0,0,0,0,0,0,0,0,0,0,0,0,0,0,0,0,0,0,0,0,0],
[0,0,0,0,0,0,0,0,0,0,0,0,0,0,0,0,0,0,0,0,0,0,0,0,0,0,0,0,0,0,0,0,0,0,0,0,0,0,0,0,0,0,0,0,0,0,0,0,0,0,0,0,0,0,0,0,0,0,0,0,0,0,0,0,0,0,0,0,0,0,0,0,0,0,0,0,0,0,0,0,0,0,0,0,0,0,0,0,0,0,0,0,0,0,0,0,0,0,0,0,0,0,0,0,0,0,0,0,0,0,0,0,0,0,0,0,0,0,0,0,0,0,0,0,0,0,0,0,0,0,0,0,0,0,0,0,0,0,0,0,0,0,0,0,0,0,0,0,0,0,0,0,0,0,0,0,0,0,0,0,0,0,0,0,0,0,0,0,0,0,0,0,0,0,0,0,0,0,0,0,0,0,0,0,0,0,0,0,0,0,0,0,0,0,0,0,0,0,0,0],
[0,0,0,0,0,0,0,0,0,0,0,0,0,0,0,0,0,0,0,0,0,0,0,0,0,0,0,0,0,0,0,0,0,0,0,0,0,0,0,0,0,0,0,0,0,0,0,0,0,0,0,0,0,0,0,0,0,0,0,0,0,0,0,0,0,0,0,0,0,0,0,0,0,0,0,0,0,0,0,0,0,0,0,0,0,0,0,0,0,0,0,0,0,0,0,0,0,0,0,0,0,0,0,0,0,0,0,0,0,0,0,0,0,0,0,0,0,0,0,0,0,0,0,0,0,0,0,0,0,0,0,0,0,0,0,0,0,0,0,0,0,0,0,0,0,0,0,0,0,0,0,0,0,0,0,0,0,0,0,0,0,0,0,0,0,0,0,0,0,0,0,0,0,0,0,0,0,0,0,0,0,0,0,0,0,0,0,0,0,0,0,0,0,0,0,0,0,0,0,0],
[0,0,0,0,0,0,0,0,0,0,0,0,0,0,0,0,0,0,0,0,0,0,0,0,0,0,0,0,0,0,0,0,0,0,0,0,0,0,0,0,0,0,0,0,0,0,0,0,0,0,0,0,0,0,0,0,0,0,0,0,0,0,0,0,0,0,0,0,0,0,0,0,0,0,0,0,0,0,0,0,0,0,0,0,0,0,0,0,0,0,0,0,0,0,0,0,0,0,0,0,0,0,0,0,0,0,0,0,0,0,0,0,0,0,0,0,0,0,0,0,0,0,0,0,0,0,0,0,0,0,0,0,0,0,0,0,0,0,0,0,0,0,0,0,0,0,0,0,0,0,0,0,0,0,0,0,0,0,0,0,0,0,0,0,0,0,0,0,0,0,0,0,0,0,0,0,0,0,0,0,0,0,0,0,0,0,0,0,0,0,0,0,0,0,0,0,0,0,0,0],
[0,0,0,0,0,0,0,0,0,0,0,0,0,0,0,0,0,0,0,0,0,0,0,0,0,0,0,0,0,0,0,0,0,0,0,0,0,0,0,0,0,0,0,0,0,0,0,0,0,0,0,0,0,0,0,0,0,0,0,0,0,0,0,0,0,0,0,0,0,0,0,0,0,0,0,0,0,0,0,0,0,0,0,0,0,0,0,0,0,0,0,0,0,0,0,0,0,0,0,0,0,0,0,0,0,0,0,0,0,0,0,0,0,0,0,0,0,0,0,0,0,0,0,0,0,0,0,0,0,0,0,0,0,0,0,0,0,0,0,0,0,0,0,0,0,0,0,0,0,0,0,0,0,0,0,0,0,0,0,0,0,0,0,0,0,0,0,0,0,0,0,0,0,0,0,0,0,0,0,0,0,0,0,0,0,0,0,0,0,0,0,0,0,0,0,0,0,0,0,0],
[0,0,0,0,0,0,0,0,0,0,0,0,0,0,0,0,0,0,0,0,0,0,0,0,0,0,0,0,0,0,0,0,0,0,0,0,0,0,0,0,0,0,0,0,0,0,0,0,0,0,0,0,0,0,0,0,0,0,0,0,0,0,0,0,0,0,0,0,0,0,0,0,0,0,0,0,0,0,0,0,0,0,0,0,0,0,0,0,0,0,0,0,0,0,0,0,0,0,0,0,0,0,0,0,0,0,0,0,0,0,0,0,0,0,0,0,0,0,0,0,0,0,0,0,0,0,0,0,0,0,0,0,0,0,0,0,0,0,0,0,0,0,0,0,0,0,0,0,0,0,0,0,0,0,0,0,0,0,0,0,0,0,0,0,0,0,0,0,0,0,0,0,0,0,0,0,0,0,0,0,0,0,0,0,0,0,0,0,0,0,0,0,0,0,0,0,0,0,0,0],
[0,0,0,0,0,0,0,0,0,0,0,0,0,0,0,0,0,0,0,0,0,0,0,0,0,0,0,0,0,0,0,0,0,0,0,0,0,0,0,0,0,0,0,0,0,0,0,0,0,0,0,0,0,0,0,0,0,0,0,0,0,0,0,0,0,0,0,0,0,0,0,0,0,0,0,0,0,0,0,0,0,0,0,0,0,0,0,0,0,0,0,0,0,0,0,0,0,0,0,0,0,0,0,0,0,0,0,0,0,0,0,0,0,0,0,0,0,0,0,0,0,0,0,0,0,0,0,0,0,0,0,0,0,0,0,0,0,0,0,0,0,0,0,0,0,0,0,0,0,0,0,0,0,0,0,0,0,0,0,0,0,0,0,0,0,0,0,0,0,0,0,0,0,0,0,0,0,0,0,0,0,0,0,0,0,0,0,0,0,0,0,0,0,0,0,0,0,0,0,0],
[0,0,0,0,0,0,0,0,0,0,0,0,0,0,0,0,0,0,0,0,0,0,0,0,0,0,0,0,0,0,0,0,0,0,0,0,0,0,0,0,0,0,0,0,0,0,0,0,0,0,0,0,0,0,0,0,0,0,0,0,0,0,0,0,0,0,0,0,0,0,0,0,0,0,0,0,0,0,0,0,0,0,0,0,0,0,0,0,0,0,0,0,0,0,0,0,0,0,0,0,0,0,0,0,0,0,0,0,0,0,0,0,0,0,0,0,0,0,0,0,0,0,0,0,0,0,0,0,0,0,0,0,0,0,0,0,0,0,0,0,0,0,0,0,0,0,0,0,0,0,0,0,0,0,0,0,0,0,0,0,0,0,0,0,0,0,0,0,0,0,0,0,0,0,0,0,0,0,0,0,0,0,0,0,0,0,0,0,0,0,0,0,0,0,0,0,0,0,0,0],
[0,0,0,0,0,0,0,0,0,0,0,0,0,0,0,0,0,0,0,0,0,0,0,0,0,0,0,0,0,29.87,29.87,29.87,29.87,29.87,29.87,29.87,0,0,0,0,0,0,0,0,0,0,0,0,0,0,0,0,0,0,0,0,0,0,0,0,0,0,0,0,0,0,0,0,0,0,0,0,0,0,0,0,0,0,0,0,0,0,0,0,0,0,0,0,0,0,0,0,0,0,0,0,0,0,0,0,0,0,0,0,0,0,0,0,0,0,0,0,0,0,0,0,0,0,0,0,0,0,0,0,0,0,0,0,0,0,0,0,0,0,0,0,0,0,0,0,0,0,0,0,0,0,0,0,0,0,0,0,0,0,0,0,0,0,0,0,0,0,0,0,0,0,0,0,0,0,0,0,0,0,0,0,0,0,0,0,0,0,0,0,0,0,0,0,0,0,0,0,0,0,0,0,0,0,0,0],
[0,0,0,0,0,0,0,0,0,0,0,0,0,0,0,0,0,0,0,0,0,0,0,0,0,0,0,29.87,29.87,29.87,29.87,29.87,29.87,29.87,29.87,29.87,29.87,0,0,0,0,0,0,0,0,0,0,0,0,0,0,0,0,0,0,0,0,0,0,0,0,0,0,0,0,0,0,0,0,0,0,0,0,0,0,0,0,0,0,0,0,0,0,0,0,0,0,0,0,0,0,0,0,0,0,0,0,0,0,0,0,0,0,0,0,0,0,0,0,0,0,0,0,0,0,0,0,0,0,0,0,0,0,0,0,0,0,0,0,0,0,0,0,0,0,0,0,0,0,0,0,0,0,0,0,0,0,0,0,0,0,0,0,0,0,0,0,0,0,0,0,0,0,0,0,0,0,0,0,0,0,0,0,0,0,0,0,0,0,0,0,0,0,0,0,0,0,0,0,0,0,0,0,0,0,0,0,0,0,0],
[0,0,0,0,0,0,0,0,0,0,0,0,0,0,0,0,0,0,0,0,0,0,0,0,0,29.87,29.87,29.87,29.87,29.87,29.87,29.87,29.87,29.87,29.87,29.87,29.87,29.87,0,0,0,0,0,0,0,0,0,0,0,0,0,0,0,0,0,0,0,0,0,0,0,0,0,0,0,0,0,0,0,0,0,0,0,0,0,0,0,0,0,0,0,0,0,0,0,0,0,0,0,0,0,0,0,0,0,0,0,0,0,0,0,0,0,0,0,0,0,0,0,0,0,0,0,0,0,0,0,0,0,0,0,0,0,0,0,0,0,0,0,0,0,0,0,0,0,0,0,0,0,0,0,0,0,0,0,0,0,0,0,0,0,0,0,0,0,0,0,0,0,0,0,0,0,0,0,0,0,0,0,0,0,29.95,29.95,29.95,0,0,0,0,0,0,0,0,0,0,0,0,0,0,0,0,0,0,0,0,0,0,0,0,0,0],
[0,0,0,0,0,0,0,0,0,0,0,0,0,0,0,0,0,0,0,0,0,0,29.87,29.87,29.87,29.87,29.87,29.87,29.87,29.87,29.87,29.87,29.87,29.87,29.87,29.87,29.87,29.87,29.87,0,0,0,0,0,0,0,0,0,0,0,0,0,0,0,0,0,0,0,0,0,0,0,0,0,0,0,0,0,0,0,0,0,0,0,0,0,0,0,0,0,0,0,0,0,0,0,0,0,0,0,0,0,0,0,0,0,0,0,0,0,0,0,0,0,0,0,0,0,0,0,0,0,0,0,0,0,0,0,0,0,0,0,0,0,0,0,0,0,0,0,0,0,0,0,0,0,0,0,0,0,0,0,0,0,0,0,0,0,0,0,0,0,0,0,0,0,0,0,0,0,0,29.95,0,0,0,0,0,0,0,0,29.95,29.95,29.95,29.95,29.95,29.95,0,0,0,0,0,0,0,0,0,0,0,0,0,0,0,0,0,0,0,0,0,0,0,0],
[0,0,0,0,0,0,0,0,0,0,0,0,0,0,0,0,0,0,0,0,29.87,29.87,29.87,29.87,29.87,29.87,29.87,29.87,29.87,29.87,29.87,29.87,29.87,29.87,29.87,29.87,29.87,29.87,29.87,29.87,0,0,0,0,0,0,0,0,0,0,0,0,0,0,0,0,0,0,0,0,0,0,0,0,0,0,0,0,0,0,0,0,0,0,0,0,0,0,0,0,0,0,0,0,0,0,0,0,0,0,0,0,0,0,0,0,0,0,0,0,0,0,0,0,0,0,0,0,0,0,0,0,0,0,0,0,0,0,0,0,0,0,0,0,0,0,0,0,0,0,0,0,0,0,0,0,0,0,0,0,0,0,0,0,0,0,0,0,0,0,0,0,0,0,0,0,0,0,0,0,29.95,29.95,29.95,0,0,0,0,0,0,29.95,29.95,29.95,29.95,29.95,29.95,29.95,29.95,29.95,0,0,0,0,0,0,0,0,0,0,0,0,0,0,0,0,0,0,0,0,0,0],
[0,0,0,0,0,0,0,0,0,0,0,0,0,0,0,0,0,0,0,0,29.87,29.87,29.87,29.87,29.87,29.87,29.87,29.87,29.87,29.87,29.87,29.87,29.87,29.87,29.87,29.87,29.87,29.87,29.87,29.87,29.87,0,0,0,0,0,0,0,0,0,0,0,0,0,0,0,0,0,0,0,0,0,0,0,0,0,0,0,0,0,0,0,0,0,0,0,0,0,0,0,0,0,0,0,0,0,0,0,0,0,0,0,0,0,0,0,0,0,0,0,0,0,0,0,0,0,0,0,0,0,0,0,0,0,0,0,0,0,0,0,0,0,0,0,0,0,0,0,0,0,0,0,0,0,0,0,0,0,0,0,0,0,0,0,0,0,0,0,0,0,0,0,0,0,0,0,0,0,0,29.95,29.95,29.95,29.95,29.95,0,0,0,0,0,29.95,29.95,29.95,29.95,29.95,29.95,29.95,29.95,29.95,29.95,0,0,0,0,0,0,0,0,0,0,0,0,0,0,0,0,0,0,0,0,0],
[0,0,0,0,0,0,0,0,0,0,0,0,0,0,0,0,0,0,0,0,29.87,29.87,29.87,29.87,29.87,29.87,29.87,29.87,29.87,29.87,29.87,29.87,29.87,29.87,29.87,29.87,29.87,29.87,29.87,29.87,0,0,0,0,0,0,0,0,0,0,0,0,0,0,0,0,0,0,0,0,0,0,0,0,0,0,0,0,0,0,0,0,0,0,0,0,0,0,0,0,0,0,0,0,0,0,0,0,0,0,0,0,0,0,0,0,0,0,0,0,0,0,0,0,0,0,0,0,0,0,0,0,0,0,0,0,0,0,0,0,0,0,0,0,0,0,0,0,0,0,0,0,0,0,0,0,0,0,0,0,0,0,0,0,0,0,0,0,0,0,0,0,0,0,0,0,0,0,0,29.95,29.95,29.95,29.95,29.95,29.95,0,0,0,29.95,29.95,29.95,29.95,29.95,29.95,29.95,29.95,29.95,29.95,29.95,29.95,29.95,0,0,0,0,0,0,0,0,0,0,0,0,0,0,0,0,0,0,0],
[0,0,0,0,0,0,0,0,0,0,0,0,0,0,0,0,0,0,0,29.87,29.87,29.87,29.87,29.87,29.87,29.87,29.87,29.87,29.87,29.87,29.87,29.87,29.87,29.87,29.87,29.87,29.87,29.87,29.87,29.87,0,0,0,0,0,0,0,0,0,0,0,0,0,0,0,0,0,0,0,0,0,0,0,0,0,0,0,0,0,0,0,0,0,0,0,0,0,0,0,0,0,0,0,0,0,0,0,0,0,0,0,0,0,0,0,0,0,0,0,0,0,0,0,0,0,0,0,0,0,0,0,0,0,0,0,0,0,0,0,0,0,0,0,0,0,0,0,0,0,0,0,0,0,0,0,0,0,0,0,0,0,0,0,0,0,0,0,0,0,0,0,0,0,0,0,0,0,0,0,0,29.95,29.95,29.95,29.95,29.95,29.95,0,0,29.95,29.95,29.95,29.95,29.95,29.95,29.95,29.95,29.95,29.95,29.95,29.95,29.95,0,0,0,0,0,0,0,0,0,0,0,0,0,0,0,0,0,0,0],
[0,0,0,0,0,0,0,0,0,0,0,0,0,0,0,0,0,0,29.87,29.87,29.87,29.87,29.87,29.87,29.87,29.87,29.87,29.87,29.87,29.87,29.87,29.87,29.87,29.87,29.87,29.87,29.87,29.87,29.87,29.87,0,0,29.87,29.87,29.87,29.87,29.87,0,0,0,0,0,0,0,0,0,0,0,0,0,0,0,0,0,0,0,0,0,0,0,0,0,0,0,0,0,0,0,0,0,0,0,0,0,0,0,0,0,0,0,0,0,0,0,0,0,0,0,0,0,0,0,0,0,0,0,0,0,0,0,0,0,0,0,0,0,0,0,0,0,0,0,0,0,0,0,0,0,0,0,0,0,0,0,0,0,0,0,0,0,0,0,0,0,0,0,0,0,0,0,0,0,0,0,0,0,0,0,0,29.95,29.95,29.95,29.95,29.95,29.95,29.95,29.95,29.95,29.95,29.95,29.95,29.95,29.95,29.95,29.95,29.95,29.95,29.95,29.95,29.95,0,0,0,0,0,0,0,0,0,0,0,0,0,0,0,0,0,0,0,0],
[0,0,0,0,0,0,0,0,0,0,0,0,0,0,0,0,0,29.87,29.87,29.87,29.87,29.87,29.87,29.87,29.87,29.87,29.87,29.87,29.87,29.87,29.87,29.87,29.87,29.87,29.87,29.87,29.87,29.87,29.87,29.87,29.87,29.87,29.87,29.87,29.87,29.87,29.87,29.87,29.87,0,0,0,0,0,0,0,0,0,0,0,0,0,0,0,0,0,0,0,0,0,0,0,0,0,0,0,0,0,0,0,0,0,0,0,0,0,0,0,0,0,0,0,0,0,0,0,0,0,0,0,0,0,0,0,0,0,0,0,0,0,0,0,0,0,0,0,0,0,0,0,0,0,0,0,0,0,0,0,0,0,0,0,0,0,0,0,0,0,0,0,0,0,0,0,0,0,0,0,0,0,0,0,0,0,0,29.95,29.95,29.95,29.95,29.95,29.95,29.95,29.95,29.95,29.95,29.95,29.95,29.95,29.95,29.95,29.95,29.95,29.95,29.95,29.95,29.95,29.95,29.95,29.95,29.95,0,0,0,0,0,0,0,0,0,0,0,0,0,0,0,0,0,0,0,0],
[0,0,0,0,0,0,0,0,0,0,0,0,0,0,0,0,29.87,29.87,29.87,29.87,29.87,29.87,29.87,29.87,29.87,29.87,29.87,29.87,29.87,29.87,29.87,29.87,29.87,29.87,29.87,29.87,29.87,29.87,29.87,29.87,29.87,29.87,29.87,29.87,29.87,29.87,29.87,29.87,29.87,29.87,29.87,0,0,0,0,0,0,0,0,0,0,0,0,0,0,0,0,0,0,0,0,0,0,0,0,0,0,0,0,0,0,0,0,0,0,0,0,0,0,0,0,0,0,0,0,0,0,0,0,0,0,0,0,0,0,0,0,0,0,0,0,0,0,0,0,0,0,0,0,0,0,0,0,0,0,0,0,0,0,0,0,0,0,0,0,0,0,0,0,0,0,0,0,0,0,0,0,0,0,0,0,0,0,29.95,29.95,29.95,29.95,29.95,29.95,29.95,29.95,29.95,29.95,29.95,29.95,29.95,29.95,29.95,29.95,29.95,29.95,29.95,29.95,29.95,29.95,29.95,29.95,29.95,29.95,0,0,0,0,0,0,0,0,0,0,0,0,0,0,0,0,0,0,0,0,0],
[0,0,0,0,0,0,0,0,0,0,0,0,0,0,0,29.87,29.87,29.87,29.87,29.87,29.87,29.87,29.87,29.87,29.87,29.87,29.87,29.87,29.87,29.87,29.87,29.87,29.87,29.87,29.87,29.87,29.87,29.87,29.87,29.87,29.87,29.87,29.87,29.87,29.87,29.87,29.87,29.87,29.87,29.87,29.87,29.87,29.87,0,0,0,0,0,0,0,0,0,0,0,0,0,0,0,0,0,0,0,0,0,0,0,0,0,0,0,0,0,0,0,0,0,0,0,0,0,0,0,0,0,0,0,0,0,0,0,0,0,0,0,0,0,0,0,0,0,0,0,0,0,0,0,0,0,0,0,0,0,0,0,0,0,0,0,0,0,0,0,0,0,0,0,0,0,0,0,0,0,0,0,0,0,0,0,0,0,0,0,29.95,29.95,29.95,29.95,29.95,29.95,29.95,29.95,29.95,29.95,29.95,29.95,29.95,29.95,29.95,29.95,29.95,29.95,29.95,29.95,29.95,29.95,29.95,29.95,29.95,29.95,29.95,0,0,0,0,0,0,0,0,0,0,0,0,0,0,0,0,0,0,0,0,0],
[0,0,0,0,0,0,0,0,0,0,0,0,0,0,0,29.87,29.87,29.87,29.87,29.87,29.87,29.87,29.87,29.87,29.87,29.87,29.87,29.87,29.87,29.87,29.87,29.87,29.87,29.87,29.87,29.87,29.87,29.87,29.87,29.87,29.87,29.87,29.87,29.87,29.87,29.87,29.87,29.87,29.87,29.87,29.87,29.87,29.87,29.87,29.87,0,0,0,0,0,0,0,0,0,0,0,0,0,0,0,0,0,0,0,0,0,0,0,0,0,0,0,0,0,0,0,0,0,0,0,0,0,0,0,0,0,0,0,0,0,0,0,0,0,0,0,0,0,0,0,0,0,0,0,0,0,0,0,0,0,0,0,0,0,0,0,0,0,0,0,0,0,0,0,0,0,0,0,0,0,0,0,0,0,0,0,0,0,0,0,29.95,29.95,29.95,29.95,29.95,29.95,29.95,29.95,29.95,29.95,29.95,29.95,29.95,29.95,29.95,29.95,29.95,29.95,29.95,29.95,29.95,29.95,29.95,29.95,29.95,29.95,29.95,29.95,0,0,0,0,0,0,0,0,0,0,0,0,0,0,0,0,0,0,0,0,0,0],
[0,0,0,0,0,0,0,0,0,0,0,0,0,0,0,29.87,29.87,29.87,29.87,29.87,29.87,29.87,29.87,29.87,29.87,29.87,29.87,29.87,29.87,29.87,29.87,29.87,29.87,29.87,29.87,29.87,29.87,29.87,29.87,29.87,29.87,29.87,29.87,29.87,29.87,29.87,29.87,29.87,29.87,29.87,29.87,29.87,29.87,29.87,29.87,0,0,0,0,0,0,0,0,0,0,0,0,0,0,0,0,0,0,0,0,0,0,0,0,0,0,0,0,0,0,0,0,0,0,0,0,0,0,0,0,0,0,0,0,0,0,0,0,0,0,0,0,0,0,0,0,0,0,0,0,0,0,0,0,0,0,0,0,0,0,0,0,0,0,0,0,0,0,0,0,0,0,0,0,0,0,0,0,0,0,0,0,0,0,29.95,29.95,29.95,29.95,29.95,29.95,29.95,29.95,29.95,29.95,29.95,29.95,29.95,29.95,29.95,29.95,29.95,29.95,29.95,29.95,29.95,29.95,29.95,29.95,29.95,29.95,29.95,29.95,29.95,29.95,0,0,0,0,0,0,0,0,0,0,0,0,0,0,0,0,0,0,0,0,0],
[0,0,0,0,0,0,0,0,0,0,0,0,0,0,0,0,29.87,29.87,29.87,29.87,29.87,29.87,29.87,29.87,29.87,29.87,29.87,29.87,29.87,29.87,29.87,29.87,29.87,29.87,29.87,29.87,29.87,29.87,29.87,29.87,29.87,29.87,29.87,29.87,29.87,29.87,29.87,29.87,29.87,29.87,29.87,29.87,29.87,29.87,29.87,29.87,0,0,0,0,0,0,0,0,0,0,0,0,0,0,0,0,0,0,0,0,0,0,0,0,0,0,0,0,0,0,0,0,0,0,0,0,0,0,0,0,0,0,0,0,0,0,0,0,0,0,0,0,0,0,0,0,0,0,0,0,0,0,0,0,0,0,0,0,0,0,0,0,0,0,0,0,0,0,0,0,0,0,0,0,0,0,0,0,0,0,0,29.95,29.95,29.95,29.95,29.95,29.95,29.95,29.95,29.95,29.95,29.95,29.95,29.95,29.95,29.95,29.95,29.95,29.95,29.95,29.95,29.95,29.95,29.95,29.95,29.95,29.95,29.95,29.95,29.95,29.95,29.95,29.95,29.95,0,0,0,0,0,0,0,0,0,0,0,0,0,0,0,0,0,0,0,0],
[0,0,0,0,0,0,0,0,0,0,0,0,0,0,0,0,29.87,29.87,29.87,29.87,29.87,29.87,29.87,29.87,29.87,29.87,29.87,29.87,29.87,29.87,29.87,29.87,29.87,29.87,29.87,29.87,29.87,29.87,29.87,29.87,29.87,29.87,29.87,29.87,29.87,29.87,29.87,29.87,29.87,29.87,29.87,29.87,29.87,29.87,29.87,29.87,0,0,0,0,0,0,0,0,0,0,0,0,0,0,0,0,0,0,0,0,0,0,0,0,0,0,0,0,0,0,0,0,0,0,0,0,0,0,0,0,0,0,0,0,0,0,0,0,0,0,0,0,0,0,0,0,0,0,0,0,0,0,0,0,0,0,0,0,0,0,0,0,0,0,0,0,0,0,0,0,0,0,0,0,0,0,0,0,0,0,0,29.95,29.95,29.95,29.95,29.95,29.95,29.95,29.95,29.95,29.95,29.95,29.95,29.95,29.95,29.95,29.95,29.95,29.95,29.95,29.95,29.95,29.95,29.95,29.95,29.95,29.95,29.95,29.95,29.95,29.95,29.95,29.95,29.95,0,0,0,0,0,0,0,0,0,0,0,0,0,0,0,0,0,0,0,0],
[0,0,0,0,0,0,0,0,0,0,0,0,0,0,0,0,0,29.87,29.87,29.87,29.87,29.87,29.87,29.87,29.87,29.87,29.87,29.87,29.87,29.87,29.87,29.87,29.87,29.87,29.87,29.87,29.87,29.87,29.87,29.87,29.87,29.87,29.87,29.87,29.87,29.87,29.87,29.87,29.87,29.87,29.87,29.87,29.87,29.87,29.87,29.87,29.87,0,0,0,0,0,0,0,0,0,0,0,0,0,0,0,0,0,0,0,0,0,0,0,0,0,0,0,0,0,0,0,0,0,0,0,0,0,0,0,0,0,0,0,0,0,0,0,0,0,0,0,0,0,0,0,0,0,0,0,0,0,0,0,0,0,0,0,0,0,0,0,0,0,0,0,0,0,0,0,0,0,0,0,0,0,0,0,0,0,0,29.95,29.95,29.95,29.95,29.95,29.95,29.95,29.95,29.95,29.95,29.95,29.95,29.95,29.95,29.95,29.95,29.95,29.95,29.95,29.95,29.95,29.95,29.95,29.95,29.95,29.95,29.95,29.95,29.95,29.95,29.95,29.95,29.95,0,0,0,0,0,0,0,0,0,0,0,0,0,0,0,0,0,0,0,0],
[0,0,0,0,0,0,0,0,0,0,0,0,0,0,0,0,0,0,29.87,29.87,29.87,29.87,29.87,29.87,29.87,29.87,29.87,29.87,29.87,29.87,29.87,29.87,29.87,29.87,29.87,29.87,29.87,29.87,29.87,29.87,29.87,29.87,29.87,29.87,29.87,29.87,29.87,29.87,29.87,29.87,29.87,29.87,29.87,29.87,29.87,29.87,29.87,0,0,0,0,0,0,0,0,0,0,0,0,0,0,0,0,0,0,0,0,0,0,0,0,0,0,0,0,0,0,0,0,0,0,0,0,0,0,0,0,0,0,0,0,0,0,0,0,0,0,0,0,0,0,0,0,0,0,0,0,0,0,0,0,0,0,0,0,0,0,0,0,0,0,0,0,0,0,0,0,0,0,0,0,0,0,0,0,0,0,0,29.95,29.95,29.95,29.95,29.95,29.95,29.95,29.95,29.95,29.95,29.95,29.95,29.95,29.95,29.95,29.95,29.95,29.95,29.95,29.95,29.95,29.95,29.95,29.95,29.95,29.95,29.95,29.95,29.95,29.95,29.95,29.95,29.95,29.95,29.95,0,0,0,0,0,0,0,0,0,0,0,0,0,0,0,0,0],
[0,0,0,0,0,0,0,0,0,0,0,0,0,0,0,0,0,0,29.87,29.87,29.87,29.87,29.87,29.87,29.87,29.87,29.87,29.87,29.87,29.87,29.87,29.87,29.87,29.87,29.87,29.87,29.87,29.87,29.87,29.87,29.87,29.87,29.87,29.87,29.87,29.87,29.87,29.87,29.87,29.87,29.87,29.87,29.87,29.87,29.87,29.87,29.87,0,0,0,0,0,0,0,0,0,0,0,0,0,0,0,0,0,0,0,0,0,0,0,0,0,0,0,0,0,0,0,0,0,0,0,0,0,0,0,0,30.37,30.37,30.37,30.37,30.37,30.37,30.37,30.37,0,0,0,0,0,0,0,0,0,0,0,0,0,0,0,0,0,0,0,0,0,0,0,0,0,0,0,0,0,0,0,0,0,0,0,0,0,0,0,0,0,0,0,29.95,29.95,29.95,29.95,29.95,29.95,29.95,29.95,29.95,29.95,29.95,29.95,29.95,29.95,29.95,29.95,29.95,29.95,29.95,29.95,29.95,29.95,29.95,29.95,29.95,29.95,29.95,29.95,29.95,29.95,29.95,29.95,29.95,29.95,29.95,0,0,0,0,0,0,0,0,0,0,0,0,0,0,0,0,0],
[0,0,0,0,0,0,0,0,0,0,0,0,0,0,0,0,0,0,0,29.87,29.87,29.87,29.87,29.87,29.87,29.87,29.87,29.87,29.87,29.87,29.87,29.87,29.87,29.87,29.87,29.87,29.87,29.87,29.87,29.87,29.87,29.87,29.87,29.87,29.87,29.87,29.87,29.87,29.87,29.87,29.87,29.87,29.87,29.87,29.87,29.87,29.87,29.87,0,0,0,0,0,0,0,0,0,0,0,0,0,0,0,0,0,0,0,0,0,0,0,0,0,0,0,0,0,0,0,0,0,0,0,0,0,0,0,30.38,30.38,30.38,30.38,30.38,30.38,30.38,30.38,0,0,0,0,0,0,0,0,0,0,0,0,0,0,0,0,0,0,0,0,0,0,0,0,0,0,0,0,0,0,0,0,0,0,0,0,29.95,29.95,29.95,0,0,0,0,0,29.95,29.95,29.95,29.95,29.95,29.95,29.95,29.95,29.95,29.95,29.95,29.95,29.95,29.95,29.95,29.95,29.95,29.95,29.95,29.95,29.95,29.95,29.95,29.95,29.95,29.95,29.95,29.95,29.95,29.95,29.95,29.95,29.95,0,0,0,0,0,0,0,0,0,0,0,0,0,0,0,0,0,0],
[0,0,0,0,0,0,0,0,0,0,0,0,0,0,0,0,0,0,0,0,0,29.87,29.87,29.87,29.87,29.87,29.87,29.87,29.87,29.87,29.87,29.87,29.87,29.87,29.87,29.87,29.87,29.87,29.87,29.87,29.87,29.87,29.87,29.87,29.87,29.87,29.87,29.87,29.87,29.87,29.87,29.87,29.87,29.87,29.87,29.87,29.87,29.87,0,0,0,0,0,0,0,0,0,0,0,0,0,0,0,0,0,0,0,0,0,0,0,0,0,0,0,0,0,0,0,0,0,0,0,0,0,0,0,30.39,30.39,30.39,30.39,30.39,30.39,30.39,30.39,0,0,0,0,0,0,0,0,0,0,0,0,0,0,0,0,0,0,0,0,0,0,0,0,0,0,0,0,0,0,0,0,0,0,29.95,29.95,29.95,29.95,29.95,0,0,0,0,0,0,29.95,29.95,29.95,29.95,29.95,29.95,29.95,29.95,29.95,29.95,29.95,29.95,29.95,29.95,29.95,29.95,29.95,29.95,29.95,29.95,29.95,29.95,29.95,29.95,29.95,29.95,29.95,29.95,29.95,29.95,29.95,29.95,0,0,0,0,0,0,0,0,0,0,0,0,0,0,0,0,0,0],
[0,0,0,0,0,0,0,0,0,0,0,0,0,0,0,0,0,0,0,0,0,0,29.87,29.87,29.87,29.87,29.87,29.87,29.87,29.87,29.87,29.87,29.87,29.87,29.87,29.87,29.87,29.87,29.87,29.87,29.87,29.87,29.87,29.87,29.87,29.87,29.87,29.87,29.87,29.87,29.87,29.87,29.87,29.87,29.87,29.87,29.87,29.87,29.87,0,0,0,0,0,0,0,0,0,0,0,0,0,0,0,0,0,0,0,0,0,0,0,0,0,0,0,0,0,0,0,0,0,0,0,0,0,0,30.40,30.40,30.40,30.40,30.40,30.40,30.40,30.40,0,0,0,0,0,0,0,0,0,0,0,0,0,0,0,0,0,0,0,0,0,0,0,0,0,0,0,29.20,29.61,29.79,0,0,0,29.95,29.95,29.95,29.95,29.95,29.95,29.95,0,0,0,0,0,29.95,29.95,29.95,29.95,29.95,29.95,29.95,29.95,29.95,29.95,29.95,29.95,29.95,29.95,29.95,29.95,29.95,29.95,29.95,29.95,29.95,29.95,29.95,29.95,29.95,29.95,29.95,29.95,29.95,29.95,29.95,0,0,0,0,0,0,0,0,0,0,0,0,0,0,0,0,0,0,0],
[0,0,0,0,0,0,0,0,0,0,0,0,0,0,0,0,0,0,0,0,0,0,29.87,29.87,29.87,29.87,29.87,29.87,29.87,29.87,29.87,29.87,29.87,29.87,29.87,29.87,29.87,29.87,29.87,29.87,29.87,29.87,29.87,29.87,29.87,29.87,29.87,29.87,29.87,29.87,29.87,29.87,29.87,29.87,29.87,29.87,29.87,29.87,29.87,0,0,0,0,0,0,0,0,0,0,0,0,0,0,0,0,0,0,0,0,0,0,0,0,0,0,0,0,0,0,0,0,0,0,0,0,0,0,30.41,30.41,30.41,30.41,30.41,30.41,30.41,30.41,0,0,0,0,0,0,0,0,0,0,0,0,0,0,0,0,0,0,0,0,0,0,0,0,0,0,28.54,29.01,29.43,29.79,0,29.95,29.95,29.95,29.95,29.95,29.95,29.95,29.95,29.95,0,0,0,0,0,0,29.95,29.95,29.95,29.95,29.95,29.95,29.95,29.95,29.95,29.95,29.95,29.95,29.95,29.95,29.95,29.95,29.95,29.95,29.95,29.95,29.95,29.95,29.95,29.95,29.95,29.95,29.95,29.95,29.95,29.95,29.95,0,0,0,0,0,0,0,0,0,0,0,0,0,0,0,0,0,0],
[0,0,0,0,0,0,0,0,0,0,0,0,0,0,0,0,0,0,0,0,0,0,0,29.87,29.87,29.87,29.87,29.87,29.87,29.87,29.87,29.87,29.87,29.87,29.87,29.87,29.87,29.87,29.87,29.87,29.87,29.87,29.87,29.87,29.87,29.87,29.87,29.87,29.87,29.87,29.87,29.87,29.87,29.87,29.87,29.87,29.87,29.87,0,0,0,0,0,0,0,0,0,0,0,0,0,0,0,0,0,0,0,0,0,0,0,0,0,0,0,0,0,0,0,0,0,0,0,0,0,0,0,30.42,30.42,30.42,30.42,30.42,30.42,30.42,30.42,0,0,0,0,0,0,0,0,0,0,0,0,0,0,0,0,0,0,0,0,0,0,0,0,0,28.19,28.39,28.81,29.23,29.64,29.86,29.95,29.95,29.95,29.95,29.95,29.95,29.95,29.95,29.95,29.95,0,0,0,29.95,29.95,29.95,29.95,29.95,29.95,29.95,29.95,29.95,29.95,29.95,29.95,29.95,29.95,29.95,29.95,29.95,29.95,29.95,29.95,29.95,29.95,29.95,29.95,29.95,29.95,29.95,29.95,29.95,29.95,29.95,29.95,29.95,29.95,0,0,0,0,0,0,0,0,0,0,0,0,0,0,0,0,0],
[0,0,0,0,0,0,0,0,0,0,0,0,0,0,0,0,0,0,0,0,0,0,0,0,29.87,29.87,29.87,29.87,29.87,29.87,29.87,29.87,29.87,29.87,29.87,29.87,29.87,29.87,29.87,29.87,29.87,29.87,29.87,29.87,29.87,29.87,29.87,29.87,29.87,29.87,29.87,29.87,29.87,29.87,29.87,29.87,29.87,29.87,0,0,0,0,0,0,0,0,0,0,0,0,0,0,0,0,0,0,0,0,0,0,0,0,0,0,0,0,0,0,0,0,0,0,0,0,0,0,0,30.43,30.43,30.43,30.43,30.43,30.43,30.43,30.43,0,0,0,0,0,0,0,0,0,0,0,0,0,0,0,0,0,0,0,0,0,0,0,0,0,27.97,28.19,28.61,28.99,29.42,29.80,29.95,29.95,29.95,29.95,29.95,29.95,29.95,29.95,29.95,29.95,29.95,29.95,29.95,29.95,29.95,29.95,29.95,29.95,29.95,29.95,29.95,29.95,29.95,29.95,29.95,29.95,29.95,29.95,29.95,29.95,29.95,29.95,29.95,29.95,29.95,29.95,29.95,29.95,29.95,29.95,29.95,29.95,29.95,29.95,29.95,29.95,0,0,0,0,0,0,0,0,0,0,0,0,0,0,0,0,0,0],
[0,0,0,0,0,0,0,0,0,0,0,0,0,0,0,0,0,0,0,0,0,0,0,0,29.87,29.87,29.87,29.87,29.87,29.87,29.87,29.87,29.87,29.87,29.87,29.87,29.87,29.87,29.87,29.87,29.87,29.87,29.87,29.87,29.87,29.87,29.87,29.87,29.87,29.87,29.87,29.87,29.87,29.87,29.87,29.87,29.87,29.87,29.87,0,0,0,0,0,0,0,0,0,0,0,0,0,0,0,0,0,27.62,27.62,27.62,0,0,0,0,0,0,0,0,0,0,0,0,0,0,0,0,0,0,30.44,30.44,30.44,30.44,30.44,30.44,30.44,30.44,0,0,0,0,0,0,0,0,0,0,0,0,0,0,0,0,0,0,0,0,0,0,0,0,27.62,27.70,28.00,28.42,28.85,29.21,29.61,29.95,29.95,29.95,29.95,29.95,29.95,29.95,29.95,29.95,29.95,29.95,29.95,29.95,29.95,29.95,29.95,29.95,29.95,29.95,29.95,29.95,29.95,29.95,29.95,29.95,29.95,29.95,29.95,29.95,29.95,29.95,29.95,29.95,29.95,29.95,29.95,29.95,29.95,29.95,29.95,29.95,29.95,29.95,29.95,29.95,29.95,0,0,0,0,0,0,0,0,0,0,0,0,0,0,0,0,0,0],
[0,0,0,0,0,0,0,0,0,0,0,0,0,0,0,0,0,0,0,0,0,0,0,0,0,29.87,29.87,29.87,29.87,29.87,29.87,29.87,29.87,29.87,29.87,29.87,29.87,29.87,29.87,29.87,29.87,29.87,29.87,29.87,29.87,29.87,29.87,29.87,29.87,29.87,29.87,29.87,29.87,29.87,29.87,29.87,29.87,29.87,29.87,29.87,29.87,0,0,0,0,0,0,0,0,0,0,0,0,0,0,27.62,27.62,27.62,27.62,27.62,0,0,0,0,0,0,0,0,0,0,0,0,0,0,0,0,0,30.45,30.45,30.45,30.45,30.45,30.45,30.44,30.43,0,0,0,0,0,0,0,0,0,0,0,0,0,0,0,0,0,0,0,0,0,27.62,27.62,27.62,27.62,27.62,27.88,28.28,28.67,29.00,29.41,29.82,29.95,29.95,29.95,29.95,29.95,29.95,29.95,29.95,29.95,29.95,29.95,29.95,29.95,29.95,29.95,29.95,29.95,29.95,29.95,29.95,29.95,29.95,29.95,29.95,29.95,29.95,29.95,29.95,29.95,29.95,29.95,29.95,29.95,29.95,29.95,29.95,29.95,29.95,29.95,29.95,29.95,29.95,29.95,29.95,0,0,0,0,0,0,0,0,0,0,0,0,0,0,0,0,0,0,0],
[0,0,0,0,0,0,0,0,0,0,0,0,0,0,0,0,0,0,0,0,0,0,0,0,0,0,29.87,29.87,29.87,29.87,29.87,29.87,29.87,29.87,29.87,29.87,29.87,29.87,29.87,29.87,29.87,29.87,29.87,29.87,29.87,29.87,29.87,29.87,29.87,29.87,29.87,29.87,29.87,29.87,29.87,29.87,29.87,29.87,29.87,29.87,29.87,29.87,0,0,0,0,0,0,0,0,0,27.62,27.62,27.62,27.62,27.62,27.62,27.62,27.62,0,0,0,0,0,0,0,0,0,0,0,0,0,0,0,0,0,0,30.22,30.22,30.23,30.24,30.20,30.15,30.13,30.12,0,0,0,0,0,0,0,0,0,0,0,0,0,0,0,0,0,0,0,27.62,27.62,27.62,27.62,27.62,27.62,27.62,27.83,28.13,28.43,28.80,29.20,29.61,29.95,29.95,29.95,29.95,29.95,29.95,29.95,29.95,29.95,29.95,29.95,29.95,29.95,29.95,29.95,29.95,29.95,29.95,29.95,29.95,29.95,29.95,29.95,29.95,29.95,29.95,29.95,29.95,29.95,29.95,29.95,29.95,29.95,29.95,29.95,29.95,29.95,29.95,29.95,29.95,29.95,29.95,29.95,0,0,0,0,0,0,0,0,0,0,0,0,0,0,0,0,0,0,0,0],
[0,0,0,0,0,0,0,0,0,0,0,0,0,0,0,0,0,0,0,0,0,0,0,0,0,0,0,29.87,29.87,29.87,29.87,29.87,29.87,29.87,29.87,29.87,29.87,29.87,29.87,29.87,29.87,29.87,29.87,29.87,29.87,29.87,29.87,29.87,29.87,29.87,29.87,29.87,29.87,29.87,29.87,29.87,29.87,29.87,29.87,29.87,29.87,29.87,29.87,0,0,0,0,0,0,0,0,27.62,27.62,27.62,27.62,27.62,27.62,27.62,27.62,0,0,0,0,0,0,0,0,0,0,0,0,0,0,0,0,0,0,29.77,29.80,29.82,29.80,29.80,29.79,29.79,29.79,0,0,0,0,0,0,0,0,0,0,0,0,0,0,0,0,0,0,27.62,27.62,27.62,27.62,27.62,27.62,27.62,27.62,27.77,27.94,28.22,28.59,0,0,0,0,0,29.95,29.95,29.95,29.95,29.95,29.95,29.95,29.95,29.95,29.95,29.95,29.95,29.95,29.95,29.95,29.95,29.95,29.95,29.95,29.95,29.95,29.95,29.95,29.95,29.95,29.95,29.95,29.95,29.95,29.95,29.95,29.95,29.95,29.95,29.95,29.95,29.95,29.95,29.95,29.95,0,0,0,0,0,0,0,0,0,0,0,0,0,0,0,0,0,0,0,0],
[0,0,0,0,0,0,0,0,0,0,0,0,0,0,0,0,0,0,0,0,0,0,0,0,0,0,0,0,29.87,29.87,29.87,29.87,29.87,29.87,29.87,29.87,29.87,29.87,29.87,29.87,29.87,29.87,29.87,29.87,29.87,29.87,29.87,29.87,29.87,29.87,29.87,29.87,29.87,29.87,29.87,29.87,29.87,29.87,29.87,29.87,29.87,29.87,29.87,29.83,29.60,0,0,0,0,0,27.62,27.62,27.62,27.62,27.62,27.62,27.62,27.62,27.62,0,0,0,0,0,0,0,0,0,0,0,0,0,0,0,0,0,0,29.30,29.34,29.35,29.33,29.32,29.32,29.31,29.32,0,0,0,0,0,0,0,0,0,0,0,0,0,0,0,0,0,27.62,27.62,27.62,27.62,27.62,27.62,27.62,27.62,27.62,27.65,27.79,0,0,0,0,0,30.03,29.98,29.95,29.95,29.95,29.95,29.95,29.95,29.95,29.95,29.95,29.95,29.95,29.95,29.95,29.95,29.95,29.95,29.95,29.95,29.95,29.95,29.95,29.95,29.95,29.95,29.95,29.95,29.95,29.95,29.95,29.95,29.95,29.95,29.95,29.95,29.95,29.95,29.95,29.95,29.95,0,0,0,0,0,0,0,0,0,0,0,0,0,0,0,0,0,0,0,0,0],
[0,0,0,0,0,0,0,0,0,0,0,0,0,0,0,0,0,0,0,0,0,0,0,0,0,0,0,0,29.87,29.87,29.87,29.87,29.87,29.87,29.87,29.87,29.87,29.87,29.87,29.87,29.87,29.87,29.87,29.87,29.87,29.87,29.87,29.87,29.87,29.87,29.87,29.87,29.87,29.87,29.87,29.87,29.87,29.87,29.87,29.87,29.87,29.87,29.85,29.79,29.40,29.29,0,0,0,27.62,27.62,27.62,27.62,27.62,27.62,27.62,27.62,27.62,27.62,0,0,0,0,0,0,0,27.62,0,0,0,0,27.62,27.62,27.62,0,0,0,28.84,28.87,28.88,28.85,28.84,28.84,28.85,28.85,0,0,0,27.62,27.62,27.62,27.62,27.62,27.62,0,0,0,0,0,0,0,0,27.62,27.62,27.62,27.62,27.62,27.62,27.62,27.62,27.62,27.62,0,0,0,0,29.20,29.40,29.85,29.95,29.95,29.95,29.95,29.95,29.95,29.95,29.95,29.95,29.95,29.95,29.95,29.95,29.95,29.95,29.95,29.95,29.95,29.95,29.95,29.95,29.95,29.95,29.95,29.95,29.95,29.95,29.95,29.95,29.95,29.95,29.95,29.95,29.95,29.95,29.95,29.95,29.95,29.95,0,0,0,0,0,0,0,0,0,0,0,0,0,0,0,0,0,0,0,0,0,0],
[0,0,0,0,0,0,0,0,0,0,0,0,0,0,0,0,0,0,0,0,0,0,0,0,0,0,0,0,0,29.87,29.87,29.87,29.87,29.87,29.87,29.87,29.87,29.87,29.87,29.87,29.87,29.87,29.87,29.87,29.87,29.87,29.87,29.87,29.87,29.87,29.87,29.87,29.87,29.87,29.87,29.87,29.87,29.87,29.87,29.87,29.87,29.90,29.86,29.57,29.17,28.70,28.35,0,0,27.62,27.62,27.62,27.62,27.62,27.62,27.62,27.62,27.62,27.62,27.62,0,0,0,0,0,27.62,27.62,27.62,27.62,27.62,27.62,27.62,27.62,27.62,27.62,0,0,28.37,28.39,28.39,28.37,28.37,28.37,28.33,28.38,0,0,0,27.62,27.62,27.62,27.62,27.62,27.62,0,0,0,0,0,0,0,0,27.62,27.62,27.62,27.62,27.62,27.62,27.62,27.62,27.62,27.62,0,0,0,0,28.88,29.21,29.62,30.03,29.95,29.95,29.95,29.95,29.95,29.95,29.95,29.95,29.95,29.95,29.95,29.95,29.95,29.95,29.95,29.95,29.95,29.95,29.95,29.95,29.95,29.95,29.95,29.95,29.95,29.95,29.95,29.95,29.95,29.95,29.95,29.95,29.95,29.95,29.95,29.95,29.95,29.95,0,0,0,0,0,0,0,0,0,0,0,0,0,0,0,0,0,0,0,0,0,0],
[0,0,0,0,0,0,0,0,0,0,0,0,0,0,0,0,0,0,0,0,0,0,0,0,0,0,0,0,0,0,0,0,29.87,29.87,29.87,29.87,29.87,29.87,29.87,29.87,29.87,29.87,29.87,29.87,29.87,29.87,29.87,29.87,29.87,29.87,29.87,29.87,29.87,29.87,29.87,29.87,29.87,29.87,29.87,29.87,29.89,29.92,29.74,29.34,28.93,28.54,28.19,27.82,27.64,27.62,27.62,27.62,27.62,27.62,27.62,27.62,27.62,27.62,27.62,27.62,0,0,0,27.62,27.62,27.62,27.62,27.62,27.62,27.62,27.62,27.62,27.62,27.62,27.62,0,0,27.93,27.92,27.90,27.90,27.91,27.85,27.96,27.99,0,0,0,27.62,27.62,27.62,27.62,27.62,27.62,0,0,0,0,0,0,0,0,27.62,27.62,27.62,27.62,27.62,27.62,27.62,27.62,27.62,27.62,27.62,0,27.86,28.22,28.59,28.90,29.42,29.84,29.95,29.95,29.95,29.95,29.95,29.95,29.95,29.95,29.95,29.95,29.95,29.95,29.95,29.95,29.95,29.95,29.95,29.95,29.95,29.95,29.95,29.95,29.95,29.95,29.95,29.95,29.95,29.95,29.95,29.95,29.95,29.95,29.95,29.95,29.95,29.95,29.95,0,0,0,0,0,0,0,0,0,0,0,0,0,0,0,0,0,0,0,0,0,0,0],
[0,0,0,0,0,0,0,0,0,0,0,0,0,0,0,0,0,0,0,0,0,0,0,0,0,0,0,0,0,0,0,0,0,29.87,29.87,29.87,29.87,29.87,29.87,29.87,29.87,29.87,29.87,29.87,29.87,29.87,29.87,29.87,29.87,29.87,29.87,29.87,29.87,29.87,29.87,29.87,29.87,29.87,29.87,29.88,29.92,29.82,29.52,29.13,28.74,28.35,27.92,27.69,27.62,27.62,27.62,27.62,27.62,27.62,27.62,27.62,27.62,27.62,27.62,27.62,0,0,0,27.62,27.62,27.62,27.62,27.62,27.62,27.62,27.62,27.62,27.62,27.62,27.62,27.62,0,27.69,27.69,27.70,27.71,27.70,27.69,27.75,27.77,0,27.62,27.62,27.62,27.62,27.62,27.62,27.62,27.62,0,0,0,0,0,0,0,0,27.62,27.62,27.62,27.62,27.62,27.62,27.62,27.62,27.62,27.62,27.62,27.67,27.84,28.14,28.45,28.83,29.23,29.55,29.96,29.95,29.95,29.95,29.95,29.95,29.95,29.95,29.95,29.95,29.95,29.95,29.95,29.95,29.95,29.95,29.95,29.95,29.95,29.95,29.95,29.95,29.95,29.95,29.95,29.95,29.95,29.95,29.95,29.95,29.95,29.95,29.95,29.95,29.95,29.95,0,0,0,0,0,0,0,0,0,0,0,0,0,0,0,0,0,0,0,0,0,0,0,0],
[0,0,0,0,0,0,0,0,0,0,0,0,0,0,0,0,0,0,0,0,0,0,0,0,0,0,0,0,0,0,0,0,0,29.87,29.87,29.87,29.87,29.87,29.87,29.87,29.87,29.87,29.87,29.87,29.87,29.87,29.87,29.87,29.87,29.87,29.87,29.87,29.87,29.87,29.87,29.87,29.87,29.87,29.87,29.90,29.94,29.66,29.32,28.96,28.60,28.23,27.87,27.67,27.66,27.66,27.65,27.65,27.64,27.64,27.63,27.63,27.63,27.62,27.62,27.62,27.62,27.62,27.62,27.62,27.62,27.62,27.62,27.62,27.62,27.62,27.62,27.62,27.62,27.62,27.62,27.62,27.62,27.62,27.62,27.64,27.66,27.66,27.64,27.63,27.62,27.62,27.62,27.62,27.62,27.62,27.62,27.62,27.62,27.62,0,0,0,0,0,0,0,0,0,27.62,27.62,27.62,27.62,27.62,27.62,27.62,27.63,27.63,27.64,27.65,27.69,27.84,28.22,28.59,28.95,29.44,29.84,29.95,29.95,29.95,29.95,29.95,29.95,29.95,29.95,29.95,29.95,29.95,29.95,29.95,29.95,29.95,29.95,29.95,29.95,29.95,29.95,29.95,29.95,29.95,29.95,29.95,29.95,29.95,29.95,29.95,29.95,29.95,29.95,29.95,29.95,0,0,0,0,0,0,0,0,0,0,0,0,0,0,0,0,0,0,0,0,0,0,0,0,0],
[0,0,0,0,0,0,0,0,0,0,0,0,0,0,0,0,0,0,0,0,0,0,0,0,0,0,0,0,0,0,0,0,29.87,29.87,29.87,29.87,29.87,29.87,29.87,29.87,29.87,29.87,29.87,29.87,29.87,29.87,29.87,29.87,29.87,29.87,29.87,29.87,29.87,29.87,29.87,29.87,29.87,29.87,29.87,29.87,29.87,29.59,29.20,28.79,28.38,27.94,27.75,27.70,27.70,27.70,27.69,27.69,27.69,27.69,27.68,27.68,27.68,27.68,27.67,27.67,27.67,27.67,27.66,27.66,27.66,27.66,27.65,27.65,27.65,27.65,27.64,27.64,27.64,27.64,27.63,27.63,27.63,27.63,27.62,27.62,27.62,27.62,27.62,27.62,27.62,27.62,27.62,27.62,27.62,27.62,27.62,27.62,27.62,27.62,0,0,0,0,0,0,0,0,0,27.62,27.63,27.63,27.64,27.65,27.65,27.66,27.67,27.67,27.68,27.69,27.70,27.74,28.04,28.36,28.77,29.17,29.58,29.88,29.92,29.95,29.95,29.95,29.95,29.95,29.95,29.95,29.95,29.95,29.95,29.95,29.95,29.95,29.95,29.95,29.95,29.95,29.95,29.95,29.95,29.95,29.95,29.95,29.95,29.95,29.95,29.95,29.95,29.95,29.95,29.95,29.95,0,0,0,0,0,0,0,0,0,0,0,0,0,0,0,0,0,0,0,0,0,0,0,0,0],
[0,0,0,0,0,0,0,0,0,0,0,0,0,0,0,0,0,0,0,0,0,0,0,0,0,0,0,0,0,0,0,29.87,29.87,29.87,29.87,29.87,29.87,29.87,29.87,29.87,29.87,29.87,29.87,29.87,29.87,29.87,29.87,29.87,29.87,29.87,29.87,29.87,29.87,29.87,29.87,29.87,29.87,29.87,29.87,29.90,29.79,29.41,29.01,28.60,28.19,27.78,27.70,27.69,27.69,27.69,27.69,27.68,27.68,27.68,27.68,27.67,27.67,27.67,27.67,27.66,27.66,27.66,27.65,27.65,27.65,27.64,27.64,27.64,27.64,27.63,27.63,27.63,27.63,27.62,27.62,27.62,27.62,27.62,27.62,27.62,27.62,27.62,27.62,27.62,27.62,27.62,27.62,27.62,27.62,27.62,27.62,27.62,27.62,27.62,0,0,0,27.62,27.62,27.62,27.62,27.62,27.62,27.62,27.62,27.63,27.64,27.65,27.65,27.66,27.67,27.67,27.68,27.69,27.69,27.69,27.92,28.29,28.66,29.03,29.35,29.76,29.90,29.97,29.95,29.95,29.95,29.95,29.95,29.95,29.95,29.95,29.95,29.95,29.95,29.95,29.95,29.95,29.95,29.95,29.95,29.95,29.95,29.95,0,29.95,29.95,29.95,29.95,29.95,29.95,29.95,29.95,29.95,0,0,0,0,0,0,0,0,0,0,0,0,0,0,0,0,0,0,0,0,0,0,0,0,0,0],
[0,0,0,0,0,0,0,0,0,0,0,0,0,0,0,0,0,0,0,0,0,0,0,0,0,0,0,0,0,0,0,29.87,29.87,29.87,29.87,29.87,29.87,29.87,29.87,29.87,29.87,29.87,29.87,29.87,29.87,29.87,29.87,29.87,29.87,29.87,29.87,29.87,29.87,29.87,29.87,29.87,29.87,29.87,29.92,29.87,29.56,29.18,28.79,28.38,27.97,27.72,27.68,27.68,27.68,27.68,27.67,27.67,27.67,27.67,27.66,27.66,27.66,27.66,27.65,27.65,27.65,27.65,27.64,27.64,27.64,27.64,27.63,27.63,27.63,27.63,27.62,27.62,27.62,27.62,27.62,27.62,27.62,27.62,27.62,27.62,27.62,27.62,27.62,27.62,27.62,27.62,27.62,27.62,27.62,27.62,27.62,27.62,27.62,27.62,27.62,27.62,27.62,27.62,27.62,27.62,27.62,27.62,27.62,27.62,27.62,27.63,27.64,27.64,27.65,27.66,27.66,27.67,27.68,27.69,27.69,27.68,27.71,28.08,28.45,28.82,29.19,29.56,29.98,30.00,29.95,29.95,29.95,29.95,29.95,29.95,29.95,29.95,29.95,29.95,29.95,29.95,29.95,29.95,29.95,29.95,29.95,29.95,29.95,0,0,0,0,29.95,29.95,29.95,29.95,29.95,29.95,0,0,0,0,0,0,0,0,0,0,0,0,0,0,0,0,0,0,0,0,0,0,0,0,0,0,0],
[0,0,0,0,0,0,0,0,0,0,0,0,0,0,0,0,0,0,0,0,0,0,0,0,0,0,0,0,0,0,0,0,0,29.87,29.87,29.87,29.87,29.87,29.87,29.87,29.87,29.87,29.87,29.87,29.87,29.87,29.87,29.87,29.87,29.87,29.87,29.87,29.87,29.87,29.87,29.87,29.87,29.87,29.92,29.73,29.36,28.95,28.57,28.16,27.78,27.69,27.67,27.67,27.66,27.66,27.66,27.66,27.66,27.65,27.65,27.65,27.65,27.64,27.64,27.64,27.64,27.63,27.63,27.63,27.63,27.62,27.62,27.62,27.62,27.62,27.62,27.62,27.62,27.62,27.62,27.62,27.62,27.62,27.62,27.62,27.62,27.62,27.62,27.62,27.62,27.62,27.62,27.62,27.62,27.62,27.62,27.62,27.62,27.62,27.62,27.62,27.62,27.62,27.62,27.62,27.62,27.62,27.62,27.62,27.62,27.63,27.64,27.64,27.65,27.66,27.66,27.67,27.68,27.68,27.68,27.67,27.68,27.88,28.25,28.62,28.99,29.38,29.72,30.02,29.98,29.95,29.95,29.95,29.95,29.95,29.95,29.95,29.95,29.95,29.95,29.95,29.95,29.95,29.95,29.95,29.95,29.95,0,0,0,0,0,0,29.95,29.95,29.95,29.95,0,0,0,0,0,0,0,0,0,0,0,0,0,0,0,0,0,0,0,0,0,0,0,0,0,0,0,0],
[0,0,0,0,0,0,0,0,0,0,0,0,0,0,0,0,0,0,0,0,0,0,0,0,0,0,0,0,0,0,0,0,0,0,29.87,29.87,29.87,29.87,29.87,29.87,29.87,29.87,29.87,29.87,29.87,29.87,29.87,29.87,29.87,29.87,29.87,29.87,29.87,29.87,29.87,29.87,29.87,29.87,29.84,29.46,29.15,28.80,28.38,27.97,27.70,27.67,27.66,27.65,27.65,27.65,27.65,27.64,27.64,27.64,27.64,27.64,27.63,27.63,27.63,27.63,27.62,27.62,27.62,27.62,27.62,27.62,27.62,27.62,27.62,27.62,27.62,27.62,27.62,27.62,27.62,27.62,27.62,27.62,27.62,27.62,27.62,27.62,27.62,27.62,27.62,27.62,27.62,27.62,27.62,27.62,27.62,27.62,27.62,27.62,27.62,27.62,27.62,27.62,27.62,27.62,27.62,27.62,27.62,27.62,27.62,27.63,27.63,27.64,27.65,27.65,27.66,27.67,27.68,27.67,27.67,27.66,27.66,27.70,28.04,28.41,28.75,29.17,29.45,29.80,29.98,29.96,29.95,29.95,29.95,29.95,29.95,29.95,29.95,29.95,29.95,29.95,29.95,29.95,29.95,29.95,29.95,0,0,0,0,0,0,0,0,29.95,29.95,0,0,0,0,0,0,0,0,0,0,0,0,0,0,0,0,0,0,0,0,0,0,0,0,0,0,0,0,0],
[0,0,0,0,0,0,0,0,0,0,0,0,0,0,0,0,0,0,0,0,0,0,0,0,0,0,0,0,0,0,0,0,0,0,0,29.87,29.87,29.87,29.87,29.87,29.87,29.87,29.87,29.87,29.87,29.87,29.87,29.87,29.87,29.87,29.87,29.87,29.87,29.87,29.87,29.87,29.87,29.87,29.66,29.30,28.95,28.57,28.23,27.80,27.68,27.65,27.64,27.64,27.64,27.64,27.63,27.63,27.63,27.63,27.62,27.62,27.62,27.62,27.62,27.62,27.62,27.62,27.62,27.62,27.62,27.62,27.62,27.62,27.62,27.62,27.62,27.62,27.62,27.62,27.62,27.62,27.62,27.62,27.62,27.62,27.62,27.62,27.62,27.62,27.62,27.62,27.62,27.62,27.62,27.62,27.62,27.62,27.62,27.62,27.62,27.62,27.62,27.62,27.62,27.62,27.62,27.62,27.62,27.62,27.62,27.62,27.63,27.64,27.65,27.65,27.66,27.67,27.67,27.66,27.66,27.65,27.65,27.68,27.84,28.21,28.58,28.96,29.32,29.59,29.95,29.95,29.95,29.95,29.95,29.95,29.95,29.95,29.95,29.95,29.95,29.95,29.95,29.95,29.95,29.95,29.95,0,0,0,0,0,0,0,0,0,0,0,0,0,0,0,0,0,0,0,0,0,0,0,0,0,0,0,0,0,0,0,0,0,0,0,0,0,0,0],
[0,0,0,0,0,0,0,0,0,0,0,0,0,0,0,0,0,0,0,0,0,0,0,0,0,0,0,0,0,0,0,0,0,0,0,0,29.87,29.87,29.87,29.87,29.87,29.87,29.87,29.87,29.87,29.87,29.87,29.87,29.87,29.87,29.87,29.87,29.87,29.87,29.87,29.87,0,29.87,29.48,29.20,28.77,28.38,27.99,27.69,27.65,27.63,27.63,27.63,27.63,27.62,27.62,27.62,27.62,27.62,27.62,27.62,27.62,27.62,27.62,27.62,27.62,27.62,27.62,27.62,27.62,27.62,27.62,27.62,27.62,27.62,27.62,27.62,27.62,27.62,27.62,27.62,27.62,27.62,27.62,27.62,27.62,27.62,27.62,27.62,27.62,27.62,27.62,27.62,27.62,27.62,27.62,27.62,27.62,27.62,27.62,27.62,27.62,27.62,27.62,27.62,27.62,27.62,27.62,27.62,27.62,27.62,27.63,27.64,27.64,27.65,27.66,27.66,27.66,27.65,27.65,27.65,27.64,27.65,27.69,27.99,28.37,28.75,29.11,29.45,29.95,0,0,29.95,29.95,29.95,29.95,29.95,29.95,29.95,29.95,29.95,29.95,29.95,29.95,29.95,29.95,0,0,0,0,0,0,0,0,0,0,0,0,0,0,0,0,0,0,0,0,0,0,0,0,0,0,0,0,0,0,0,0,0,0,0,0,0,0,0],
[0,0,0,0,0,0,0,0,0,0,0,0,0,0,0,0,0,0,0,0,0,0,0,0,0,0,0,0,0,0,0,0,0,0,0,0,0,29.87,29.87,0,0,29.87,29.87,29.87,29.87,29.87,29.87,29.87,29.87,29.87,29.87,29.87,29.87,29.87,29.87,29.87,29.87,29.72,0,0,0,0,27.81,27.65,27.63,27.62,27.62,27.62,27.62,27.62,27.62,27.62,27.62,27.62,27.62,27.62,27.62,27.62,27.62,27.62,27.62,27.62,27.62,27.62,27.62,27.62,27.62,27.62,27.62,27.62,27.62,27.62,27.62,27.62,27.62,27.62,27.62,27.62,27.62,27.62,27.62,27.62,27.62,27.62,27.62,27.62,27.62,27.62,27.62,27.62,27.62,27.62,27.62,27.62,27.62,27.62,27.62,27.62,27.62,27.62,27.62,27.62,27.62,27.62,27.62,27.62,27.63,27.64,27.64,27.65,27.66,27.65,27.65,27.65,27.64,27.64,27.63,27.63,27.63,27.79,28.18,0,0,0,0,0,29.99,29.95,29.95,29.95,29.95,29.95,29.95,29.95,29.95,29.95,29.95,29.95,29.95,29.95,29.95,0,0,0,0,0,0,0,0,0,0,0,0,0,0,0,0,0,0,0,0,0,0,0,0,0,0,0,0,0,0,0,0,0,0,0,0,0,0,0],
[0,0,0,0,0,0,0,0,0,0,0,0,0,0,0,0,0,0,0,0,0,0,0,0,0,0,0,0,0,0,0,0,0,0,0,0,0,0,0,0,0,29.87,29.87,29.87,29.87,29.87,29.87,29.87,29.87,29.87,29.87,29.87,29.87,29.87,29.87,29.87,29.87,29.50,29.29,0,0,0,0,0,27.62,27.62,27.62,27.62,27.62,27.62,27.62,27.62,27.62,27.62,27.62,27.62,27.62,27.62,27.62,27.62,27.62,27.62,27.62,27.62,27.62,27.62,27.62,27.62,27.62,27.62,27.62,27.62,27.62,27.62,27.62,27.62,27.62,27.62,27.62,27.62,27.62,27.62,27.62,27.62,27.62,27.62,27.62,27.62,27.62,27.62,27.62,27.62,27.62,27.62,27.62,27.62,27.62,27.62,27.62,27.62,27.62,27.62,27.62,27.62,27.62,27.62,27.63,27.63,27.64,27.65,27.65,27.65,27.64,27.64,27.63,27.63,27.62,27.62,27.62,0,0,0,0,0,29.46,29.83,30.02,29.97,29.95,29.95,29.95,29.95,29.95,29.95,29.95,29.95,29.95,29.95,29.95,29.95,29.95,0,0,0,0,0,0,0,0,0,0,0,0,0,0,0,0,0,0,0,0,0,0,0,0,0,0,0,0,0,0,0,0,0,0,0,0,0,0,0],
[0,0,0,0,0,0,0,0,0,0,0,0,0,0,0,0,0,0,0,0,0,0,0,0,0,0,0,0,0,0,0,0,0,0,0,0,0,0,0,0,0,29.87,29.87,29.87,29.87,29.87,29.87,29.87,29.87,29.87,29.87,29.87,29.87,29.87,29.87,29.87,29.69,29.30,29.01,0,0,0,0,27.62,27.62,27.62,27.62,27.62,27.62,27.62,27.62,27.62,27.62,27.62,27.62,27.62,27.62,27.62,27.62,27.62,27.62,27.62,27.62,27.62,27.62,27.62,27.62,27.62,27.62,27.62,27.62,27.62,27.62,27.62,27.62,27.62,27.62,27.62,27.62,27.62,27.62,27.62,27.62,27.62,27.62,27.62,27.62,27.62,27.62,27.62,27.62,27.62,27.62,27.62,27.62,27.62,27.62,27.62,27.62,27.62,27.62,27.62,27.62,27.62,27.62,27.62,27.63,27.63,27.64,27.64,27.64,27.64,27.63,27.63,27.62,27.62,27.62,27.62,27.62,0,0,0,0,28.62,29.27,29.72,30.03,29.98,29.95,29.95,29.95,29.95,29.95,29.95,29.95,29.95,29.95,29.95,29.95,29.95,29.95,0,0,0,0,0,0,0,0,0,0,0,0,0,0,0,0,0,0,0,0,0,0,0,0,0,0,0,0,0,0,0,0,0,0,0,0,0,0,0],
[0,0,0,0,0,0,0,0,0,0,0,0,0,0,0,0,0,0,0,0,0,0,0,0,0,0,0,0,0,0,0,0,0,0,0,0,0,0,0,0,0,29.87,29.87,29.87,29.87,29.87,29.87,29.87,29.87,29.87,29.87,29.87,29.87,29.87,29.87,29.87,29.51,29.11,28.68,28.42,28.11,0,0,27.62,27.62,27.62,27.62,27.62,27.62,27.62,27.62,27.62,27.62,27.62,27.62,27.62,27.62,27.62,27.62,27.62,27.62,27.62,27.62,27.62,27.62,27.62,27.62,27.62,27.62,27.62,27.62,27.62,27.62,27.62,27.62,27.62,27.62,27.62,27.62,27.62,27.62,27.62,27.62,27.62,27.62,27.62,27.62,27.62,27.62,27.62,27.62,27.62,27.62,27.62,27.62,27.62,27.62,27.62,27.62,27.62,27.62,27.62,27.62,27.62,27.62,27.62,27.62,27.63,27.64,27.64,27.63,27.63,27.62,27.62,27.62,27.62,27.62,27.62,27.62,27.62,27.69,27.99,28.34,28.56,29.16,29.58,29.92,30.00,29.95,29.95,29.95,29.95,29.95,29.95,29.95,29.95,29.95,29.95,29.95,0,0,0,0,0,0,0,0,0,0,0,0,0,0,0,0,0,0,0,0,0,0,0,0,0,0,0,0,0,0,0,0,0,0,0,0,0,0,0,0,0],
[0,0,0,0,0,0,0,0,0,0,0,0,0,0,0,0,0,0,0,0,0,0,0,0,0,0,0,0,0,0,0,0,0,0,0,0,0,0,0,0,0,0,29.87,29.87,29.87,29.87,29.87,29.87,29.87,29.87,29.87,29.87,29.87,29.87,29.87,29.70,29.31,28.83,28.56,28.22,27.94,27.69,27.62,27.62,27.62,27.62,27.62,27.62,27.62,27.62,27.62,27.62,27.62,27.62,27.62,27.62,27.62,27.62,27.62,27.62,27.62,27.62,27.62,27.62,27.62,27.62,27.62,27.62,27.62,27.62,27.62,27.62,27.62,27.62,27.62,27.62,27.62,27.62,27.62,27.62,27.62,27.62,27.62,27.62,27.62,27.62,27.62,27.62,27.62,27.62,27.62,27.62,27.62,27.62,27.62,27.62,27.62,27.62,27.62,27.62,27.62,27.62,27.62,27.62,27.62,27.62,27.62,27.63,27.63,27.63,27.62,27.62,27.62,27.62,27.62,27.62,27.62,27.62,27.62,27.62,27.67,27.82,28.15,28.37,28.96,29.36,29.72,30.02,29.95,29.95,29.95,29.95,29.95,29.95,29.95,29.95,29.95,0,0,0,0,0,0,0,0,0,0,0,0,0,0,0,0,0,0,0,0,0,0,0,0,0,0,0,0,0,0,0,0,0,0,0,0,0,0,0,0,0,0,0],
[0,0,0,0,0,0,0,0,0,0,0,0,0,0,0,0,0,0,0,0,0,0,0,0,0,0,0,0,0,0,0,0,0,0,0,0,0,0,0,0,0,0,0,0,29.87,29.87,29.87,29.87,29.87,29.87,29.87,29.87,29.87,29.87,29.87,29.51,29.11,28.65,28.38,28.02,27.75,27.63,27.63,27.62,27.62,27.62,27.62,27.62,27.62,27.62,27.62,27.62,27.62,27.62,27.62,27.62,27.62,27.62,27.62,27.62,27.62,27.62,27.62,27.62,27.62,27.62,27.62,27.62,27.62,27.62,27.62,27.62,27.62,27.62,27.62,27.62,27.62,27.62,27.62,27.62,27.62,27.62,27.62,27.62,27.62,27.62,27.62,27.62,27.62,27.62,27.62,27.62,27.62,27.62,27.62,27.62,27.62,27.62,27.62,27.62,27.62,27.62,27.62,27.62,27.62,27.62,27.62,27.62,27.62,27.62,27.62,27.62,27.62,27.62,27.62,27.62,27.62,27.62,27.62,27.62,27.65,27.69,27.96,28.30,28.76,29.13,29.51,29.92,29.97,29.95,29.95,29.95,29.95,29.95,29.95,29.95,0,0,0,0,0,0,0,0,0,0,0,0,0,0,0,0,0,0,0,0,0,0,0,0,0,0,0,0,0,0,0,0,0,0,0,0,0,0,0,0,0,0,0,0],
[0,0,0,0,0,0,0,0,0,0,0,0,0,0,0,0,0,0,0,0,0,0,0,0,0,0,0,0,0,0,0,0,0,0,0,0,0,0,0,0,0,0,0,0,0,0,29.87,29.87,29.87,29.87,29.87,29.87,29.87,29.87,29.71,29.32,28.94,28.56,28.20,27.84,27.66,27.65,27.63,27.62,27.62,27.62,27.62,27.62,27.62,27.62,27.62,27.62,27.62,27.62,27.62,27.62,27.62,27.62,27.62,27.62,27.62,27.62,27.62,27.62,27.62,27.62,27.62,27.62,27.62,27.62,27.62,27.62,27.62,27.62,27.62,27.62,27.62,27.62,27.62,27.62,27.62,27.62,27.62,27.62,27.62,27.62,27.62,27.62,27.62,27.62,27.62,27.62,27.62,27.62,27.62,27.62,27.62,27.62,27.62,27.62,27.62,27.62,27.62,27.62,27.62,27.62,27.62,27.62,27.62,27.62,27.62,27.62,27.62,27.62,27.62,27.62,27.62,27.62,27.62,27.62,27.63,27.67,27.77,28.11,28.54,28.92,29.32,29.72,29.95,29.95,29.95,29.95,29.95,29.95,0,0,0,0,0,0,0,0,0,0,0,0,0,0,0,0,0,0,0,0,0,0,0,0,0,0,0,0,0,0,0,0,0,0,0,0,0,0,0,0,0,0,0,0,0,0],
[0,0,0,0,0,0,0,0,0,0,0,0,0,0,0,0,0,0,0,0,0,0,0,0,0,0,0,0,0,0,0,0,0,0,0,0,0,0,0,0,0,0,0,0,0,0,0,0,29.87,29.87,29.87,29.87,29.87,29.87,29.53,29.15,28.77,28.39,28.03,27.69,27.66,27.65,27.64,27.63,27.62,27.62,27.62,27.62,27.62,27.62,27.62,27.62,27.62,27.62,27.62,27.62,27.62,27.62,27.62,27.62,27.62,27.62,27.62,27.62,27.62,27.62,27.62,27.62,27.62,27.62,27.62,27.62,27.62,27.62,27.62,27.62,27.62,27.62,27.62,27.62,27.62,27.62,27.62,27.62,27.62,27.62,27.62,27.62,27.62,27.62,27.62,27.62,27.62,27.62,27.62,27.62,27.62,27.62,27.62,27.62,27.62,27.62,27.62,27.62,27.62,27.62,27.62,27.62,27.62,27.62,27.62,27.62,27.62,27.62,27.62,27.62,27.62,27.62,27.62,27.62,27.62,27.65,27.69,27.80,28.32,28.72,29.14,0,0,0,0,0,0,0,0,0,0,0,0,0,0,0,0,0,0,0,0,0,0,0,0,0,0,0,0,0,0,0,0,0,0,0,0,0,0,0,0,0,0,0,0,0,0,0,0,0,0,0,0,0],
[0,0,0,0,0,0,0,0,0,0,0,0,0,0,0,0,0,0,0,0,0,0,0,0,0,0,0,0,0,0,0,0,0,0,0,0,0,0,0,0,0,0,0,0,0,0,0,0,0,0,0,0,0,0,29.36,28.98,28.60,28.22,27.80,27.68,27.67,27.66,27.65,27.63,27.62,27.62,27.62,27.62,27.62,27.62,27.62,27.62,27.62,27.62,27.62,27.62,27.62,27.62,27.62,27.62,27.62,27.62,27.62,27.62,27.62,27.62,27.62,27.62,27.62,27.62,27.62,27.62,27.62,27.62,27.62,27.62,27.62,27.62,27.62,27.62,27.62,27.62,27.62,27.62,27.62,27.62,27.62,27.62,27.62,27.62,27.62,27.62,27.62,27.62,27.62,27.62,27.62,27.62,27.62,27.62,27.62,27.62,27.62,27.62,27.62,27.62,27.62,27.62,27.62,27.62,27.62,27.62,27.62,27.62,27.62,27.62,27.62,27.62,27.62,27.62,27.62,27.65,27.68,27.70,28.15,0,0,0,0,0,0,0,0,0,0,0,0,0,0,0,0,0,0,0,0,0,0,0,0,0,0,0,0,0,0,0,0,0,0,0,0,0,0,0,0,0,0,0,0,0,0,0,0,0,0,0,0,0,0,0],
[0,0,0,0,0,0,0,0,0,0,0,0,0,0,0,0,0,0,0,0,0,0,0,0,0,0,0,0,0,0,0,0,0,0,0,0,0,0,0,0,0,0,0,0,0,0,0,0,0,0,0,0,0,0,0,0,28.43,28.05,27.77,27.69,27.68,27.67,27.65,27.64,27.63,27.62,27.62,27.62,27.62,27.62,27.62,27.62,27.62,27.62,27.62,27.62,27.62,27.62,27.62,27.62,27.62,27.62,27.62,27.62,27.62,27.62,27.62,27.62,27.62,27.62,27.62,27.62,27.62,27.62,27.62,27.62,27.62,27.62,27.62,27.62,27.62,27.62,27.62,27.62,27.62,27.62,27.62,27.62,27.62,27.62,27.62,27.62,27.62,27.62,27.62,27.62,27.62,27.62,27.62,27.62,27.62,27.62,27.62,27.62,27.62,27.62,27.62,27.62,27.62,27.62,27.62,27.62,27.62,27.62,27.62,27.62,27.62,27.62,27.62,27.62,0,0,0,0,0,0,0,0,0,0,0,0,0,0,0,0,0,0,0,0,0,0,0,0,0,0,0,0,0,0,0,0,0,0,0,0,0,0,0,0,0,0,0,0,0,0,0,0,0,0,0,0,0,0,0,0,0,0,0,0],
[0,0,0,0,0,0,0,0,0,0,0,0,0,0,0,0,0,0,0,0,0,0,0,0,0,0,0,0,0,0,0,0,0,0,0,0,0,0,0,0,0,0,0,0,0,0,0,0,0,0,0,0,0,0,0,0,0,0,27.70,27.69,27.68,27.67,27.66,27.65,27.64,27.62,27.62,27.62,27.62,27.62,27.62,27.62,27.62,27.62,27.62,27.62,27.62,27.62,27.62,27.62,27.62,27.62,27.62,27.62,27.62,27.62,27.62,27.62,27.62,27.62,27.62,0,0,0,27.62,27.62,27.62,27.62,27.62,27.62,27.62,27.62,27.62,27.62,27.62,27.62,27.62,27.62,0,0,0,27.62,27.62,27.62,27.62,27.62,27.62,27.62,27.62,27.62,27.62,27.62,27.62,27.62,27.62,27.62,27.62,27.62,27.62,27.62,27.62,27.62,27.62,27.62,27.62,27.62,27.62,27.62,27.62,27.62,27.62,0,0,0,0,0,0,0,0,0,0,0,0,0,0,0,0,0,0,0,0,0,0,0,0,0,0,0,0,0,0,0,0,0,0,0,0,0,0,0,0,0,0,0,0,0,0,0,0,0,0,0,0,0,0,0,0,0,0,0],
[0,0,0,0,0,0,0,0,0,0,0,0,0,0,0,0,0,0,0,0,0,0,0,0,0,0,0,0,0,0,0,0,0,0,0,0,0,0,0,0,0,0,0,0,0,0,0,0,0,0,0,0,0,0,0,0,0,0,0,0,27.69,27.68,27.67,27.66,27.64,27.63,27.62,27.62,27.62,27.62,27.62,27.62,27.62,27.62,27.62,27.62,27.62,27.62,27.62,27.62,27.62,27.62,27.62,27.62,27.62,27.62,27.62,27.62,27.62,27.62,27.62,0,0,0,27.62,27.62,27.62,27.62,27.62,27.62,27.62,27.62,27.62,27.62,27.62,27.62,27.62,27.62,0,0,0,27.62,27.62,27.62,27.62,27.62,27.62,27.62,27.62,27.62,27.62,27.62,27.62,27.62,27.62,27.62,27.62,27.62,27.62,27.62,27.62,27.62,27.62,27.62,27.62,27.62,27.62,27.62,27.62,27.62,27.62,0,0,0,0,0,0,0,0,0,0,0,0,0,0,0,0,0,0,0,0,0,0,0,0,0,0,0,0,0,0,0,0,0,0,0,0,0,0,0,0,0,0,0,0,0,0,0,0,0,0,0,0,0,0,0,0,0,0,0],
[0,0,0,0,0,0,0,0,0,0,0,0,0,0,0,0,0,0,0,0,0,0,0,0,0,0,0,0,0,0,0,0,0,0,0,0,0,0,0,0,0,0,0,0,0,0,0,0,0,0,0,0,0,0,0,0,0,0,0,0,0,27.68,27.67,27.66,27.65,27.64,27.63,27.62,27.62,27.62,27.62,27.62,27.62,27.62,27.62,27.62,27.62,27.62,27.62,27.62,27.62,27.62,27.62,27.62,27.62,27.62,27.62,27.62,27.62,27.62,27.62,0,0,0,27.62,27.62,27.62,27.62,27.62,27.62,27.62,27.62,27.62,27.62,27.62,27.62,27.62,27.62,0,0,0,27.62,27.62,27.62,27.62,27.62,27.62,27.62,27.62,27.62,27.62,27.62,27.62,27.62,27.62,27.62,27.62,27.62,27.62,27.62,27.62,27.62,27.62,27.62,27.62,27.62,27.62,27.62,27.62,27.62,27.62,0,0,0,0,0,0,0,0,0,0,0,0,0,0,0,0,0,0,0,0,0,0,0,0,0,0,0,0,0,0,0,0,0,0,0,0,0,0,0,0,0,0,0,0,0,0,0,0,0,0,0,0,0,0,0,0,0,0,0],
[0,0,0,0,0,0,0,0,0,0,0,0,0,0,0,0,0,0,0,0,0,0,0,0,0,0,0,0,0,0,0,0,0,0,0,0,0,0,0,0,0,0,0,0,0,0,0,0,0,0,0,0,0,0,0,0,0,0,0,0,0,0,0,27.66,27.65,27.64,27.63,27.62,27.62,27.62,27.62,27.62,27.62,27.62,27.62,27.62,27.62,27.62,27.62,27.62,27.62,27.62,27.62,27.62,27.62,27.62,27.62,27.62,27.62,27.62,27.62,0,0,0,27.62,27.62,27.62,27.62,27.62,27.62,27.62,27.62,27.62,27.62,27.62,27.62,27.62,27.62,0,0,0,27.62,27.62,27.62,27.62,27.62,27.62,27.62,27.62,27.62,27.62,27.62,27.62,27.62,27.62,27.62,27.62,27.62,27.62,27.62,27.62,27.62,27.62,27.62,27.62,27.62,27.62,27.62,27.62,0,0,0,0,0,0,0,0,0,0,0,0,0,0,0,0,0,0,0,0,0,0,0,0,0,0,0,0,0,0,0,0,0,0,0,0,0,0,0,0,0,0,0,0,0,0,0,0,0,0,0,0,0,0,0,0,0,0,0,0,0],
[0,0,0,0,0,0,0,0,0,0,0,0,0,0,0,0,0,0,0,0,0,0,0,0,0,0,0,0,0,0,0,0,0,0,0,0,0,0,0,0,0,0,0,0,0,0,0,0,0,0,0,0,0,0,0,0,0,0,0,0,0,0,0,0,0,27.64,27.64,27.63,27.62,27.62,27.62,27.62,27.62,27.62,27.62,27.62,27.62,27.62,27.62,27.62,27.62,27.62,27.62,27.62,27.62,27.62,27.62,27.62,27.62,27.62,27.62,0,0,0,27.62,27.62,27.62,27.62,27.62,27.62,27.62,27.62,27.62,27.62,27.62,27.62,27.62,27.62,0,0,0,27.62,27.62,27.62,27.62,27.62,27.62,27.62,27.62,27.62,27.62,27.62,27.62,27.62,27.62,27.62,27.62,27.62,27.62,27.62,0,0,27.62,27.62,27.62,27.62,0,0,0,0,0,0,0,0,0,0,0,0,0,0,0,0,0,0,0,0,0,0,0,0,0,0,0,0,0,0,0,0,0,0,0,0,0,0,0,0,0,0,0,0,0,0,0,0,0,0,0,0,0,0,0,0,0,0,0,0,0,0,0,0],
[0,0,0,0,0,0,0,0,0,0,0,0,0,0,0,0,0,0,0,0,0,0,0,0,0,0,0,0,0,0,0,0,0,0,0,0,0,0,0,0,0,0,0,0,0,0,0,0,0,0,0,0,0,0,0,0,0,0,0,0,0,0,0,0,0,0,0,27.63,27.62,27.62,27.62,27.62,27.62,27.62,27.62,27.62,27.62,27.62,27.62,27.62,27.62,27.62,27.62,27.62,27.62,27.62,27.62,27.62,27.62,27.62,27.62,0,0,0,27.62,27.62,27.62,27.62,27.62,27.62,27.62,27.62,27.62,27.62,27.62,27.62,27.62,27.62,0,0,0,0,27.62,27.62,27.62,27.62,27.62,27.62,27.62,27.62,27.62,27.62,27.62,27.62,27.62,27.62,27.62,27.62,0,0,0,0,0,0,0,0,0,0,0,0,0,0,0,0,0,0,0,0,0,0,0,0,0,0,0,0,0,0,0,0,0,0,0,0,0,0,0,0,0,0,0,0,0,0,0,0,0,0,0,0,0,0,0,0,0,0,0,0,0,0,0,0,0,0,0,0,0,0,0,0],
[0,0,0,0,0,0,0,0,0,0,0,0,0,0,0,0,0,0,0,0,0,0,0,0,0,0,0,0,0,0,0,0,0,0,0,0,0,0,0,0,0,0,0,0,0,0,0,0,0,0,0,0,0,0,0,0,0,0,0,0,0,0,0,0,0,0,0,0,27.62,27.62,27.62,27.62,27.62,27.62,27.62,27.62,27.62,27.62,27.62,27.62,27.62,27.62,27.62,27.62,27.62,27.62,27.62,27.62,27.62,27.62,27.62,0,0,0,27.62,27.62,27.62,27.62,27.62,27.62,27.62,27.62,27.62,27.62,27.62,27.62,27.62,27.62,0,0,0,0,0,0,27.62,27.62,27.62,27.62,27.62,27.62,27.62,27.62,27.62,27.62,27.62,27.62,27.62,27.62,0,0,0,0,0,0,0,0,0,0,0,0,0,0,0,0,0,0,0,0,0,0,0,0,0,0,0,0,0,0,0,0,0,0,0,0,0,0,0,0,0,0,0,0,0,0,0,0,0,0,0,0,0,0,0,0,0,0,0,0,0,0,0,0,0,0,0,0,0,0,0,0],
[0,0,0,0,0,0,0,0,0,0,0,0,0,0,0,0,0,0,0,0,0,0,0,0,0,0,0,0,0,0,0,0,0,0,0,0,0,0,0,0,0,0,0,0,0,0,0,0,0,0,0,0,0,0,0,0,0,0,0,0,0,0,0,0,0,0,0,0,0,0,0,27.62,27.62,27.62,27.62,27.62,27.62,27.62,27.62,27.62,27.62,27.62,27.62,27.62,27.62,27.62,27.62,27.62,27.62,0,0,0,0,0,27.62,27.62,27.62,27.62,27.62,27.62,27.62,27.62,27.62,27.62,27.62,27.62,27.62,27.62,0,0,0,0,0,0,27.62,27.62,27.62,27.62,27.62,27.62,27.62,27.62,27.62,27.62,27.62,27.62,27.62,27.62,0,0,0,0,0,0,0,0,0,0,0,0,0,0,0,0,0,0,0,0,0,0,0,0,0,0,0,0,0,0,0,0,0,0,0,0,0,0,0,0,0,0,0,0,0,0,0,0,0,0,0,0,0,0,0,0,0,0,0,0,0,0,0,0,0,0,0,0,0,0,0,0],
[0,0,0,0,0,0,0,0,0,0,0,0,0,0,0,0,0,0,0,0,0,0,0,0,0,0,0,0,0,0,0,0,0,0,0,0,0,0,0,0,0,0,0,0,0,0,0,0,0,0,0,0,0,0,0,0,0,0,0,0,0,0,0,0,0,0,0,0,0,0,0,0,0,0,27.62,27.62,27.62,27.62,27.62,27.62,27.62,27.62,27.62,27.62,27.62,27.62,27.62,27.62,27.62,0,0,0,0,0,27.62,27.62,27.62,27.62,27.62,27.62,27.62,27.62,27.62,27.62,27.62,27.62,27.62,27.62,0,0,0,0,0,0,27.62,27.62,27.62,27.62,27.62,27.62,27.62,27.62,27.62,27.62,27.62,27.62,27.62,0,0,0,0,0,0,0,0,0,0,0,0,0,0,0,0,0,0,0,0,0,0,0,0,0,0,0,0,0,0,0,0,0,0,0,0,0,0,0,0,0,0,0,0,0,0,0,0,0,0,0,0,0,0,0,0,0,0,0,0,0,0,0,0,0,0,0,0,0,0,0,0,0],
[0,0,0,0,0,0,0,0,0,0,0,0,0,0,0,0,0,0,0,0,0,0,0,0,0,0,0,0,0,0,0,0,0,0,0,0,0,0,0,0,0,0,0,0,0,0,0,0,0,0,0,0,0,0,0,0,0,0,0,0,0,0,0,0,0,0,0,0,0,0,0,0,0,0,0,0,0,27.62,27.62,27.62,27.62,27.62,27.62,27.62,27.62,27.62,27.62,27.62,27.62,0,0,0,0,0,27.62,27.62,27.62,27.62,27.62,27.62,27.62,27.62,27.62,27.62,27.62,27.62,27.62,27.62,0,0,0,0,0,0,27.62,27.62,27.62,27.62,27.62,27.62,27.62,0,0,0,0,0,0,0,0,0,0,0,0,0,0,0,0,0,0,0,0,0,0,0,0,0,0,0,0,0,0,0,0,0,0,0,0,0,0,0,0,0,0,0,0,0,0,0,0,0,0,0,0,0,0,0,0,0,0,0,0,0,0,0,0,0,0,0,0,0,0,0,0,0,0,0,0,0,0,0],
[0,0,0,0,0,0,0,0,0,0,0,0,0,0,0,0,0,0,0,0,0,0,0,0,0,0,0,0,0,0,0,0,0,0,0,0,0,0,0,0,0,0,0,0,0,0,0,0,0,0,0,0,0,0,0,0,0,0,0,0,0,0,0,0,0,0,0,0,0,0,0,0,0,0,0,0,0,0,0,0,0,0,0,27.62,27.62,27.62,27.62,27.62,27.62,0,0,0,0,0,27.62,27.62,27.62,27.62,27.62,27.62,27.62,27.62,27.62,27.62,27.62,27.62,27.62,27.62,0,0,0,0,0,0,0,0,0,0,0,0,0,0,0,0,0,0,0,0,0,0,0,0,0,0,0,0,0,0,0,0,0,0,0,0,0,0,0,0,0,0,0,0,0,0,0,0,0,0,0,0,0,0,0,0,0,0,0,0,0,0,0,0,0,0,0,0,0,0,0,0,0,0,0,0,0,0,0,0,0,0,0,0,0,0,0,0,0,0,0,0],
[0,0,0,0,0,0,0,0,0,0,0,0,0,0,0,0,0,0,0,0,0,0,0,0,0,0,0,0,0,0,0,0,0,0,0,0,0,0,0,0,0,0,0,0,0,0,0,0,0,0,0,0,0,0,0,0,0,0,0,0,0,0,0,0,0,0,0,0,0,0,0,0,0,0,0,0,0,0,0,0,0,0,0,0,0,0,0,0,0,0,0,0,0,0,27.62,27.62,27.62,27.62,27.62,27.62,27.62,27.62,27.62,27.62,27.62,27.62,27.62,27.62,0,0,0,0,0,0,0,0,0,0,0,0,0,0,0,0,0,0,0,0,0,0,0,0,0,0,0,0,0,0,0,0,0,0,0,0,0,0,0,0,0,0,0,0,0,0,0,0,0,0,0,0,0,0,0,0,0,0,0,0,0,0,0,0,0,0,0,0,0,0,0,0,0,0,0,0,0,0,0,0,0,0,0,0,0,0,0,0,0,0,0,0],
[0,0,0,0,0,0,0,0,0,0,0,0,0,0,0,0,0,0,0,0,0,0,0,0,0,0,0,0,0,0,0,0,0,0,0,0,0,0,0,0,0,0,0,0,0,0,0,0,0,0,0,0,0,0,0,0,0,0,0,0,0,0,0,0,0,0,0,0,0,0,0,0,0,0,0,0,0,0,0,0,0,0,0,0,0,0,0,0,0,0,0,0,0,0,27.62,27.62,27.62,27.62,27.62,27.62,27.62,27.62,27.62,27.62,27.62,27.62,27.62,27.62,0,0,0,0,0,0,0,0,0,0,0,0,0,0,0,0,0,0,0,0,0,0,0,0,0,0,0,0,0,0,0,0,0,0,0,0,0,0,0,0,0,0,0,0,0,0,0,0,0,0,0,0,0,0,0,0,0,0,0,0,0,0,0,0,0,0,0,0,0,0,0,0,0,0,0,0,0,0,0,0,0,0,0,0,0,0,0,0,0,0,0,0],
[0,0,0,0,0,0,0,0,0,0,0,0,0,0,0,0,0,0,0,0,0,0,0,0,0,0,0,0,0,0,0,0,0,0,0,0,0,0,0,0,0,0,0,0,0,0,0,0,0,0,0,0,0,0,0,0,0,0,0,0,0,0,0,0,0,0,0,0,0,0,0,0,0,0,0,0,0,0,0,0,0,0,0,0,0,0,0,0,0,0,0,0,0,0,0,0,0,0,0,0,0,0,0,0,0,0,0,0,0,0,0,0,0,0,0,0,0,0,0,0,0,0,0,0,0,0,0,0,0,0,0,0,0,0,0,0,0,0,0,0,0,0,0,0,0,0,0,0,0,0,0,0,0,0,0,0,0,0,0,0,0,0,0,0,0,0,0,0,0,0,0,0,0,0,0,0,0,0,0,0,0,0,0,0,0,0,0,0,0,0,0,0,0,0,0,0,0,0,0,0],
[0,0,0,0,0,0,0,0,0,0,0,0,0,0,0,0,0,0,0,0,0,0,0,0,0,0,0,0,0,0,0,0,0,0,0,0,0,0,0,0,0,0,0,0,0,0,0,0,0,0,0,0,0,0,0,0,0,0,0,0,0,0,0,0,0,0,0,0,0,0,0,0,0,0,0,0,0,0,0,0,0,0,0,0,0,0,0,0,0,0,0,0,0,0,0,0,0,0,0,0,0,0,0,0,0,0,0,0,0,0,0,0,0,0,0,0,0,0,0,0,0,0,0,0,0,0,0,0,0,0,0,0,0,0,0,0,0,0,0,0,0,0,0,0,0,0,0,0,0,0,0,0,0,0,0,0,0,0,0,0,0,0,0,0,0,0,0,0,0,0,0,0,0,0,0,0,0,0,0,0,0,0,0,0,0,0,0,0,0,0,0,0,0,0,0,0,0,0,0,0],
[0,0,0,0,0,0,0,0,0,0,0,0,0,0,0,0,0,0,0,0,0,0,0,0,0,0,0,0,0,0,0,0,0,0,0,0,0,0,0,0,0,0,0,0,0,0,0,0,0,0,0,0,0,0,0,0,0,0,0,0,0,0,0,0,0,0,0,0,0,0,0,0,0,0,0,0,0,0,0,0,0,0,0,0,0,0,0,0,0,0,0,0,0,0,0,0,0,0,0,0,0,0,0,0,0,0,0,0,0,0,0,0,0,0,0,0,0,0,0,0,0,0,0,0,0,0,0,0,0,0,0,0,0,0,0,0,0,0,0,0,0,0,0,0,0,0,0,0,0,0,0,0,0,0,0,0,0,0,0,0,0,0,0,0,0,0,0,0,0,0,0,0,0,0,0,0,0,0,0,0,0,0,0,0,0,0,0,0,0,0,0,0,0,0,0,0,0,0,0,0],
[0,0,0,0,0,0,0,0,0,0,0,0,0,0,0,0,0,0,0,0,0,0,0,0,0,0,0,0,0,0,0,0,0,0,0,0,0,0,0,0,0,0,0,0,0,0,0,0,0,0,0,0,0,0,0,0,0,0,0,0,0,0,0,0,0,0,0,0,0,0,0,0,0,0,0,0,0,0,0,0,0,0,0,0,0,0,0,0,0,0,0,0,0,0,0,0,0,0,0,0,0,0,0,0,0,0,0,0,0,0,0,0,0,0,0,0,0,0,0,0,0,0,0,0,0,0,0,0,0,0,0,0,0,0,0,0,0,0,0,0,0,0,0,0,0,0,0,0,0,0,0,0,0,0,0,0,0,0,0,0,0,0,0,0,0,0,0,0,0,0,0,0,0,0,0,0,0,0,0,0,0,0,0,0,0,0,0,0,0,0,0,0,0,0,0,0,0,0,0,0],
[0,0,0,0,0,0,0,0,0,0,0,0,0,0,0,0,0,0,0,0,0,0,0,0,0,0,0,0,0,0,0,0,0,0,0,0,0,0,0,0,0,0,0,0,0,0,0,0,0,0,0,0,0,0,0,0,0,0,0,0,0,0,0,0,0,0,0,0,0,0,0,0,0,0,0,0,0,0,0,0,0,0,0,0,0,0,0,0,0,0,0,0,0,0,0,0,0,0,0,0,0,0,0,0,0,0,0,0,0,0,0,0,0,0,0,0,0,0,0,0,0,0,0,0,0,0,0,0,0,0,0,0,0,0,0,0,0,0,0,0,0,0,0,0,0,0,0,0,0,0,0,0,0,0,0,0,0,0,0,0,0,0,0,0,0,0,0,0,0,0,0,0,0,0,0,0,0,0,0,0,0,0,0,0,0,0,0,0,0,0,0,0,0,0,0,0,0,0,0,0],
[0,0,0,0,0,0,0,0,0,0,0,0,0,0,0,0,0,0,0,0,0,0,0,0,0,0,0,0,0,0,0,0,0,0,0,0,0,0,0,0,0,0,0,0,0,0,0,0,0,0,0,0,0,0,0,0,0,0,0,0,0,0,0,0,0,0,0,0,0,0,0,0,0,0,0,0,0,0,0,0,0,0,0,0,0,0,0,0,0,0,0,0,0,0,0,0,0,0,0,0,0,0,0,0,0,0,0,0,0,0,0,0,0,0,0,0,0,0,0,0,0,0,0,0,0,0,0,0,0,0,0,0,0,0,0,0,0,0,0,0,0,0,0,0,0,0,0,0,0,0,0,0,0,0,0,0,0,0,0,0,0,0,0,0,0,0,0,0,0,0,0,0,0,0,0,0,0,0,0,0,0,0,0,0,0,0,0,0,0,0,0,0,0,0,0,0,0,0,0,0],
[0,0,0,0,0,0,0,0,0,0,0,0,0,0,0,0,0,0,0,0,0,0,0,0,0,0,0,0,0,0,0,0,0,0,0,0,0,0,0,0,0,0,0,0,0,0,0,0,0,0,0,0,0,0,0,0,0,0,0,0,0,0,0,0,0,0,0,0,0,0,0,0,0,0,0,0,0,0,0,0,0,0,0,0,0,0,0,0,0,0,0,0,0,0,0,0,0,0,0,0,0,0,0,0,0,0,0,0,0,0,0,0,0,0,0,0,0,0,0,0,0,0,0,0,0,0,0,0,0,0,0,0,0,0,0,0,0,0,0,0,0,0,0,0,0,0,0,0,0,0,0,0,0,0,0,0,0,0,0,0,0,0,0,0,0,0,0,0,0,0,0,0,0,0,0,0,0,0,0,0,0,0,0,0,0,0,0,0,0,0,0,0,0,0,0,0,0,0,0,0],
[0,0,0,0,0,0,0,0,0,0,0,0,0,0,0,0,0,0,0,0,0,0,0,0,0,0,0,0,0,0,0,0,0,0,0,0,0,0,0,0,0,0,0,0,0,0,0,0,0,0,0,0,0,0,0,0,0,0,0,0,0,0,0,0,0,0,0,0,0,0,0,0,0,0,0,0,0,0,0,0,0,0,0,0,0,0,0,0,0,0,0,0,0,0,0,0,0,0,0,0,0,0,0,0,0,0,0,0,0,0,0,0,0,0,0,0,0,0,0,0,0,0,0,0,0,0,0,0,0,0,0,0,0,0,0,0,0,0,0,0,0,0,0,0,0,0,0,0,0,0,0,0,0,0,0,0,0,0,0,0,0,0,0,0,0,0,0,0,0,0,0,0,0,0,0,0,0,0,0,0,0,0,0,0,0,0,0,0,0,0,0,0,0,0,0,0,0,0,0,0],
[0,0,0,0,0,0,0,0,0,0,0,0,0,0,0,0,0,0,0,0,0,0,0,0,0,0,0,0,0,0,0,0,0,0,0,0,0,0,0,0,0,0,0,0,0,0,0,0,0,0,0,0,0,0,0,0,0,0,0,0,0,0,0,0,0,0,0,0,0,0,0,0,0,0,0,0,0,0,0,0,0,0,0,0,0,0,0,0,0,0,0,0,0,0,0,0,0,0,0,0,0,0,0,0,0,0,0,0,0,0,0,0,0,0,0,0,0,0,0,0,0,0,0,0,0,0,0,0,0,0,0,0,0,0,0,0,0,0,0,0,0,0,0,0,0,0,0,0,0,0,0,0,0,0,0,0,0,0,0,0,0,0,0,0,0,0,0,0,0,0,0,0,0,0,0,0,0,0,0,0,0,0,0,0,0,0,0,0,0,0,0,0,0,0,0,0,0,0,0,0],
[0,0,0,0,0,0,0,0,0,0,0,0,0,0,0,0,0,0,0,0,0,0,0,0,0,0,0,0,0,0,0,0,0,0,0,0,0,0,0,0,0,0,0,0,0,0,0,0,0,0,0,0,0,0,0,0,0,0,0,0,0,0,0,0,0,0,0,0,0,0,0,0,0,0,0,0,0,0,0,0,0,0,0,0,0,0,0,0,0,0,0,0,0,0,0,0,0,0,0,0,0,0,0,0,0,0,0,0,0,0,0,0,0,0,0,0,0,0,0,0,0,0,0,0,0,0,0,0,0,0,0,0,0,0,0,0,0,0,0,0,0,0,0,0,0,0,0,0,0,0,0,0,0,0,0,0,0,0,0,0,0,0,0,0,0,0,0,0,0,0,0,0,0,0,0,0,0,0,0,0,0,0,0,0,0,0,0,0,0,0,0,0,0,0,0,0,0,0,0,0],
[0,0,0,0,0,0,0,0,0,0,0,0,0,0,0,0,0,0,0,0,0,0,0,0,0,0,0,0,0,0,0,0,0,0,0,0,0,0,0,0,0,0,0,0,0,0,0,0,0,0,0,0,0,0,0,0,0,0,0,0,0,0,0,0,0,0,0,0,0,0,0,0,0,0,0,0,0,0,0,0,0,0,0,0,0,0,0,0,0,0,0,0,0,0,0,0,0,0,0,0,0,0,0,0,0,0,0,0,0,0,0,0,0,0,0,0,0,0,0,0,0,0,0,0,0,0,0,0,0,0,0,0,0,0,0,0,0,0,0,0,0,0,0,0,0,0,0,0,0,0,0,0,0,0,0,0,0,0,0,0,0,0,0,0,0,0,0,0,0,0,0,0,0,0,0,0,0,0,0,0,0,0,0,0,0,0,0,0,0,0,0,0,0,0,0,0,0,0,0,0],
[0,0,0,0,0,0,0,0,0,0,0,0,0,0,0,0,0,0,0,0,0,0,0,0,0,0,0,0,0,0,0,0,0,0,0,0,0,0,0,0,0,0,0,0,0,0,0,0,0,0,0,0,0,0,0,0,0,0,0,0,0,0,0,0,0,0,0,0,0,0,0,0,0,0,0,0,0,0,0,0,0,0,0,0,0,0,0,0,0,0,0,0,0,0,0,0,0,0,0,0,0,0,0,0,0,0,0,0,0,0,0,0,0,0,0,0,0,0,0,0,0,0,0,0,0,0,0,0,0,0,0,0,0,0,0,0,0,0,0,0,0,0,0,0,0,0,0,0,0,0,0,0,0,0,0,0,0,0,0,0,0,0,0,0,0,0,0,0,0,0,0,0,0,0,0,0,0,0,0,0,0,0,0,0,0,0,0,0,0,0,0,0,0,0,0,0,0,0,0,0],
[0,0,0,0,0,0,0,0,0,0,0,0,0,0,0,0,0,0,0,0,0,0,0,0,0,0,0,0,0,0,0,0,0,0,0,0,0,0,0,0,0,0,0,0,0,0,0,0,0,0,0,0,0,0,0,0,0,0,0,0,0,0,0,0,0,0,0,0,0,0,0,0,0,0,0,0,0,0,0,0,0,0,0,0,0,0,0,0,0,0,0,0,0,0,0,0,0,0,0,0,0,0,0,0,0,0,0,0,0,0,0,0,0,0,0,0,0,0,0,0,0,0,0,0,0,0,0,0,0,0,0,0,0,0,0,0,0,0,0,0,0,0,0,0,0,0,0,0,0,0,0,0,0,0,0,0,0,0,0,0,0,0,0,0,0,0,0,0,0,0,0,0,0,0,0,0,0,0,0,0,0,0,0,0,0,0,0,0,0,0,0,0,0,0,0,0,0,0,0,0],
[0,0,0,0,0,0,0,0,0,0,0,0,0,0,0,0,0,0,0,0,0,0,0,0,0,0,0,0,0,0,0,0,0,0,0,0,0,0,0,0,0,0,0,0,0,0,0,0,0,0,0,0,0,0,0,0,0,0,0,0,0,0,0,0,0,0,0,0,0,0,0,0,0,0,0,0,0,0,0,0,0,0,0,0,0,0,0,0,0,0,0,0,0,0,0,0,0,0,0,0,0,0,0,0,0,0,0,0,0,0,0,0,0,0,0,0,0,0,0,0,0,0,0,0,0,0,0,0,0,0,0,0,0,0,0,0,0,0,0,0,0,0,0,0,0,0,0,0,0,0,0,0,0,0,0,0,0,0,0,0,0,0,0,0,0,0,0,0,0,0,0,0,0,0,0,0,0,0,0,0,0,0,0,0,0,0,0,0,0,0,0,0,0,0,0,0,0,0,0,0],
[0,0,0,0,0,0,0,0,0,0,0,0,0,0,0,0,0,0,0,0,0,0,0,0,0,0,0,0,0,0,0,0,0,0,0,0,0,0,0,0,0,0,0,0,0,0,0,0,0,0,0,0,0,0,0,0,0,0,0,0,0,0,0,0,0,0,0,0,0,0,0,0,0,0,0,0,0,0,0,0,0,0,0,0,0,0,0,0,0,0,0,0,0,0,0,0,0,0,0,0,0,0,0,0,0,0,0,0,0,0,0,0,0,0,0,0,0,0,0,0,0,0,0,0,0,0,0,0,0,0,0,0,0,0,0,0,0,0,0,0,0,0,0,0,0,0,0,0,0,0,0,0,0,0,0,0,0,0,0,0,0,0,0,0,0,0,0,0,0,0,0,0,0,0,0,0,0,0,0,0,0,0,0,0,0,0,0,0,0,0,0,0,0,0,0,0,0,0,0,0],
[0,0,0,0,0,0,0,0,0,0,0,0,0,0,0,0,0,0,0,0,0,0,0,0,0,0,0,0,0,0,0,0,0,0,0,0,0,0,0,0,0,0,0,0,0,0,0,0,0,0,0,0,0,0,0,0,0,0,0,0,0,0,0,0,0,0,0,0,0,0,0,0,0,0,0,0,0,0,0,0,0,0,0,0,0,0,0,0,0,0,0,0,0,0,0,0,0,0,0,0,0,0,0,0,0,0,0,0,0,0,0,0,0,0,0,0,0,0,0,0,0,0,0,0,0,0,0,0,0,0,0,0,0,0,0,0,0,0,0,0,0,0,0,0,0,0,0,0,0,0,0,0,0,0,0,0,0,0,0,0,0,0,0,0,0,0,0,0,0,0,0,0,0,0,0,0,0,0,0,0,0,0,0,0,0,0,0,0,0,0,0,0,0,0,0,0,0,0,0,0],
[0,0,0,0,0,0,0,0,0,0,0,0,0,0,0,0,0,0,0,0,0,0,0,0,0,0,0,0,0,0,0,0,0,0,0,0,0,0,0,0,0,0,0,0,0,0,0,0,0,0,0,0,0,0,0,0,0,0,0,0,0,0,0,0,0,0,0,0,0,0,0,0,0,0,0,0,0,0,0,0,0,0,0,0,0,0,0,0,0,0,0,0,0,0,0,0,0,0,0,0,0,0,0,0,0,0,0,0,0,0,0,0,0,0,0,0,0,0,0,0,0,0,0,0,0,0,0,0,0,0,0,0,0,0,0,0,0,0,0,0,0,0,0,0,0,0,0,0,0,0,0,0,0,0,0,0,0,0,0,0,0,0,0,0,0,0,0,0,0,0,0,0,0,0,0,0,0,0,0,0,0,0,0,0,0,0,0,0,0,0,0,0,0,0,0,0,0,0,0,0],
[0,0,0,0,0,0,0,0,0,0,0,0,0,0,0,0,0,0,0,0,0,0,0,0,0,0,0,0,0,0,0,0,0,0,0,0,0,0,0,0,0,0,0,0,0,0,0,0,0,0,0,0,0,0,0,0,0,0,0,0,0,0,0,0,0,0,0,0,0,0,0,0,0,0,0,0,0,0,0,0,0,0,0,0,0,0,0,0,0,0,0,0,0,0,0,0,0,0,0,0,0,0,0,0,0,0,0,0,0,0,0,0,0,0,0,0,0,0,0,0,0,0,0,0,0,0,0,0,0,0,0,0,0,0,0,0,0,0,0,0,0,0,0,0,0,0,0,0,0,0,0,0,0,0,0,0,0,0,0,0,0,0,0,0,0,0,0,0,0,0,0,0,0,0,0,0,0,0,0,0,0,0,0,0,0,0,0,0,0,0,0,0,0,0,0,0,0,0,0,0],
[0,0,0,0,0,0,0,0,0,0,0,0,0,0,0,0,0,0,0,0,0,0,0,0,0,0,0,0,0,0,0,0,0,0,0,0,0,0,0,0,0,0,0,0,0,0,0,0,0,0,0,0,0,0,0,0,0,0,0,0,0,0,0,0,0,0,0,0,0,0,0,0,0,0,0,0,0,0,0,0,0,0,0,0,0,0,0,0,0,0,0,0,0,0,0,0,0,0,0,0,0,0,0,0,0,0,0,0,0,0,0,0,0,0,0,0,0,0,0,0,0,0,0,0,0,0,0,0,0,0,0,0,0,0,0,0,0,0,0,0,0,0,0,0,0,0,0,0,0,0,0,0,0,0,0,0,0,0,0,0,0,0,0,0,0,0,0,0,0,0,0,0,0,0,0,0,0,0,0,0,0,0,0,0,0,0,0,0,0,0,0,0,0,0,0,0,0,0,0,0],
[0,0,0,0,0,0,0,0,0,0,0,0,0,0,0,0,0,0,0,0,0,0,0,0,0,0,0,0,0,0,0,0,0,0,0,0,0,0,0,0,0,0,0,0,0,0,0,0,0,0,0,0,0,0,0,0,0,0,0,0,0,0,0,0,0,0,0,0,0,0,0,0,0,0,0,0,0,0,0,0,0,0,0,0,0,0,0,0,0,0,0,0,0,0,0,0,0,0,0,0,0,0,0,0,0,0,0,0,0,0,0,0,0,0,0,0,0,0,0,0,0,0,0,0,0,0,0,0,0,0,0,0,0,0,0,0,0,0,0,0,0,0,0,0,0,0,0,0,0,0,0,0,0,0,0,0,0,0,0,0,0,0,0,0,0,0,0,0,0,0,0,0,0,0,0,0,0,0,0,0,0,0,0,0,0,0,0,0,0,0,0,0,0,0,0,0,0,0,0,0]]