[[0,0,0,0,0,0,0,0,0,0,0,0,0,0,0,0,0,0,0,0,0,0,0,0,0,0,0,0,0,0,0,0,0,0,0,0,0,0,0,0,0,0,0,0,0,0,0,0,0,0,0,0,0,0,0,0,0,0,0,0,0,0,0,0,0,0,0,0,0,0,0,0,0,0,0,0,0,0,0,0,0,0,0,0,0,0,0,0,0,0,0,0,0,0,0,0,0,0,0,0,0,0,0,0,0,0,0,0,0,0,0,0,0,0,0,0,0,0,0,0],
[0,0,0,0,0,0,0,0,0,0,0,0,0,0,0,0,0,0,0,0,0,0,0,0,0,0,0,0,0,0,0,0,0,0,0,0,0,0,0,0,0,0,0,0,0,0,0,0,0,0,0,0,0,0,0,0,0,0,0,0,0,0,0,0,0,0,0,0,0,0,0,0,0,0,0,0,0,0,0,0,0,0,0,0,0,0,0,0,0,0,0,0,0,0,0,0,0,0,0,0,0,0,0,0,0,0,0,0,0,0,0,0,0,0,0,0,0,0,0,0],
[0,0,0,0,0,0,0,0,0,0,0,0,0,0,0,0,0,0,0,0,0,0,0,0,0,0,0,0,0,0,0,0,0,0,0,0,0,0,0,0,0,0,0,0,0,0,0,0,0,0,0,0,0,0,0,0,0,0,0,0,0,0,0,0,0,0,0,0,0,0,0,0,0,0,0,0,0,0,0,0,0,0,0,0,0,0,0,0,0,0,0,0,0,0,0,0,0,0,0,0,0,0,0,0,0,0,0,0,0,0,0,0,0,0,0,0,0,0,0,0],
[0,0,0,0,0,0,0,0,0,0,0,0,0,0,0,0,0,0,0,0,0,0,0,0,0,0,0,0,0,0,0,0,0,0,0,0,0,0,0,0,0,0,0,0,0,0,0,0,0,0,0,0,0,0,0,0,0,0,0,0,0,0,0,0,0,0,0,0,0,0,0,0,0,0,0,0,0,0,0,0,0,0,0,0,0,0,0,0,0,0,0,0,0,0,0,0,0,0,0,0,0,0,0,0,0,0,0,0,0,0,0,0,0,0,0,0,0,0,0,0],
[0,0,0,0,0,0,0,0,0,0,0,0,0,0,0,0,0,0,0,0,0,0,0,0,0,0,0,0,0,0,0,0,0,0,0,0,0,0,0,0,0,0,0,0,0,0,0,0,0,0,0,0,0,0,0,0,0,0,0,0,0,0,0,0,0,0,0,0,0,0,0,0,0,0,0,0,0,0,0,0,0,0,0,0,0,0,0,0,0,0,0,0,0,0,0,0,0,0,0,0,0,0,0,0,0,0,0,0,0,0,0,0,0,0,0,0,0,0,0,0],
[0,0,0,0,0,0,0,0,0,0,0,0,0,0,0,0,0,0,0,0,0,0,0,0,0,0,0,0,0,0,0,0,0,0,0,0,0,0,0,0,0,0,0,0,0,0,0,0,0,0,0,0,0,0,0,0,0,0,0,0,0,0,0,0,0,0,0,0,0,0,0,0,0,0,0,0,0,0,0,0,0,0,0,0,0,0,0,0,0,0,0,0,0,0,0,0,0,0,0,0,0,0,0,0,0,0,0,0,0,0,0,0,0,0,0,0,0,0,0,0],
[0,0,0,0,0,0,0,0,0,0,0,0,0,0,0,0,0,0,0,0,0,0,0,0,0,0,0,0,0,0,0,0,0,0,0,0,0,0,0,0,0,0,0,0,0,0,0,0,0,0,0,0,0,0,0,0,0,0,0,0,0,0,0,0,0,0,0,0,0,0,0,0,0,0,0,0,0,0,0,0,0,0,0,0,0,0,0,0,0,0,0,0,0,0,0,0,0,0,0,0,0,0,0,0,0,0,0,0,0,0,0,0,0,0,0,0,0,0,0,0],
[0,0,0,0,0,0,0,0,0,0,0,0,0,0,0,0,0,0,0,0,0,0,0,0,0,0,0,0,0,0,0,0,0,0,0,0,0,0,0,0,0,0,0,0,0,0,0,0,0,0,0,0,0,0,0,0,0,0,0,0,0,0,0,0,0,0,0,0,0,0,0,0,0,0,0,0,0,0,0,0,0,0,0,0,0,0,0,0,0,0,0,0,0,0,0,0,0,0,0,0,0,0,0,0,0,0,0,0,0,0,0,0,0,0,0,0,0,0,0,0],
[0,0,0,0,0,0,0,0,0,0,0,0,0,0,0,0,0,0,0,0,0,0,0,0,0,0,0,0,0,0,0,0,0,0,0,0,0,0,0,0,0,0,0,0,0,0,0,0,0,0,0,0,0,0,0,0,0,0,0,0,0,0,0,0,0,0,0,0,0,0,0,0,0,0,0,0,0,0,0,0,0,0,0,0,0,0,0,0,0,0,0,0,0,0,0,0,0,0,0,0,0,0,0,0,0,0,0,0,0,0,0,0,0,0,0,0,0,0,0,0],
[0,0,0,0,0,0,0,0,0,0,0,0,0,0,0,0,0,0,0,0,0,0,0,0,0,0,0,0,0,0,0,0,0,0,0,0,0,0,0,0,0,0,0,0,0,0,0,0,0,0,0,0,0,0,0,0,0,0,0,0,0,0,0,0,0,0,0,0,0,0,0,0,0,0,0,0,0,0,0,0,0,0,0,0,0,0,0,0,0,0,0,0,0,0,0,0,0,0,0,0,0,0,0,0,0,0,0,0,0,0,0,0,0,0,0,0,0,0,0,0],
[0,0,0,0,0,0,0,0,0,0,0,0,0,0,0,0,0,0,0,0,0,0,0,0,0,0,0,0,0,0,0,0,0,0,0,0,0,0,0,0,0,0,0,0,0,0,0,0,0,0,0,0,0,0,0,0,0,0,0,0,0,0,0,0,0,0,0,0,0,0,0,0,0,0,0,0,0,0,0,0,0,0,0,0,0,0,0,0,0,0,0,0,0,0,0,0,0,0,0,0,0,0,0,0,0,0,0,0,0,0,0,0,0,0,0,0,0,0,0,0],
[0,0,0,0,0,0,0,0,0,0,0,0,0,0,0,0,0,0,0,0,0,0,0,0,0,0,0,0,0,0,0,0,0,0,0,0,0,0,0,0,0,0,0,0,0,0,0,0,0,0,0,0,0,0,0,0,0,0,0,0,0,0,0,0,0,0,0,0,0,0,0,0,0,0,0,0,0,0,0,0,0,0,0,0,0,0,0,0,0,0,0,0,0,0,0,0,0,0,0,0,0,0,0,0,0,0,0,0,0,0,0,0,0,0,0,0,0,0,0,0],
[0,0,0,0,0,0,0,0,0,0,0,0,0,0,0,0,0,0,0,0,0,0,0,0,0,0,0,0,0,0,0,0,0,0,0,0,0,0,0,0,0,0,0,0,0,0,0,0,0,0,0,0,0,0,0,0,10.27,0,0,0,0,0,0,0,0,0,0,0,0,0,0,0,0,0,0,0,0,0,0,0,0,0,0,0,0,0,0,0,0,0,0,0,0,0,0,0,0,0,0,0,0,0,0,0,0,0,0,0,0,0,0,0,0,0,0,0,0,0,0,0],
[0,0,0,0,0,0,0,0,0,0,0,0,0,0,0,0,0,0,0,0,0,0,0,0,0,0,0,0,0,0,0,0,0,0,0,0,0,0,0,0,0,0,0,0,0,0,0,0,0,0,0,0,0,0,10.27,10.27,10.27,10.29,10.31,10.33,0,0,0,0,0,0,0,0,0,0,0,0,0,0,0,0,0,0,0,0,0,0,0,0,0,0,0,0,0,0,0,0,0,0,0,0,0,0,0,0,0,0,0,0,0,0,0,0,0,0,0,0,0,0,0,0,0,0,0,0],
[0,0,0,0,0,0,0,0,0,0,0,0,0,0,0,0,0,0,0,0,0,0,0,0,0,0,0,0,0,0,0,0,0,0,0,0,0,0,0,0,0,0,0,0,0,0,0,0,0,0,0,10.27,10.27,10.27,10.27,10.27,10.27,10.28,10.31,10.33,10.35,10.37,10.39,10.42,0,0,0,0,0,0,0,0,0,0,0,0,0,0,0,0,0,0,0,0,0,0,0,0,0,0,0,0,0,0,0,0,0,0,0,0,0,0,0,0,0,0,0,0,0,0,0,0,0,0,0,0,0,0,0,0],
[0,0,0,0,0,0,0,0,0,0,0,0,0,0,0,0,0,0,0,0,0,0,0,0,0,0,0,0,0,0,0,0,0,0,0,0,0,0,0,0,0,0,0,0,0,0,0,0,0,10.27,10.27,10.27,10.27,10.27,10.27,10.27,10.27,10.28,10.30,10.32,10.35,10.47,10.46,10.44,10.43,0,0,0,0,0,0,0,0,0,0,0,0,0,0,0,0,0,0,0,0,0,0,0,0,0,0,0,0,0,0,0,0,0,0,0,0,0,0,0,0,0,0,0,0,0,0,0,0,0,0,0,0,0,0,0],
[0,0,0,0,0,0,0,0,0,0,0,0,0,0,0,0,0,0,0,0,0,0,0,0,0,0,0,0,0,0,0,0,0,0,0,0,0,0,0,0,0,0,0,0,0,0,0,10.27,10.27,10.27,10.27,10.27,10.27,10.27,10.27,10.27,10.27,10.28,10.30,10.32,10.34,10.51,10.48,10.45,10.42,0,0,0,0,0,0,0,0,0,0,0,0,0,0,0,0,0,0,0,0,0,0,0,0,0,0,0,0,0,0,0,0,0,0,0,0,0,0,0,0,0,0,0,0,0,0,0,0,0,0,0,0,0,0,0],
[0,0,0,0,0,0,0,0,0,0,0,0,0,0,0,0,0,0,0,0,0,0,0,0,0,0,0,0,0,0,0,0,0,0,0,0,0,0,0,0,0,0,0,0,10.27,10.27,10.27,10.27,10.27,10.27,10.27,10.27,10.27,10.27,10.27,10.27,10.27,10.27,10.29,10.32,10.34,10.49,10.47,10.44,10.41,10.40,0,0,0,0,0,0,0,0,0,0,0,0,0,0,0,0,0,0,0,0,0,0,0,0,0,0,0,0,0,0,0,0,0,0,0,0,0,0,0,0,0,0,0,0,0,0,0,0,0,0,0,0,0,0],
[0,0,0,0,0,0,0,0,0,0,0,0,0,0,0,0,0,0,0,0,0,0,0,0,0,0,0,0,0,0,0,0,0,0,0,0,0,0,0,0,0,0,0,0,10.27,10.27,10.27,10.27,10.27,10.27,10.27,10.27,10.27,10.27,10.27,10.27,10.27,10.27,10.29,10.31,10.33,10.48,10.46,10.44,10.41,10.39,0,0,0,0,0,0,0,0,0,0,0,0,0,0,0,0,0,0,0,0,0,0,0,0,0,0,0,0,0,0,0,0,0,0,0,0,0,0,0,0,0,0,0,0,0,0,0,0,0,0,0,0,0,0],
[0,0,0,0,0,0,0,0,0,0,0,0,0,0,0,0,0,0,0,0,0,0,0,0,0,0,0,0,0,0,0,0,0,0,0,0,0,0,0,0,0,0,0,10.27,10.27,10.27,10.27,10.27,10.27,10.27,10.27,10.27,10.27,10.27,10.27,10.27,10.27,10.27,10.28,10.31,10.33,10.46,10.44,10.42,10.40,10.37,0,0,0,0,0,0,0,0,0,0,0,0,0,0,0,0,0,0,0,0,0,0,0,0,0,0,0,0,0,0,0,0,0,0,0,0,0,0,0,0,0,0,0,0,0,0,0,0,0,0,0,0,0,0],
[0,0,0,0,0,0,0,0,0,0,0,0,0,0,0,0,0,0,0,0,0,0,0,0,0,0,0,0,0,0,0,0,0,0,0,0,0,0,0,0,0,0,0,10.27,10.27,10.27,10.27,10.27,10.27,10.27,10.27,10.27,10.27,10.27,10.27,10.27,10.27,10.27,10.28,10.30,10.32,10.44,10.42,10.41,10.39,10.36,10.36,0,0,0,0,0,0,0,0,0,0,0,0,0,0,0,0,0,0,0,0,0,0,0,0,0,0,0,0,0,0,0,0,0,0,0,0,0,0,0,0,0,0,0,0,0,0,0,0,0,0,0,0,0],
[0,0,0,0,0,0,0,0,0,0,0,0,0,0,0,0,0,0,0,0,0,0,0,0,0,0,0,0,0,0,0,0,0,0,0,0,0,0,0,0,0,0,10.27,10.27,10.27,10.27,10.27,10.27,10.27,10.27,10.27,10.27,10.27,10.27,10.27,10.27,10.27,10.27,10.27,10.30,10.32,10.43,10.41,10.39,10.37,10.35,10.34,10.32,0,0,0,0,0,0,0,0,0,0,0,0,0,0,0,0,0,0,0,0,0,0,0,0,0,0,0,0,0,0,0,0,0,0,0,0,0,0,0,0,0,0,0,0,0,0,0,0,0,0,0,0],
[0,0,0,0,0,0,0,0,0,0,0,0,0,0,0,0,0,0,0,0,0,0,0,0,0,0,0,0,0,0,0,0,0,0,0,0,0,0,0,0,0,0,10.27,10.27,10.27,10.27,10.27,10.27,10.27,10.27,10.27,10.27,10.27,10.27,10.27,10.27,10.27,10.27,10.27,10.29,10.31,10.41,10.39,10.37,10.36,10.34,10.32,10.31,10.29,0,0,0,0,0,0,0,0,0,0,0,0,0,0,0,0,0,0,0,0,0,0,0,0,0,0,0,0,0,0,0,0,0,0,0,0,0,0,0,0,0,0,0,0,0,0,0,0,0,0,0],
[0,0,0,0,0,0,0,0,0,0,0,0,0,0,0,0,0,0,0,0,0,0,0,0,0,0,0,0,0,0,0,0,0,0,0,0,0,0,0,0,0,10.27,10.27,10.27,10.27,10.27,10.27,10.27,10.27,10.27,10.27,10.27,10.27,10.27,10.27,10.27,10.27,10.27,10.27,10.29,10.31,10.40,10.38,10.36,10.34,10.32,10.31,10.29,10.28,10.27,0,0,0,0,0,0,0,0,0,0,0,0,0,0,0,0,0,0,0,0,0,0,0,0,0,0,0,0,0,0,0,0,0,0,0,0,0,0,0,0,0,0,0,0,0,0,0,0,0,0],
[0,0,0,0,0,0,0,0,0,0,0,0,0,0,0,0,0,0,0,0,0,0,0,0,0,0,0,0,0,0,0,0,0,0,0,0,0,0,0,0,0,10.27,10.27,10.27,10.27,10.27,10.27,10.27,10.27,10.27,10.27,10.27,10.27,10.27,10.27,10.27,10.27,10.27,10.27,10.28,10.31,10.38,10.36,10.34,10.32,10.31,10.30,10.28,10.27,10.25,10.24,0,0,0,0,0,0,0,0,0,0,0,0,0,0,0,0,0,0,0,0,0,0,0,0,0,0,0,0,0,0,0,0,0,0,0,0,0,0,0,0,0,0,0,0,0,0,0,0,0],
[0,0,0,0,0,0,0,0,0,0,0,0,0,0,0,0,0,0,0,0,0,0,0,0,0,0,0,0,0,0,0,0,0,0,0,0,0,0,0,0,0,10.27,10.27,10.27,10.27,10.27,10.27,10.27,10.27,10.27,10.27,10.27,10.27,10.27,10.27,10.27,10.27,10.27,10.27,10.28,10.30,10.36,10.35,10.33,10.31,10.30,10.28,10.27,10.25,10.24,10.22,10.21,0,0,0,0,0,0,0,0,0,0,0,0,0,0,0,0,0,0,0,0,0,0,0,0,0,0,0,0,0,0,0,0,0,0,0,0,0,0,0,0,0,0,0,0,0,0,0,0],
[0,0,0,0,0,0,0,0,0,0,0,0,0,0,0,0,0,0,0,0,0,0,0,0,0,0,0,0,0,0,0,0,0,0,0,0,0,0,0,0,10.28,10.27,10.27,10.27,10.27,10.27,10.27,10.27,10.27,10.27,10.27,10.27,10.27,10.27,10.27,10.27,10.27,10.27,10.27,10.27,10.30,10.35,10.33,10.31,10.30,10.28,10.27,10.25,10.24,10.22,10.21,10.20,10.18,0,0,0,0,0,0,0,0,0,0,0,0,0,0,0,0,0,0,0,0,0,0,0,0,0,0,0,0,0,0,0,0,0,0,0,0,0,0,0,0,0,0,0,0,0,0,0],
[0,0,0,0,0,0,0,0,0,0,0,0,0,0,0,0,0,0,0,0,0,0,0,0,0,0,0,0,0,0,0,0,0,0,0,0,0,0,0,10.29,10.29,10.28,10.28,10.28,10.27,10.27,10.27,10.27,10.27,10.27,10.27,10.27,10.27,10.27,10.27,10.27,10.27,10.27,10.27,10.27,10.29,10.33,10.31,10.30,10.28,10.27,10.25,10.24,10.23,10.21,10.20,10.19,10.19,10.18,10.18,0,0,0,0,0,0,0,0,0,0,0,0,0,0,0,0,0,0,0,0,0,0,0,0,0,0,0,0,0,0,0,0,0,0,0,0,0,0,0,0,0,0,0,0,0],
[0,0,0,0,0,0,0,0,0,0,0,0,0,0,0,0,0,0,0,0,0,0,0,0,0,0,0,0,0,0,0,0,0,0,0,0,0,0,0,10.30,10.30,10.29,10.29,10.29,10.28,10.28,10.28,10.27,10.27,10.27,10.27,10.27,10.27,10.27,10.27,10.27,10.27,10.27,10.27,10.27,10.29,10.32,10.30,10.28,10.27,10.26,10.24,10.23,10.21,10.20,10.20,10.20,10.19,10.19,10.18,10.18,0,0,0,0,0,0,0,0,0,0,0,0,0,0,0,0,0,0,0,0,0,0,0,0,0,0,0,0,0,0,0,0,0,0,0,0,0,0,0,0,0,0,0,0],
[0,0,0,0,0,0,0,0,0,0,0,0,0,0,0,0,0,0,0,0,0,0,0,0,0,0,0,0,0,0,0,0,0,0,0,0,0,0,10.31,10.31,10.31,10.30,10.30,10.30,10.29,10.29,10.28,10.28,10.28,10.27,10.27,10.27,10.27,10.27,10.27,10.27,10.27,10.27,10.27,10.27,10.28,10.30,10.28,10.27,10.26,10.24,10.23,10.22,10.21,10.21,10.21,10.20,10.20,10.19,10.19,10.18,10.18,0,0,0,0,0,0,0,0,0,0,0,0,0,0,0,0,0,0,0,0,0,0,0,0,0,0,0,0,0,0,0,0,0,0,0,0,0,0,0,0,0,0,0],
[0,0,0,0,0,0,0,0,0,0,0,0,0,0,0,0,0,0,0,0,0,0,0,0,0,0,0,0,0,0,0,0,0,0,0,0,0,10.33,10.32,10.32,10.32,10.31,10.31,10.30,10.30,10.30,10.29,10.29,10.29,10.28,10.28,10.28,10.27,10.27,10.27,10.27,10.27,10.27,10.27,10.27,10.28,10.29,10.27,10.26,10.24,10.23,10.23,10.22,10.22,10.22,10.21,10.21,10.20,10.20,10.19,10.19,10.19,10.18,10.18,0,0,0,0,0,0,0,0,0,0,0,0,0,0,0,0,0,0,0,0,0,0,0,0,0,0,0,0,0,0,0,0,0,0,0,0,0,0,0,0,0],
[0,0,0,0,0,0,0,0,0,0,0,0,0,0,0,0,0,0,0,0,0,0,0,0,0,0,0,0,0,0,0,0,0,0,0,0,10.34,10.34,10.33,10.33,10.32,10.32,10.32,10.31,10.31,10.31,10.30,10.30,10.30,10.29,10.29,10.29,10.28,10.28,10.28,10.27,10.27,10.27,10.27,10.27,10.27,10.27,10.26,10.25,10.24,10.24,10.23,10.23,10.23,10.22,10.22,10.21,10.21,10.20,10.20,10.19,10.19,10.19,10.18,10.18,0,0,0,0,0,0,0,0,0,0,0,0,0,0,0,0,0,0,0,0,0,0,0,0,0,0,0,0,0,0,0,0,0,0,0,0,0,0,0,0],
[0,0,0,0,0,0,0,0,0,0,0,0,0,0,0,0,0,0,0,0,0,0,0,0,0,0,0,0,0,0,0,0,0,0,0,0,10.35,10.34,10.34,10.34,10.33,10.33,10.33,10.32,10.32,10.32,10.31,10.31,10.31,10.30,10.30,10.30,10.29,10.29,10.29,10.28,10.28,10.27,10.27,10.27,10.27,10.26,10.26,10.25,10.25,10.24,10.24,10.24,10.23,10.23,10.22,10.22,10.21,10.21,10.20,10.20,10.20,10.19,10.19,10.18,10.18,0,0,0,0,0,0,0,0,0,0,0,0,0,0,0,0,0,0,0,0,0,0,0,0,0,0,0,0,0,0,0,0,0,0,0,0,0,0,0],
[0,0,0,0,0,0,0,0,0,0,0,0,0,0,0,0,0,0,0,0,0,0,0,0,0,0,0,0,0,0,0,0,0,0,0,10.35,10.35,10.34,10.34,10.34,10.33,10.33,10.32,10.32,10.32,10.31,10.31,10.31,10.30,10.30,10.30,10.29,10.29,10.29,10.28,10.28,10.28,10.27,10.27,10.27,10.27,10.27,10.26,10.26,10.25,10.25,10.24,10.24,10.24,10.23,10.23,10.22,10.22,10.21,10.21,10.21,10.20,10.20,10.19,10.19,10.18,10.18,0,0,0,0,0,0,0,0,0,0,0,0,0,0,0,0,0,0,0,0,0,0,0,0,0,0,0,0,0,0,0,0,0,0,0,0,0,0],
[0,0,0,0,0,0,0,0,0,0,0,0,0,0,0,0,0,0,0,0,0,0,0,0,0,0,0,0,0,0,0,0,0,0,0,10.34,10.34,10.33,10.33,10.33,10.32,10.32,10.32,10.31,10.31,10.31,10.30,10.30,10.30,10.29,10.29,10.28,10.28,10.28,10.27,10.27,10.27,10.27,10.27,10.27,10.27,10.27,10.27,10.26,10.26,10.25,10.25,10.24,10.24,10.24,10.23,10.23,10.22,10.22,10.21,10.21,10.21,10.20,10.20,10.20,10.19,10.18,10.18,0,0,0,0,0,0,0,0,0,0,0,0,0,0,0,0,0,0,0,0,0,0,0,0,0,0,0,0,0,0,0,0,0,0,0,0,0],
[0,0,0,0,0,0,0,0,0,0,0,0,0,0,0,0,0,0,0,0,0,0,0,0,0,0,0,0,0,0,0,0,0,0,0,10.33,10.33,10.33,10.32,10.32,10.31,10.31,10.31,10.30,10.30,10.30,10.29,10.29,10.29,10.28,10.28,10.28,10.27,10.27,10.27,10.27,10.27,10.27,10.27,10.27,10.27,10.27,10.27,10.27,10.26,10.26,10.25,10.25,10.24,10.24,10.24,10.23,10.23,10.22,10.22,10.21,10.21,10.21,10.21,10.20,10.20,10.19,10.19,10.18,0,0,0,0,0,0,0,0,0,0,0,0,0,0,0,0,0,0,0,0,0,0,0,0,0,0,0,0,0,0,0,0,0,0,0,0],
[0,0,0,0,0,0,0,0,0,0,0,0,0,0,0,0,0,0,0,0,0,0,0,0,0,0,0,0,0,0,0,0,0,0,0,10.32,10.32,10.32,10.31,10.31,10.31,10.30,10.30,10.30,10.29,10.29,10.29,10.28,10.28,10.27,10.27,10.27,10.27,10.27,10.27,10.27,10.27,10.27,10.27,10.27,10.27,10.27,10.27,10.27,10.27,10.26,10.26,10.25,10.25,10.24,10.24,10.24,10.23,10.23,10.22,10.22,10.21,10.21,10.21,10.21,10.20,10.20,10.19,10.19,10.18,0,0,0,0,0,0,0,0,0,0,0,0,0,0,0,0,0,0,0,0,0,0,0,0,0,0,0,0,0,0,0,0,0,0,0],
[0,0,0,0,0,0,0,0,0,0,0,0,0,0,0,0,0,0,0,0,0,0,0,0,0,0,0,0,0,0,0,0,0,0,0,10.31,10.31,10.31,10.30,10.30,10.30,10.29,10.29,10.29,10.28,10.28,10.28,10.27,10.27,10.27,10.27,10.27,10.27,10.27,10.27,10.27,10.27,10.27,10.27,10.27,10.27,10.27,10.27,10.27,10.27,10.27,10.26,10.26,10.25,10.25,10.24,10.24,10.24,10.23,10.23,10.22,10.22,10.22,10.22,10.22,10.21,10.20,10.20,10.19,10.20,10.19,0,0,0,0,0,0,0,0,0,0,0,0,0,0,0,0,0,0,0,0,0,0,0,0,0,0,0,0,0,0,0,0,0,0],
[0,0,0,0,0,0,0,0,0,0,0,0,0,0,0,0,0,0,0,0,0,0,0,0,0,0,0,0,0,0,0,0,0,0,0,10.30,10.30,10.30,10.30,10.29,10.29,10.29,10.28,10.28,10.28,10.27,10.27,10.27,10.27,10.27,10.27,10.27,10.27,10.27,10.27,10.27,10.27,10.27,10.27,10.27,10.27,10.27,10.27,10.27,10.27,10.27,10.27,10.26,10.26,10.25,10.25,10.24,10.24,10.24,10.23,10.23,10.23,10.23,10.23,10.22,10.22,10.21,10.20,10.24,10.23,10.19,0,0,0,0,0,0,0,0,0,0,0,0,0,0,0,0,0,0,0,0,0,0,0,0,0,0,0,0,0,0,0,0,0,0],
[0,0,0,0,0,0,0,0,0,0,0,0,0,0,0,0,0,0,0,0,0,0,0,0,0,0,0,0,0,0,0,0,0,0,0,10.30,10.29,10.29,10.29,10.28,10.28,10.28,10.27,10.27,10.27,10.27,10.27,10.27,10.27,10.27,10.27,10.27,10.27,10.27,10.27,10.27,10.27,10.27,10.27,10.27,10.27,10.27,10.27,10.27,10.27,10.27,10.27,10.27,10.26,10.26,10.25,10.25,10.24,10.24,10.24,10.24,10.24,10.24,10.23,10.23,10.22,10.22,10.26,10.32,10.26,10.20,0,0,0,0,0,0,0,0,0,0,0,0,0,0,0,0,0,0,0,0,0,0,0,0,0,0,0,0,0,0,0,0,0,0],
[0,0,0,0,0,0,0,0,0,0,0,0,0,0,0,0,0,0,0,0,0,0,0,0,0,0,0,0,0,0,0,0,0,0,0,10.29,10.28,10.28,10.28,10.27,10.27,10.27,10.27,10.27,10.27,10.27,10.27,10.27,10.27,10.27,10.27,10.27,10.27,10.27,10.27,10.27,10.27,10.27,10.27,10.27,10.27,10.27,10.27,10.27,10.27,10.27,10.27,10.27,10.27,10.26,10.26,10.25,10.25,10.25,10.25,10.25,10.25,10.25,10.24,10.23,10.25,10.29,10.35,10.41,10.29,10.21,0,0,0,0,0,0,0,0,0,0,0,0,0,0,0,0,0,0,0,0,0,0,0,0,0,0,0,0,0,0,0,0,0,0],
[0,0,0,0,0,0,0,0,0,0,0,0,0,0,0,0,0,0,0,0,0,0,0,0,0,0,0,0,0,0,0,0,0,0,0,10.28,10.27,10.27,10.27,10.27,10.27,10.27,10.27,10.27,10.27,10.27,10.27,10.27,10.27,10.27,10.27,10.27,10.27,10.27,10.27,10.27,10.27,10.27,10.27,10.27,10.27,10.27,10.27,10.27,10.27,10.27,10.27,10.27,10.27,10.27,10.26,10.26,10.26,10.26,10.26,10.26,10.26,10.25,10.25,10.27,10.31,10.37,10.43,10.48,10.33,10.21,0,0,0,0,0,0,0,0,0,0,0,0,0,0,0,0,0,0,0,0,0,0,0,0,0,0,0,0,0,0,0,0,0,0],
[0,0,0,0,0,0,0,0,0,0,0,0,0,0,0,0,0,0,0,0,0,0,0,0,0,0,0,0,0,0,0,0,0,0,0,10.27,10.27,10.27,10.27,10.27,0,0,10.27,10.27,10.27,10.27,10.27,10.27,10.27,10.27,10.27,10.27,10.27,10.27,10.27,10.27,10.27,10.27,10.27,10.27,10.27,10.27,10.27,10.27,10.27,10.27,10.27,10.27,10.27,10.27,10.27,10.26,10.26,10.26,10.26,10.26,10.26,10.27,10.30,10.34,10.40,10.46,10.52,10.51,10.36,10.22,0,0,0,0,0,0,0,0,0,0,0,0,0,0,0,0,0,0,0,0,0,0,0,0,0,0,0,0,0,0,0,0,0,0],
[0,0,0,0,0,0,0,0,0,0,0,0,0,0,0,0,0,0,0,0,0,0,0,0,0,0,0,0,0,0,0,0,0,0,0,0,10.27,10.27,10.27,10.27,10.27,10.27,10.27,10.27,10.27,10.27,10.27,10.27,10.27,10.27,10.27,10.27,10.27,10.27,10.27,10.27,10.27,10.27,10.27,10.27,10.27,10.27,10.27,10.27,10.27,10.27,10.27,10.27,10.27,10.27,10.27,10.27,10.27,10.27,10.27,10.27,10.29,10.32,10.36,10.42,10.48,10.54,10.60,10.55,10.39,10.24,10.23,0,0,0,0,0,0,0,0,0,0,0,0,0,0,0,0,0,0,0,0,0,0,0,0,0,0,0,0,0,0,0,0,0],
[0,0,0,0,0,0,0,0,0,0,0,0,0,0,0,0,0,0,0,0,0,0,0,0,0,0,0,0,0,0,0,0,0,0,0,0,10.27,10.27,10.27,10.27,10.27,10.27,10.27,10.27,10.27,10.27,10.27,10.27,10.27,10.27,10.27,10.27,10.27,10.27,10.27,10.27,10.27,10.27,10.27,10.27,10.27,10.27,10.27,10.27,10.27,10.27,10.27,10.27,10.27,10.27,0,0,0,0,0,0,10.34,10.38,10.45,10.51,10.57,10.62,10.68,10.58,10.42,10.27,10.23,0,0,0,0,0,0,0,0,0,0,0,0,0,0,0,0,0,0,0,0,0,0,0,0,0,0,0,0,0,0,0,0,0],
[0,0,0,0,0,0,0,0,0,0,0,0,0,0,0,0,0,0,0,0,0,0,0,0,0,0,0,0,0,0,0,0,0,0,0,0,0,10.27,10.27,10.27,10.27,10.27,10.27,10.27,10.27,10.27,10.27,10.27,10.27,10.27,10.27,10.27,10.27,10.27,10.27,10.27,10.27,10.27,10.27,10.27,10.27,10.27,10.27,10.27,10.27,10.27,10.27,0,0,0,0,0,0,0,0,0,0,10.45,10.51,10.57,10.64,10.70,10.77,10.61,10.46,10.30,10.24,0,0,0,0,0,0,0,0,0,0,0,0,0,0,0,0,0,0,0,0,0,0,0,0,0,0,0,0,0,0,0,0,0],
[0,0,0,0,0,0,0,0,0,0,0,0,0,0,0,0,0,0,0,0,0,0,0,0,0,0,0,0,0,0,0,0,0,0,0,0,0,0,10.27,10.27,10.27,10.27,10.27,10.27,10.27,10.27,10.27,10.27,10.27,10.27,10.27,10.27,10.27,10.27,10.27,10.27,10.27,10.27,10.27,10.27,10.27,10.27,10.27,10.27,0,0,0,0,0,0,0,0,0,0,0,0,0,10.53,10.56,10.63,10.69,10.76,10.77,10.64,10.49,10.33,10.25,0,0,0,0,0,0,0,0,0,0,0,0,0,0,0,0,0,0,0,0,0,0,0,0,0,0,0,0,0,0,0,0,0],
[0,0,0,0,0,0,0,0,0,0,0,0,0,0,0,0,0,0,0,0,0,0,0,0,0,0,0,0,0,0,0,0,0,0,0,0,0,0,10.27,10.27,10.27,10.27,10.27,10.27,10.27,10.27,10.27,10.27,0,10.27,10.27,10.27,10.27,10.27,10.27,10.27,10.27,10.27,10.27,10.27,10.27,10.27,10.27,0,0,0,0,0,0,0,0,0,0,0,0,0,0,0,10.63,10.69,10.75,10.82,10.77,10.65,10.52,10.37,10.25,0,0,0,0,0,0,0,0,0,0,0,0,0,0,0,0,0,0,0,0,0,0,0,0,0,0,0,0,0,0,0,0,0],
[0,0,0,0,0,0,0,0,0,0,0,0,0,0,0,0,0,0,0,0,0,0,0,0,0,0,0,0,0,0,0,0,0,0,0,0,0,0,0,10.27,10.27,10.27,10.27,10.27,10.27,10.27,10.27,10.27,10.27,10.27,10.27,10.27,10.27,10.27,10.27,10.27,10.27,10.27,10.27,10.27,10.27,10.27,0,0,0,0,0,0,0,0,0,0,0,0,0,0,0,0,10.70,10.75,10.81,10.88,10.78,10.65,10.53,10.40,10.26,0,0,0,0,0,0,0,0,0,0,0,0,0,0,0,0,0,0,0,0,0,0,0,0,0,0,0,0,0,0,0,0,0],
[0,0,0,0,0,0,0,0,0,0,0,0,0,0,0,0,0,0,0,0,0,0,0,0,0,0,0,0,0,0,0,0,0,0,0,0,0,0,0,10.27,10.27,10.27,10.27,10.27,10.27,10.27,10.27,10.27,10.27,10.27,10.27,10.27,10.27,10.27,10.27,10.27,10.27,10.27,10.27,10.27,10.27,0,0,0,0,0,0,0,0,0,0,0,0,0,0,0,0,0,0,10.81,10.87,10.91,10.78,10.66,10.53,10.41,10.28,10.27,0,0,0,0,0,0,0,0,0,0,0,0,0,0,0,0,0,0,0,0,0,0,0,0,0,0,0,0,0,0,0,0],
[0,0,0,0,0,0,0,0,0,0,0,0,0,0,0,0,0,0,0,0,0,0,0,0,0,0,0,0,0,0,0,0,0,0,0,0,0,0,0,0,10.27,10.27,10.27,10.27,10.27,10.27,10.27,10.27,10.27,0,0,0,0,0,10.27,10.27,10.27,10.27,10.27,10.27,10.27,0,0,0,0,0,0,0,0,0,0,0,0,0,0,0,0,0,0,10.88,10.93,10.91,10.79,10.66,10.54,10.41,10.29,10.27,0,0,0,0,0,0,0,0,0,0,0,0,0,0,0,0,0,0,0,0,0,0,0,0,0,0,0,0,0,0,0,0],
[0,0,0,0,0,0,0,0,0,0,0,0,0,0,0,0,0,0,0,0,0,0,0,0,0,0,0,0,0,0,0,0,0,0,0,0,0,0,0,0,0,10.27,10.27,10.27,10.27,10.27,10.27,0,0,0,0,0,0,0,0,10.27,10.27,10.27,10.27,10.27,10.27,0,0,0,0,0,0,0,0,0,0,0,0,0,0,0,0,0,0,10.96,10.99,10.91,10.79,10.66,10.54,10.41,10.28,10.27,0,0,0,0,0,0,0,0,0,0,0,0,0,0,0,0,0,0,0,0,0,0,0,0,0,0,0,0,0,0,0,0],
[0,0,0,0,0,0,0,0,0,0,0,0,0,0,0,0,0,0,0,0,0,0,0,0,0,0,0,0,0,0,0,0,0,0,0,0,0,0,0,0,0,0,0,0,0,0,0,0,0,0,0,0,0,0,0,10.27,10.27,10.27,10.27,10.27,10.27,0,0,0,0,0,0,0,0,0,0,0,0,0,0,0,0,0,0,0,11.02,10.91,10.79,10.66,10.53,10.40,10.28,10.27,0,0,0,0,0,0,0,0,0,0,0,0,0,0,0,0,0,0,0,0,0,0,0,0,0,0,0,0,0,0,0,0],
[0,0,0,0,0,0,0,0,0,0,0,0,0,0,0,0,0,0,0,0,0,0,0,0,0,0,0,0,0,0,0,0,0,0,0,0,0,0,0,0,0,0,0,0,0,0,0,0,0,0,0,0,0,0,0,0,10.27,10.27,10.27,10.27,10.27,0,0,0,0,0,0,0,0,0,0,0,0,0,0,0,0,0,0,11.02,11.02,10.91,10.78,10.65,10.53,10.40,10.27,0,0,0,0,0,0,0,0,0,0,0,0,0,0,0,0,0,0,0,0,0,0,0,0,0,0,0,0,0,0,0,0,0],
[0,0,0,0,0,0,0,0,0,0,0,0,0,0,0,0,0,0,0,0,0,0,0,0,0,0,0,0,0,0,0,0,0,0,0,0,0,0,0,0,0,0,0,0,0,0,0,0,0,0,0,0,0,0,0,0,10.27,10.27,10.27,10.27,10.27,0,0,0,0,0,0,0,0,0,0,0,0,0,0,0,0,0,0,11.02,10.99,10.89,10.78,10.65,10.52,10.39,10.27,0,0,0,0,0,0,0,0,0,0,0,0,0,0,0,0,0,0,0,0,0,0,0,0,0,0,0,0,0,0,0,0,0],
[0,0,0,0,0,0,0,0,0,0,0,0,0,0,0,0,0,0,0,0,0,0,0,0,0,0,0,0,0,0,0,0,0,0,0,0,0,0,0,0,0,0,0,0,0,0,0,0,0,0,0,0,0,0,0,0,10.28,10.27,10.27,10.27,10.27,0,0,0,0,0,0,0,0,0,0,0,0,0,0,0,0,0,0,11.02,10.96,10.86,10.75,10.64,10.52,10.39,10.27,0,0,0,0,0,0,0,0,0,0,0,0,0,0,0,0,0,0,0,0,0,0,0,0,0,0,0,0,0,0,0,0,0],
[0,0,0,0,0,0,0,0,0,0,0,0,0,0,0,0,0,0,0,0,0,0,0,0,0,0,0,0,0,0,0,0,0,0,0,0,0,0,0,0,0,0,0,0,0,0,0,0,0,0,0,0,0,0,0,0,10.29,10.28,10.27,10.27,10.27,0,0,0,0,0,0,0,0,0,0,0,0,0,0,0,0,0,0,11.02,10.93,10.83,10.72,10.62,10.51,10.38,10.27,0,0,0,0,0,0,0,0,0,0,0,0,0,0,0,0,0,0,0,0,0,0,0,0,0,0,0,0,0,0,0,0,0],
[0,0,0,0,0,0,0,0,0,0,0,0,0,0,0,0,0,0,0,0,0,0,0,0,0,0,0,0,0,0,0,0,0,0,0,0,0,0,0,0,0,0,0,0,0,0,0,0,0,0,0,0,0,0,0,0,10.30,10.30,10.28,10.27,10.27,0,0,0,0,0,0,0,0,0,0,0,0,0,0,0,0,0,11.02,11.00,10.90,10.79,10.69,10.59,10.49,10.38,10.27,0,0,0,0,0,0,0,0,0,0,0,0,0,0,0,0,0,0,0,0,0,0,0,0,0,0,0,0,0,0,0,0,0],
[0,0,0,0,0,0,0,0,0,0,0,0,0,0,0,0,0,0,0,0,0,0,0,0,0,0,0,0,0,0,0,0,0,0,0,0,0,0,0,0,0,0,0,0,0,0,0,0,0,0,0,0,0,0,0,10.31,10.31,10.31,10.29,10.28,10.27,0,0,0,0,0,0,0,0,0,0,0,0,0,0,0,0,0,11.02,10.97,10.87,10.76,10.66,10.56,10.46,10.36,10.27,0,0,0,0,0,0,0,0,0,0,0,0,0,0,0,0,0,0,0,0,0,0,0,0,0,0,0,0,0,0,0,0,0],
[0,0,0,0,0,0,0,0,0,0,0,0,0,0,0,0,0,0,0,0,0,0,0,0,0,0,0,0,0,0,0,0,0,0,0,0,0,0,0,0,0,0,0,0,0,0,0,0,0,0,0,0,0,0,0,10.32,10.32,10.32,10.31,10.29,10.27,10.28,0,0,0,0,0,0,0,0,0,0,0,0,0,0,0,0,11.02,10.94,10.83,10.73,10.63,10.53,10.43,10.34,10.27,10.27,0,0,0,0,0,0,0,0,0,0,0,0,0,0,0,0,0,0,0,0,0,0,0,0,0,0,0,0,0,0,0,0],
[0,0,0,0,0,0,0,0,0,0,0,0,0,0,0,0,0,0,0,0,0,0,0,0,0,0,0,0,0,0,0,0,0,0,0,0,0,0,0,0,0,0,0,0,0,0,0,0,0,0,0,0,0,0,0,10.32,10.33,10.33,10.32,10.33,10.28,10.29,0,0,0,0,0,0,0,0,0,0,0,0,0,0,0,11.02,10.99,10.90,10.80,10.70,10.59,10.49,10.42,10.35,10.29,10.27,0,0,0,0,0,0,0,0,0,0,0,0,0,0,0,0,0,0,0,0,0,0,0,0,0,0,0,0,0,0,0,0],
[0,0,0,0,0,0,0,0,0,0,0,0,0,0,0,0,0,0,0,0,0,0,0,0,0,0,0,0,0,0,0,0,0,0,0,0,0,0,0,0,0,0,0,0,0,0,0,0,0,0,0,0,0,0,0,10.33,10.34,10.34,10.33,10.38,10.29,10.30,0,0,0,0,0,0,0,0,0,0,0,0,0,0,11.02,11.00,10.93,10.83,10.74,10.65,10.57,10.51,10.44,10.37,10.30,10.27,0,0,0,0,0,0,0,0,0,0,0,0,0,0,0,0,0,0,0,0,0,0,0,0,0,0,0,0,0,0,0,0],
[0,0,0,0,0,0,0,0,0,0,0,0,0,0,0,0,0,0,0,0,0,0,0,0,0,0,0,0,0,0,0,0,0,0,0,0,0,0,0,0,0,0,0,0,0,0,0,0,0,0,0,0,0,0,0,10.34,10.34,10.35,10.39,10.42,10.29,10.31,0,0,0,0,0,0,0,0,0,0,0,0,0,11.02,11.01,10.94,10.86,10.79,10.72,10.66,10.59,10.52,10.46,10.39,10.32,10.27,0,0,0,0,0,0,0,0,0,0,0,0,0,0,0,0,0,0,0,0,0,0,0,0,0,0,0,0,0,0,0,0],
[0,0,0,0,0,0,0,0,0,0,0,0,0,0,0,0,0,0,0,0,0,0,0,0,0,0,0,0,0,0,9.78,9.77,9.75,9.73,9.71,9.69,9.68,9.68,9.68,0,0,0,0,0,0,0,0,0,0,0,0,0,0,0,10.42,10.38,10.41,10.44,10.44,10.43,10.30,10.32,10.33,0,0,0,0,0,0,0,0,0,0,0,11.02,11.01,10.97,10.95,10.92,10.84,10.76,10.68,10.60,10.54,10.47,10.41,10.35,10.28,10.26,0,0,0,0,0,0,0,0,0,0,0,0,0,0,0,0,0,0,0,0,0,0,0,0,0,0,0,0,0,0,0],
[0,0,0,0,0,0,0,0,0,0,0,0,0,0,0,0,0,0,0,0,0,0,0,0,0,0,0,0,0,9.81,9.79,9.77,9.75,9.73,9.72,9.71,9.72,9.72,9.70,9.69,9.82,0,0,0,0,0,0,0,0,0,0,0,0,10.50,10.48,10.53,10.51,10.51,10.52,10.43,10.31,10.32,10.34,0,0,0,0,0,0,0,0,0,0,0,11.01,11.00,10.98,10.96,10.95,10.93,10.85,10.77,10.70,10.64,10.57,10.51,10.45,10.39,10.32,10.25,10.24,0,0,0,0,0,0,0,0,0,0,0,0,0,0,0,0,0,0,0,0,0,0,0,0,0,0,0,0,0],
[0,0,0,0,0,0,0,0,0,0,0,0,0,0,0,0,0,0,0,0,0,0,0,0,0,0,0,9.84,9.83,9.81,9.79,9.78,9.78,9.77,9.76,9.76,9.77,9.78,9.80,9.87,9.92,9.97,0,0,0,0,0,0,0,0,0,10.62,10.57,10.61,10.59,10.57,10.55,10.49,10.49,10.44,10.31,10.33,10.35,0,0,0,0,0,0,0,0,0,0,0,10.96,11.02,11.00,10.98,10.97,10.95,10.93,10.87,10.80,10.73,10.67,10.61,10.55,10.49,10.43,10.35,10.25,10.23,0,0,0,0,0,0,0,0,0,0,0,0,0,0,0,0,0,0,0,0,0,0,0,0,0,0,0,0],
[0,0,0,0,0,0,0,0,0,0,0,0,0,0,0,0,0,0,0,0,0,0,0,0,0,9.85,9.85,9.85,9.84,9.84,9.83,9.82,9.82,9.81,9.80,9.81,9.82,9.78,9.81,9.90,9.98,10.08,0,0,10.73,10.87,11.01,11.06,10.95,10.83,10.72,10.67,10.65,10.63,10.61,10.59,10.58,10.47,10.47,10.44,10.32,10.34,10.35,0,0,0,0,0,0,0,0,0,0,0,10.90,10.97,10.98,10.95,10.91,10.88,10.87,10.84,10.82,10.79,10.77,10.71,10.65,10.59,10.53,10.47,10.38,10.28,10.21,10.21,0,0,0,0,0,0,0,0,0,0,0,0,0,0,0,0,0,0,0,0,0,0,0,0,0,0],
[0,0,0,0,0,0,0,0,0,0,0,0,0,0,0,0,0,0,0,0,0,0,0,9.85,9.85,9.85,9.85,9.85,9.87,9.88,9.87,9.86,9.86,9.85,9.85,9.85,9.82,9.78,9.81,9.90,9.99,10.07,10.28,10.56,10.72,10.86,11.00,11.14,11.04,10.94,10.73,10.70,10.68,10.66,10.64,10.62,10.60,10.58,10.45,10.45,10.32,10.34,10.35,0,0,0,0,0,0,0,0,0,0,0,10.85,10.92,10.89,10.86,10.83,10.82,10.80,10.78,10.75,10.73,10.69,10.66,10.63,10.60,10.57,10.54,10.52,10.41,10.31,10.20,10.20,0,0,0,0,0,0,0,0,0,0,0,0,0,0,0,0,0,0,0,0,0,0,0,0,0],
[0,0,0,0,0,0,0,0,0,0,0,0,0,0,0,0,0,0,0,0,0,0,9.85,9.85,9.85,9.85,9.85,9.86,9.87,9.88,9.90,9.90,9.90,9.89,9.88,9.85,9.81,9.78,9.82,9.91,9.99,10.06,10.21,10.47,10.76,10.88,11.03,11.20,11.13,10.92,10.77,10.75,10.72,10.70,10.68,10.65,10.63,10.61,10.47,10.43,10.33,10.35,10.35,0,0,0,0,0,0,0,0,0,0,10.80,10.80,10.84,10.80,10.78,10.77,10.76,10.73,10.71,10.68,10.65,10.62,10.59,10.55,10.52,10.49,10.46,10.43,10.38,10.33,10.28,10.23,10.18,0,0,0,0,0,0,0,0,0,0,0,0,0,0,0,0,0,0,0,0,0,0,0,0],
[0,0,0,0,0,0,0,0,0,0,0,0,0,0,0,0,0,0,0,0,0,0,9.83,9.85,9.85,9.85,9.85,9.86,9.87,9.89,9.90,9.92,9.93,9.91,9.88,9.85,9.81,9.78,9.83,9.92,9.93,10.08,10.15,10.41,10.71,10.93,11.05,11.26,11.15,10.85,10.81,10.79,10.77,10.74,10.70,10.66,10.62,10.58,10.53,10.40,10.34,10.35,0,0,0,0,0,0,0,0,0,0,0,10.74,10.75,10.75,10.73,10.72,10.71,10.69,10.67,10.64,10.61,10.58,10.55,10.51,10.48,10.44,10.41,10.38,10.35,10.30,10.25,10.21,10.20,10.18,0,0,0,0,0,0,0,0,0,0,0,0,0,0,0,0,0,0,0,0,0,0,0,0],
[0,0,0,0,0,0,0,0,0,0,0,0,0,0,0,0,0,0,0,0,0,0,9.81,9.83,9.85,9.85,9.85,9.86,9.88,9.89,9.90,9.91,9.89,9.89,9.86,9.83,9.80,9.76,9.80,9.80,9.87,10.11,10.18,10.34,10.63,10.94,11.05,11.28,11.16,10.85,10.83,10.79,10.75,10.71,10.66,10.62,10.58,10.53,10.49,10.44,10.34,10.35,0,0,0,0,0,0,0,0,0,0,0,10.69,10.69,10.68,10.67,10.66,10.65,10.63,10.60,10.58,10.54,10.51,10.47,10.44,10.40,10.37,10.34,10.30,10.27,10.25,10.23,10.22,10.20,10.18,0,0,0,0,0,0,0,0,0,0,0,0,0,0,0,0,0,0,0,0,0,0,0,0],
[0,0,0,0,0,0,0,0,0,0,0,0,0,0,0,0,0,0,0,0,0,0,9.78,9.80,9.85,9.85,9.85,9.87,9.88,9.89,9.88,9.85,9.85,9.85,9.85,9.82,9.78,9.75,9.78,9.83,9.88,9.94,10.00,10.12,0,0,0,0,0,0,10.76,10.72,10.69,10.65,10.61,10.57,10.53,10.49,10.45,10.41,10.35,10.35,0,0,0,0,0,0,0,0,0,0,0,10.63,10.63,10.62,10.61,10.60,10.58,10.56,10.54,10.50,10.47,10.43,10.40,10.37,10.33,10.30,10.28,10.27,10.26,10.25,10.24,10.22,10.20,10.18,10.18,0,0,0,0,0,0,0,0,0,0,0,0,0,0,0,0,0,0,0,0,0,0,0],
[0,0,0,0,0,0,0,0,0,0,0,0,0,0,0,0,0,0,0,0,0,0,9.76,9.77,9.83,9.85,9.85,9.87,9.88,9.84,9.81,9.81,9.81,9.81,9.81,9.80,9.77,9.74,9.77,9.74,9.75,9.76,9.84,0,0,0,0,0,0,0,10.69,10.66,10.62,10.58,10.54,10.50,10.46,10.42,10.38,10.35,10.33,0,0,0,0,0,0,0,0,0,0,0,0,10.58,10.58,10.56,10.55,10.53,10.52,10.49,10.46,10.43,10.39,10.36,10.33,10.30,10.29,10.28,10.27,10.26,10.25,10.25,10.24,10.22,10.20,10.19,10.18,0,0,0,0,0,0,0,0,0,0,0,0,0,0,0,0,0,0,0,0,0,0,0],
[0,0,0,0,0,0,0,0,0,0,0,0,0,0,0,0,0,0,0,0,0,0,0,9.73,9.80,9.85,9.86,9.85,9.80,9.77,9.77,9.77,9.77,9.77,9.77,9.77,9.76,9.72,9.76,9.72,9.73,9.75,0,0,0,0,0,0,0,0,10.61,10.59,10.55,10.51,10.47,10.43,10.39,10.36,10.34,10.31,10.30,0,0,0,0,0,0,0,0,0,0,0,0,10.54,10.52,10.50,10.48,10.47,10.45,10.42,10.39,10.35,10.32,10.31,10.30,10.29,10.28,10.27,10.26,10.26,10.25,10.24,10.23,10.22,10.21,10.19,10.18,0,0,0,0,0,0,0,0,0,0,0,0,0,0,0,0,0,0,0,0,0,0,0],
[0,0,0,0,0,0,0,0,0,0,0,0,0,0,0,0,0,0,0,0,0,0,0,9.71,9.77,9.83,9.82,9.77,9.73,9.73,9.73,9.73,9.73,9.73,9.73,9.73,9.73,9.71,9.68,9.70,0,0,0,0,0,0,0,0,0,0,0,10.52,10.48,10.44,10.40,10.38,10.35,10.33,10.30,10.28,10.27,0,0,0,0,0,0,0,0,0,0,0,0,10.49,10.47,10.44,10.42,10.41,10.38,10.35,10.33,10.32,10.31,10.30,10.29,10.28,10.28,10.27,10.26,10.25,10.24,10.23,10.22,10.21,10.20,10.19,10.18,0,0,0,0,0,0,0,0,0,0,0,0,0,0,0,0,0,0,0,0,0,0,0],
[0,0,0,0,0,0,0,0,0,0,0,0,0,0,0,0,0,0,0,0,0,0,0,9.68,9.68,9.68,9.68,9.68,9.68,9.68,9.68,9.68,9.68,9.68,9.68,9.68,9.68,9.68,9.68,0,0,0,0,0,0,0,0,0,0,0,0,10.44,10.42,10.39,10.37,10.35,10.32,10.30,10.28,10.27,0,0,0,0,0,0,0,0,0,0,0,0,10.42,10.43,10.41,10.39,10.37,10.35,10.34,10.33,10.32,10.31,10.30,10.30,10.29,10.28,10.27,10.26,10.25,10.24,10.23,10.22,10.22,10.21,10.20,10.19,10.18,0,0,0,0,0,0,0,0,0,0,0,0,0,0,0,0,0,0,0,0,0,0,0],
[0,0,0,0,0,0,0,0,0,0,0,0,0,0,0,0,0,0,0,0,0,0,0,9.62,9.62,9.62,9.64,9.66,9.65,9.65,9.67,9.68,9.68,9.68,9.68,9.68,9.68,9.68,0,0,0,0,0,0,0,0,0,0,0,0,0,10.37,10.35,10.32,10.30,10.28,10.27,10.27,10.27,0,0,0,0,0,0,0,0,0,0,0,0,0,10.35,10.35,10.33,10.32,10.33,10.34,10.33,10.33,10.32,10.31,10.30,10.29,10.28,10.27,10.26,10.25,10.25,10.24,10.23,10.22,10.21,10.20,10.19,10.19,10.18,0,0,0,0,0,0,0,0,0,0,0,0,0,0,0,0,0,0,0,0,0,0,0],
[0,0,0,0,0,0,0,0,0,0,0,0,0,0,0,0,0,0,0,0,0,0,0,9.56,9.56,9.59,9.62,9.64,9.63,9.62,9.61,9.62,9.64,9.65,9.67,9.68,9.68,9.68,0,0,0,0,0,0,0,0,0,0,0,0,0,10.29,10.28,10.27,10.27,10.27,10.27,10.27,10.27,0,0,0,0,0,0,0,0,0,0,0,0,0,10.27,10.28,10.29,10.30,10.31,10.32,10.33,10.32,10.31,10.30,10.29,10.28,10.28,10.27,10.26,10.25,10.24,10.23,10.22,10.21,10.20,10.20,10.19,10.19,10.18,0,0,0,0,0,0,0,0,0,0,0,0,0,0,0,0,0,0,0,0,0,0,0],
[0,0,0,0,0,0,0,0,0,0,0,0,0,0,0,0,0,0,0,0,0,0,0,9.48,9.52,9.57,9.60,9.61,9.60,9.60,9.59,9.58,9.58,9.59,9.61,9.62,9.64,9.68,0,0,0,0,0,0,0,0,0,0,0,0,0,0,10.27,10.27,10.27,10.27,10.27,10.27,0,0,0,0,0,0,0,0,0,0,0,0,0,0,10.27,10.27,10.27,10.28,10.30,10.31,10.32,10.31,10.30,10.30,10.29,10.28,10.27,10.26,10.25,10.24,10.23,10.22,10.22,10.21,10.20,10.20,10.19,10.18,10.18,0,0,0,0,0,0,0,0,0,0,0,0,0,0,0,0,0,0,0,0,0,0,0],
[0,0,0,0,0,0,0,0,0,0,0,0,0,0,0,0,0,0,0,0,0,0,0,9.32,9.22,9.34,9.46,9.50,9.53,9.55,9.56,9.56,9.55,9.54,9.54,9.56,9.60,0,0,0,0,0,0,0,0,0,0,0,0,0,0,0,0,0,0,0,0,0,0,0,0,0,0,0,0,0,0,0,0,0,0,0,0,0,10.27,10.27,10.28,10.29,10.30,10.31,10.30,10.29,10.28,10.27,10.26,10.25,10.25,10.24,10.23,10.22,10.21,10.21,10.20,10.20,10.19,10.18,10.18,0,0,0,0,0,0,0,0,0,0,0,0,0,0,0,0,0,0,0,0,0,0,0],
[0,0,0,0,0,0,0,0,0,0,0,0,0,0,0,0,0,0,0,0,0,0,0,0,9.06,9.05,9.12,9.14,9.17,9.20,9.21,9.26,9.30,9.34,9.38,9.40,0,0,0,0,0,0,0,0,0,0,0,0,0,0,0,0,0,0,0,0,0,0,0,0,0,0,0,0,0,0,0,0,0,0,0,0,0,0,0,10.27,10.27,10.27,10.29,10.30,10.29,10.28,10.28,10.27,10.26,10.25,10.24,10.23,10.23,10.22,10.21,10.21,10.20,10.19,10.19,10.18,0,0,0,0,0,0,0,0,0,0,0,0,0,0,0,0,0,0,0,0,0,0,0,0],
[0,0,0,0,0,0,0,0,0,0,0,0,0,0,0,0,0,0,0,0,0,0,0,0,0,8.82,8.82,8.85,8.89,8.93,8.97,9.01,9.05,9.10,9.14,9.16,0,0,0,0,0,0,0,0,0,0,0,0,0,0,0,0,0,0,0,0,0,0,0,0,0,0,0,0,0,0,0,0,0,0,0,0,0,0,0,0,0,10.27,10.27,10.28,10.29,10.28,10.27,10.26,10.25,10.24,10.24,10.23,10.22,10.22,10.21,10.21,10.20,10.19,10.19,10.18,0,0,0,0,0,0,0,0,0,0,0,0,0,0,0,0,0,0,0,0,0,0,0,0],
[0,0,0,0,0,0,0,0,0,0,0,0,0,0,0,0,0,0,0,0,0,0,0,0,0,8.74,8.73,8.73,8.72,8.72,8.73,8.77,8.81,8.85,8.89,8.91,0,0,0,0,0,0,0,0,0,0,0,0,0,0,0,0,0,0,0,0,0,0,0,0,0,0,0,0,0,0,0,0,0,0,0,0,0,0,0,0,0,0,10.27,10.27,10.28,10.27,10.26,10.26,10.25,10.24,10.24,10.23,10.22,10.22,10.21,10.20,10.20,10.19,10.19,10.18,0,0,0,0,0,0,0,0,0,0,0,0,0,0,0,0,0,0,0,0,0,0,0,0],
[0,0,0,0,0,0,0,0,0,0,0,0,0,0,0,0,0,0,0,0,0,0,0,0,0,8.67,8.66,8.66,8.65,8.65,8.64,8.63,8.63,8.62,8.65,8.66,0,0,0,0,0,0,0,0,0,0,0,0,0,0,0,0,0,0,0,0,0,0,0,0,0,0,0,0,0,0,0,0,0,0,0,0,0,0,0,0,0,0,0,10.27,10.27,10.27,10.26,10.25,10.25,10.24,10.24,10.23,10.22,10.22,10.21,10.20,10.20,10.19,10.18,10.18,0,0,0,0,0,0,0,0,0,0,0,0,0,0,0,0,0,0,0,0,0,0,0,0],
[0,0,0,0,0,0,0,0,0,0,0,0,0,0,0,0,0,0,0,0,0,0,0,0,0,8.61,8.60,8.59,8.58,8.58,8.57,8.57,8.57,8.57,8.57,0,0,0,0,0,0,0,0,0,0,0,0,0,0,0,0,0,0,0,0,0,0,0,0,0,0,0,0,0,0,0,0,0,0,0,0,0,0,0,0,0,0,0,0,0,0,10.27,10.26,10.25,10.25,10.24,10.23,10.23,10.22,10.21,10.21,10.20,10.20,10.19,10.18,0,0,0,0,0,0,0,0,0,0,0,0,0,0,0,0,0,0,0,0,0,0,0,0,0],
[0,0,0,0,0,0,0,0,0,0,0,0,0,0,0,0,0,0,0,0,0,0,0,0,0,8.54,8.53,8.53,8.53,8.53,8.53,8.53,8.53,8.53,8.54,0,0,0,0,0,0,0,0,0,0,0,0,0,0,0,0,0,0,0,0,0,0,0,0,0,0,0,0,0,0,0,0,0,0,0,0,0,0,0,0,0,0,0,0,0,0,10.27,10.26,10.25,10.24,10.24,10.23,10.22,10.22,10.21,10.21,10.20,10.19,10.19,10.18,0,0,0,0,0,0,0,0,0,0,0,0,0,0,0,0,0,0,0,0,0,0,0,0,0],
[0,0,0,0,0,0,0,0,0,0,0,0,0,0,0,0,0,0,0,0,0,0,0,0,0,8.44,8.45,8.47,8.49,8.49,8.49,8.50,8.50,8.50,8.50,0,0,0,0,0,0,0,0,0,0,0,0,0,0,0,0,0,0,0,0,0,0,0,0,0,0,0,0,0,0,0,0,0,0,0,0,0,0,0,0,0,0,0,0,0,0,10.27,10.27,10.26,10.24,10.23,10.23,10.22,10.21,10.21,10.20,10.20,10.19,10.18,0,0,0,0,0,0,0,0,0,0,0,0,0,0,0,0,0,0,0,0,0,0,0,0,0,0],
[0,0,0,0,0,0,0,0,0,0,0,0,0,0,0,0,0,0,0,0,0,0,0,0,0,8.45,8.45,8.44,8.44,8.44,8.43,8.45,8.46,8.46,8.46,0,0,0,0,0,0,0,0,0,0,0,0,0,0,0,0,0,0,0,0,0,0,0,0,0,0,0,0,0,0,0,0,0,0,0,0,0,0,0,0,0,0,0,0,0,0,0,10.27,10.26,10.25,10.24,10.23,10.22,10.21,10.20,10.20,10.19,10.19,10.18,0,0,0,0,0,0,0,0,0,0,0,0,0,0,0,0,0,0,0,0,0,0,0,0,0,0],
[0,0,0,0,0,0,0,0,0,0,0,0,0,0,0,0,0,0,0,0,0,0,0,0,8.48,8.47,8.47,8.46,8.46,8.46,8.45,8.45,8.44,8.44,8.43,0,0,0,0,0,0,0,0,0,0,0,0,0,0,0,0,0,0,0,0,0,0,0,0,0,0,0,0,0,0,0,0,0,0,0,0,0,0,0,0,0,0,0,0,0,0,0,10.27,10.27,10.25,10.24,10.23,10.22,10.21,10.20,10.20,10.19,10.18,0,0,0,0,0,0,0,0,0,0,0,0,0,0,0,0,0,0,0,0,0,0,0,0,0,0,0],
[0,0,0,0,0,0,0,0,0,0,0,0,0,0,0,0,0,0,0,0,0,0,0,0,8.49,8.49,8.48,8.48,8.48,8.47,8.47,8.46,8.45,8.44,8.44,8.43,0,0,0,0,0,0,0,0,0,0,0,0,0,0,0,0,0,0,0,0,0,0,0,0,0,0,0,0,0,0,0,0,0,0,0,0,0,0,0,0,0,0,0,0,0,0,0,10.27,10.26,10.25,10.24,10.22,10.21,10.20,10.19,10.19,10.18,0,0,0,0,0,0,0,0,0,0,0,0,0,0,0,0,0,0,0,0,0,0,0,0,0,0,0],
[0,0,0,0,0,0,0,0,0,0,0,0,0,0,0,0,0,0,0,0,0,0,0,8.52,8.51,8.51,8.50,8.49,8.48,8.48,8.47,8.46,8.45,8.45,8.44,8.43,0,0,0,0,0,0,0,0,0,0,0,0,0,0,0,0,0,0,0,0,0,0,0,0,0,0,0,0,0,0,0,0,0,0,0,0,0,0,0,0,0,0,0,0,0,0,0,10.27,10.26,10.25,10.24,10.23,10.22,10.21,10.19,10.18,0,0,0,0,0,0,0,0,0,0,0,0,0,0,0,0,0,0,0,0,0,0,0,0,0,0,0,0],
[0,0,0,0,0,0,0,0,0,0,0,0,0,0,0,0,0,0,0,0,0,0,0,8.51,8.51,8.52,8.51,8.50,8.49,8.48,8.47,8.46,8.46,8.45,8.44,8.43,0,0,0,0,0,0,0,0,0,0,0,0,0,0,0,0,0,0,0,0,0,0,0,0,0,0,0,0,0,0,0,0,0,0,0,0,0,0,0,0,0,0,0,0,0,0,0,0,10.27,10.26,10.25,10.23,10.22,10.21,10.20,10.18,10.18,0,0,0,0,0,0,0,0,0,0,0,0,0,0,0,0,0,0,0,0,0,0,0,0,0,0,0],
[0,0,0,0,0,0,0,0,0,0,0,0,0,0,0,0,0,0,0,0,0,0,0,0,8.50,8.51,8.51,8.52,8.51,8.50,8.49,8.48,8.47,8.46,8.45,8.44,8.43,0,0,0,0,0,0,0,0,0,0,0,0,0,0,0,0,0,0,0,0,0,0,0,0,0,0,2.60,2.60,2.60,2.60,2.60,0,0,0,0,0,0,0,0,0,0,0,0,0,0,0,0,10.27,10.26,10.25,10.24,10.23,10.21,10.20,10.19,10.18,0,0,0,0,0,0,0,0,0,0,0,0,0,0,0,0,0,0,0,0,0,0,0,0,0,0,0],
[0,0,0,0,0,0,0,0,0,0,0,0,0,0,0,0,0,0,0,0,0,0,0,0,8.49,8.49,8.50,8.51,8.51,8.51,8.50,8.49,8.48,8.48,8.47,8.45,0,0,0,0,0,0,0,0,0,0,0,0,0,0,0,0,0,0,0,0,0,0,0,0,0,0,0,2.57,2.56,2.55,2.55,2.55,0,0,0,0,0,0,0,0,0,0,0,0,0,0,0,0,10.27,10.26,10.25,10.24,10.23,10.22,10.21,10.19,10.18,0,0,0,0,0,0,0,0,0,0,0,0,0,0,0,0,0,0,0,0,0,0,0,0,0,0,0],
[0,0,0,0,0,0,0,0,0,0,0,0,0,0,0,0,0,0,0,0,0,0,0,0,0,8.48,8.49,8.49,8.50,8.51,8.51,8.51,8.50,8.49,8.48,8.47,0,0,0,0,0,0,0,0,0,0,0,0,0,0,0,0,0,0,0,0,0,0,0,0,0,0,2.56,2.52,2.52,2.53,2.55,2.56,2.61,0,0,0,0,0,0,0,0,0,0,0,0,0,0,0,10.27,10.26,10.25,10.24,10.23,10.22,10.21,10.20,10.19,10.18,0,0,0,0,0,0,0,0,0,0,0,0,0,0,0,0,0,0,0,0,0,0,0,0,0,0],
[0,0,0,0,0,0,0,0,0,0,0,0,0,0,0,0,0,0,0,0,0,0,0,0,0,8.47,8.47,8.48,8.49,8.49,8.50,8.51,8.51,8.51,8.50,0,0,0,0,0,0,0,0,0,0,0,0,0,0,0,0,0,0,0,0,0,0,0,0,0,0,2.66,2.61,2.62,2.63,2.62,2.63,2.64,2.66,2.71,0,0,0,0,0,0,0,0,0,0,0,0,0,10.27,10.27,10.26,10.25,10.24,10.23,10.22,10.22,10.21,10.19,10.18,0,0,0,0,0,0,0,0,0,0,0,0,0,0,0,0,0,0,0,0,0,0,0,0,0,0],
[0,0,0,0,0,0,0,0,0,0,0,0,0,0,0,0,0,0,0,0,0,0,0,0,0,0,8.46,8.47,8.47,8.48,8.49,8.49,8.50,8.49,0,0,0,0,0,0,0,0,0,0,0,0,0,0,0,0,0,0,0,0,0,0,0,0,0,0,2.76,2.71,2.72,2.74,2.75,2.76,2.76,2.75,2.75,2.75,2.77,0,0,0,0,0,0,0,0,0,0,0,0,10.27,10.27,10.26,10.25,10.24,10.23,10.22,10.22,10.21,10.20,10.19,10.18,0,0,0,0,0,0,0,0,0,0,0,0,0,0,0,0,0,0,0,0,0,0,0,0,0],
[0,0,0,0,0,0,0,0,0,0,0,0,0,0,0,0,0,0,0,0,0,0,0,0,0,0,8.45,8.45,8.46,8.47,8.47,8.46,8.45,8.45,0,0,0,0,0,0,0,0,0,0,0,0,0,0,0,0,0,0,0,0,0,0,0,0,0,0,2.77,2.82,2.84,2.85,2.84,2.85,2.83,2.81,2.79,2.77,2.77,0,0,0,0,0,0,0,0,0,0,0,0,10.27,10.27,10.26,10.25,10.24,10.23,10.22,10.22,10.21,10.20,10.19,10.18,0,0,0,0,0,0,0,0,0,0,0,0,0,0,0,0,0,0,0,0,0,0,0,0,0],
[0,0,0,0,0,0,0,0,0,0,0,0,0,0,0,0,0,0,0,0,0,0,0,0,0,0,8.44,8.44,8.45,8.43,8.41,8.39,8.32,8.29,0,0,0,0,0,0,0,0,0,0,0,0,0,0,0,0,0,0,0,0,0,0,0,0,0,0,2.77,2.82,2.82,2.82,2.83,2.84,2.83,2.81,2.79,2.77,2.77,0,0,0,0,0,0,0,0,0,0,0,0,10.27,10.27,10.26,10.25,10.24,10.23,10.22,10.22,10.21,10.20,10.19,10.18,0,0,0,0,0,0,0,0,0,0,0,0,0,0,0,0,0,0,0,0,0,0,0,0,0],
[0,0,0,0,0,0,0,0,0,0,0,0,0,0,0,0,0,0,0,0,0,0,0,0,0,0,0,8.24,8.20,8.20,8.20,8.18,8.14,8.12,0,0,0,0,0,0,0,0,0,0,0,0,0,0,0,0,0,0,0,0,0,0,0,0,0,0,2.77,2.78,2.79,2.80,2.82,2.83,2.82,2.81,2.79,2.77,2.77,0,0,0,0,0,0,0,0,0,0,0,0,10.27,10.27,10.26,10.25,10.24,10.23,10.23,10.22,10.21,10.20,10.19,10.18,10.18,0,0,0,0,0,0,0,0,0,0,0,0,0,0,0,0,0,0,0,0,0,0,0,0],
[0,0,0,0,0,0,0,0,0,0,0,0,0,0,0,0,0,0,0,0,0,0,0,0,0,0,0,7.83,7.74,7.75,7.74,7.73,7.71,7.72,0,0,0,0,0,0,0,0,0,0,0,0,0,0,0,0,0,0,0,0,0,0,0,0,0,2.77,2.77,2.77,2.78,2.79,2.80,2.81,2.81,2.80,2.78,2.77,2.77,2.77,0,0,0,0,0,0,0,0,0,0,0,10.27,10.27,10.26,10.25,10.24,10.23,10.23,10.22,10.21,10.20,10.19,10.18,10.18,0,0,0,0,0,0,0,0,0,0,0,0,0,0,0,0,0,0,0,0,0,0,0,0],
[0,0,0,0,0,0,0,0,0,0,0,0,0,0,0,0,0,0,0,0,0,0,0,0,0,0,0,7.34,7.28,7.33,7.34,7.30,7.27,7.28,0,0,0,0,0,0,0,0,0,0,0,0,0,0,0,0,0,0,0,0,0,0,0,0,0,2.77,2.77,2.77,2.77,2.78,2.79,2.80,2.80,2.79,2.78,2.77,2.77,2.77,0,0,0,0,0,0,0,0,0,0,0,10.27,10.27,10.26,10.25,10.24,10.24,10.23,10.22,10.21,10.20,10.19,10.19,10.18,0,0,0,0,0,0,0,0,0,0,0,0,0,0,0,0,0,0,0,0,0,0,0,0],
[0,0,0,0,0,0,0,0,0,0,0,0,0,0,0,0,0,0,0,0,0,0,0,0,0,0,0,0,7.15,7.13,7.10,7.10,7.17,0,0,0,0,0,0,0,0,0,0,0,0,0,0,0,0,0,0,0,0,0,0,0,0,0,0,2.77,2.77,2.77,2.77,2.77,2.78,2.79,2.79,2.78,2.78,2.77,2.77,2.77,0,0,0,0,0,0,0,0,0,0,0,0,10.27,10.26,10.25,10.25,10.24,10.23,10.22,10.21,10.20,10.20,10.19,10.18,0,0,0,0,0,0,0,0,0,0,0,0,0,0,0,0,0,0,0,0,0,0,0,0],
[0,0,0,0,0,0,0,0,0,0,0,0,0,0,0,0,0,0,0,0,0,0,0,0,0,0,0,0,0,7.13,7.13,7.13,7.13,0,0,0,0,0,0,0,0,0,0,0,0,0,0,0,0,0,0,0,0,0,0,0,0,0,0,2.77,2.77,2.77,2.77,2.77,2.77,2.78,2.78,2.77,2.77,2.77,0,0,0,0,0,0,0,0,0,0,0,0,0,0,10.27,10.26,10.26,10.25,10.24,10.23,10.22,10.21,10.21,10.20,10.19,10.18,10.18,0,0,0,0,0,0,0,0,0,0,0,0,0,0,0,0,0,0,0,0,0,0,0],
[0,0,0,0,0,0,0,0,0,0,0,0,0,0,0,0,0,0,0,0,0,0,0,0,0,0,0,0,0,7.16,7.16,7.15,7.15,0,0,0,0,0,0,0,0,0,0,0,0,0,0,0,0,0,0,0,0,0,0,0,0,0,0,0,2.77,2.77,2.77,2.77,2.77,2.77,2.77,2.77,2.77,0,0,0,0,0,0,0,0,0,0,0,0,0,0,0,10.27,10.26,10.26,10.25,10.24,10.23,10.22,10.22,10.21,10.20,10.19,10.18,0,0,0,0,0,0,0,0,0,0,0,0,0,0,0,0,0,0,0,0,0,0,0,0],
[0,0,0,0,0,0,0,0,0,0,0,0,0,0,0,0,0,0,0,0,0,0,0,0,0,0,0,0,0,7.18,7.18,7.18,7.18,0,0,0,0,0,0,0,0,0,0,0,0,0,0,0,0,0,0,0,0,0,0,0,0,0,0,0,0,2.77,2.77,2.77,2.77,2.75,2.74,0,0,0,0,0,0,0,0,0,0,0,0,0,0,0,0,0,10.27,10.26,10.25,10.25,10.24,10.23,10.22,10.21,10.21,10.20,10.19,10.18,0,0,0,0,0,0,0,0,0,0,0,0,0,0,0,0,0,0,0,0,0,0,0,0],
[0,0,0,0,0,0,0,0,0,0,0,0,0,0,0,0,0,0,0,0,0,0,0,0,0,0,0,0,0,7.21,7.21,7.21,7.21,0,0,0,0,0,0,0,0,0,0,0,0,0,0,0,0,0,0,0,0,0,0,0,0,0,0,0,0,2.68,2.66,2.64,2.62,2.60,2.58,0,0,0,0,0,0,0,0,0,0,0,0,0,0,0,0,0,10.27,10.26,10.25,10.24,10.23,10.23,10.22,10.21,10.20,10.19,10.19,10.18,0,0,0,0,0,0,0,0,0,0,0,0,0,0,0,0,0,0,0,0,0,0,0,0],
[0,0,0,0,0,0,0,0,0,0,0,0,0,0,0,0,0,0,0,0,0,0,0,0,0,0,0,0,0,7.24,7.24,7.24,7.24,0,0,0,0,0,0,0,0,0,0,0,0,0,0,0,0,0,0,0,0,0,0,0,0,0,0,0,0,2.54,2.52,2.50,2.47,2.43,2.43,2.43,0,0,0,0,0,0,0,0,0,0,0,0,0,0,0,0,10.27,10.26,10.25,10.24,10.23,10.22,10.21,10.21,10.20,10.19,10.18,0,0,0,0,0,0,0,0,0,0,0,0,0,0,0,0,0,0,0,0,0,0,0,0,0],
[0,0,0,0,0,0,0,0,0,0,0,0,0,0,0,0,0,0,0,0,0,0,0,0,0,7.12,7.19,7.22,7.26,7.27,7.27,7.24,7.15,0,0,0,0,0,0,0,0,0,0,0,0,0,0,0,0,0,0,0,0,0,0,0,0,0,0,0,2.43,2.43,2.46,2.46,2.46,2.46,2.46,2.44,2.43,2.43,0,0,0,0,0,0,0,0,0,0,0,0,0,0,10.27,10.26,10.25,10.24,10.23,10.22,10.21,10.20,10.20,10.19,10.18,0,0,0,0,0,0,0,0,0,0,0,0,0,0,0,0,0,0,0,0,0,0,0,0,0],
[0,0,0,0,0,0,0,0,0,0,0,0,0,0,0,0,0,0,0,0,0,0,0,0,0,6.99,7.05,7.10,7.11,7.08,7.06,7.02,6.95,0,0,0,0,0,0,0,0,0,0,0,0,0,0,0,0,0,0,0,0,0,0,0,0,0,0,2.43,2.43,2.48,2.52,2.54,2.54,2.54,2.54,2.51,2.48,2.45,2.43,2.43,0,0,0,0,0,0,0,0,0,0,0,10.27,10.27,10.26,10.25,10.24,10.22,10.22,10.21,10.20,10.19,10.18,0,0,0,0,0,0,0,0,0,0,0,0,0,0,0,0,0,0,0,0,0,0,0,0,0,0],
[0,0,0,0,0,0,0,0,0,0,0,0,0,0,0,0,0,0,0,0,0,0,0,0,6.78,6.85,6.89,6.89,6.86,6.83,6.81,6.80,6.76,6.71,0,0,0,0,0,0,0,0,0,0,0,0,0,0,0,0,0,0,0,0,0,0,0,0,2.43,2.46,2.52,2.53,2.57,2.61,2.62,2.62,2.61,2.58,2.55,2.52,2.49,2.46,2.43,0,0,0,0,0,0,0,0,0,0,10.27,10.26,10.25,10.24,10.23,10.22,10.21,10.20,10.20,10.19,10.18,0,0,0,0,0,0,0,0,0,0,0,0,0,0,0,0,0,0,0,0,0,0,0,0,0,0],
[0,0,0,0,0,0,0,0,0,0,0,0,0,0,0,0,0,0,0,0,0,0,0,0,6.64,6.69,6.67,6.64,6.65,6.66,6.67,6.66,6.58,6.51,0,0,0,0,0,0,0,0,0,0,0,0,0,0,0,0,0,0,0,0,0,0,0,2.43,2.48,2.55,2.61,2.60,2.63,2.67,2.69,2.69,2.69,2.66,2.63,2.60,2.56,2.51,2.44,2.43,0,0,0,0,0,0,0,0,0,10.27,10.26,10.25,10.24,10.23,10.22,10.21,10.20,10.19,10.18,10.18,0,0,0,0,0,0,0,0,0,0,0,0,0,0,0,0,0,0,0,0,0,0,0,0,0,0],
[0,0,0,0,0,0,0,0,0,0,0,0,0,0,0,0,0,0,0,0,0,0,0,6.49,6.51,6.52,6.54,6.55,6.57,6.57,6.55,6.47,6.39,6.32,0,0,0,0,0,0,0,0,0,0,0,0,0,0,0,0,0,0,0,0,0,0,0,2.43,2.49,2.63,2.69,2.66,2.70,2.73,2.76,2.77,2.77,2.77,2.70,2.67,2.64,2.56,2.49,2.43,0,0,0,0,0,0,0,0,0,10.27,10.26,10.25,10.24,10.23,10.22,10.21,10.20,10.19,10.18,0,0,0,0,0,0,0,0,0,0,0,0,0,0,0,0,0,0,0,0,0,0,0,0,0,0,0],
[0,0,0,0,0,0,0,0,0,0,0,0,0,0,0,0,0,0,0,0,0,0,0,6.40,6.42,6.44,6.45,6.47,6.47,6.42,6.35,6.27,6.25,6.24,0,0,0,0,0,0,0,0,0,0,0,0,0,0,0,0,0,0,0,0,0,0,0,2.44,2.51,2.66,2.78,2.74,2.77,2.80,2.83,2.85,2.85,2.88,2.77,2.74,2.68,2.61,2.54,2.47,2.43,0,0,0,0,0,0,0,0,10.27,10.26,10.25,10.24,10.23,10.22,10.21,10.20,10.19,10.18,0,0,0,0,0,0,0,0,0,0,0,0,0,0,0,0,0,0,0,0,0,0,0,0,0,0,0],
[0,0,0,0,0,0,0,0,0,0,0,0,0,0,0,0,0,0,0,0,0,0,0,6.31,6.33,6.35,6.37,6.34,6.28,6.25,6.24,6.22,6.19,6.19,0,0,0,0,0,0,0,0,4.43,4.43,4.44,4.43,4.43,4.43,4.43,0,0,0,0,0,0,0,2.43,2.46,2.53,2.64,2.85,2.82,2.83,2.85,2.85,2.85,2.92,2.97,2.84,2.79,2.73,2.66,2.59,2.52,2.44,0,0,0,0,0,0,0,0,10.27,10.26,10.25,10.24,10.23,10.22,10.21,10.20,10.19,10.18,0,0,0,0,0,0,0,0,0,0,0,0,0,0,0,0,0,0,0,0,0,0,0,0,0,0,0],
[0,0,0,0,0,0,0,0,0,0,0,0,0,0,0,0,0,0,0,0,0,0,0,6.22,6.25,6.26,6.21,6.21,6.21,6.19,6.18,6.16,6.14,6.14,0,0,0,0,0,0,4.43,4.43,4.44,4.46,4.46,4.45,4.45,4.44,4.43,4.43,0,0,0,0,0,0,2.43,2.48,2.56,2.63,2.83,2.87,2.86,0,0,0,0,3.00,2.91,2.85,2.80,2.70,2.57,2.51,2.44,0,0,0,0,0,0,0,0,10.27,10.26,10.25,10.25,10.24,10.23,10.21,10.20,10.19,10.18,0,0,0,0,0,0,0,0,0,0,0,0,0,0,0,0,0,0,0,0,0,0,0,0,0,0,0],
[0,0,0,0,0,0,0,0,0,0,0,0,0,0,0,0,0,0,0,0,0,0,0,6.13,6.17,6.17,6.17,6.16,6.14,6.13,6.11,6.10,6.09,6.08,0,0,0,0,0,0,4.48,4.46,4.48,4.48,4.48,4.47,4.46,4.45,4.44,4.44,4.43,4.21,3.81,3.41,3.01,2.62,2.43,2.51,2.58,2.65,2.80,2.89,2.89,0,0,0,0,3.01,3.00,2.87,2.74,2.64,2.58,2.51,2.44,0,0,0,0,0,0,0,0,0,10.27,10.26,10.25,10.24,10.23,10.22,10.20,10.19,10.18,0,0,0,0,0,0,0,0,0,0,0,0,0,0,0,0,0,0,0,0,0,0,0,0,0,0,0],
[0,0,0,0,0,0,0,0,0,0,0,0,0,0,0,0,0,0,0,0,0,0,0,6.10,6.13,6.13,6.11,6.10,6.09,6.08,6.07,6.06,6.06,6.05,6.03,0,0,0,0,4.57,4.55,4.51,4.50,4.50,4.49,4.48,4.47,4.46,4.46,4.45,4.44,4.29,4.00,3.57,3.13,2.68,2.48,2.55,2.61,2.68,2.78,2.91,2.91,0,0,0,0,2.92,2.91,2.78,2.71,2.65,2.58,2.51,2.44,2.43,0,0,0,0,0,0,0,0,10.27,10.26,10.25,10.24,10.23,10.22,10.21,10.20,10.19,10.18,0,0,0,0,0,0,0,0,0,0,0,0,0,0,0,0,0,0,0,0,0,0,0,0,0,0],
[0,0,0,0,0,0,0,0,0,0,0,0,0,0,0,0,0,0,0,0,0,0,0,0,6.10,6.10,6.09,6.08,6.07,6.07,6.06,6.05,6.04,6.03,5.99,0,0,0,0,4.60,4.60,4.54,4.52,4.52,4.52,4.52,4.52,4.52,4.52,4.52,4.52,4.42,4.03,3.60,3.17,2.76,2.54,2.57,2.63,2.69,2.75,2.92,3.00,0,0,0,0,2.85,2.84,2.78,2.71,2.64,2.57,2.51,2.44,2.43,0,0,0,0,0,0,0,0,10.27,10.27,10.26,10.25,10.23,10.22,10.21,10.20,10.19,10.18,0,0,0,0,0,0,0,0,0,0,0,0,10.27,10.27,10.27,0,0,0,0,0,0,0,0,0,0,0],
[0,0,0,0,0,0,0,0,0,0,0,0,0,0,0,0,0,0,0,0,0,0,0,0,6.10,6.10,6.10,6.10,6.10,6.09,6.08,6.06,6.04,6.02,5.96,5.77,5.41,5.05,4.63,4.60,4.63,4.61,4.54,4.52,4.52,4.52,4.52,4.52,4.52,4.52,4.52,4.47,4.01,3.58,3.19,2.80,2.53,2.54,2.60,2.66,2.71,2.79,2.93,0,0,0,0,2.88,2.82,2.76,2.69,2.63,2.57,2.51,2.44,2.43,0,0,0,0,0,0,0,0,0,10.27,10.26,10.25,10.24,10.23,10.22,10.21,10.20,10.18,10.18,0,0,0,0,0,0,0,0,0,10.27,10.27,10.27,10.27,10.27,10.27,10.27,0,0,0,0,0,0,0,0,0],
[0,0,0,0,0,0,0,0,0,0,0,0,0,0,0,0,0,0,0,0,0,0,0,0,0,6.10,6.10,6.10,6.10,6.09,6.07,6.05,6.03,6.00,5.92,5.67,5.31,4.77,4.68,4.61,4.61,4.67,4.60,4.51,4.50,4.50,4.52,4.52,4.52,4.52,4.52,4.52,4.05,3.60,3.21,2.83,2.53,2.52,2.57,2.62,2.66,2.75,2.83,2.85,2.85,3.02,2.93,2.91,2.82,2.73,2.67,2.61,2.55,2.48,2.43,0,0,0,0,0,0,0,0,0,0,10.27,10.27,10.26,10.24,10.23,10.22,10.21,10.20,10.19,10.18,0,0,0,0,0,0,0,0,10.27,10.27,10.27,10.27,10.27,10.27,10.27,10.27,10.27,0,0,0,0,0,0,0,0],
[0,0,0,0,0,0,0,0,0,0,0,0,0,0,0,0,0,0,0,0,0,0,0,0,0,0,0,0,0,0,6.06,6.05,6.02,5.98,5.79,5.56,5.20,4.80,4.70,4.63,4.57,4.59,4.64,4.54,4.51,4.49,4.48,4.47,4.49,4.51,4.52,4.52,4.12,3.59,3.23,2.86,2.52,2.49,2.53,2.57,2.62,2.71,2.78,2.81,2.82,2.92,2.90,2.84,2.79,2.73,2.64,2.58,2.51,2.45,2.43,0,0,0,0,0,0,0,0,0,0,0,10.27,10.26,10.25,10.24,10.23,10.22,10.21,10.20,10.18,10.18,0,0,0,0,0,0,10.27,10.27,10.27,10.27,10.27,10.27,10.27,10.27,10.27,10.27,0,0,0,0,0,0,0,0],
[0,0,0,0,0,0,0,0,0,0,0,0,0,0,0,0,0,0,0,0,0,0,0,0,0,0,0,0,0,0,6.05,6.04,6.02,5.85,5.65,5.45,5.09,4.78,4.72,4.65,4.57,4.55,4.57,4.58,4.51,4.50,4.49,4.48,4.46,4.45,4.47,4.50,4.30,3.93,3.17,2.81,2.43,2.44,2.49,2.53,2.57,2.66,2.71,2.74,2.75,2.75,2.84,2.77,2.72,2.68,2.63,2.54,2.48,2.43,0,0,0,0,0,0,0,0,0,0,0,0,10.27,10.27,10.26,10.24,10.23,10.22,10.21,10.20,10.19,10.18,0,0,0,0,10.27,10.27,10.27,10.27,10.27,10.27,10.27,10.27,10.27,10.27,10.27,10.27,0,0,0,0,0,0,0,0],
[0,0,0,0,0,0,0,0,0,0,0,0,0,0,0,0,0,0,0,0,0,0,0,0,0,0,0,0,0,0,0,6.02,5.92,5.72,5.52,5.32,4.87,4.80,4.73,4.67,4.60,4.55,4.53,4.55,4.52,4.49,4.48,4.47,4.46,4.45,4.44,4.43,0,0,0,0,0,2.43,2.44,2.49,2.53,2.61,2.64,2.66,2.67,2.67,2.71,2.69,2.65,2.60,2.56,2.52,2.45,2.43,0,0,0,0,0,0,0,0,0,0,0,0,0,10.27,10.26,10.25,10.24,10.23,10.22,10.21,10.20,10.19,10.19,10.22,10.24,10.27,10.27,10.27,10.27,10.27,10.27,10.27,10.27,10.27,10.27,10.27,10.27,10.27,0,0,0,0,0,0,0,0],
[0,0,0,0,0,0,0,0,0,0,0,0,0,0,0,0,0,0,0,0,0,0,0,0,0,0,0,0,0,0,0,0,0,5.58,5.39,5.19,4.88,4.82,4.75,4.68,4.61,4.54,4.53,4.51,4.54,4.48,4.47,4.47,4.46,4.45,4.44,4.43,0,0,0,0,0,0,2.43,2.44,2.49,2.54,2.57,2.59,2.60,2.59,2.59,2.61,2.57,2.53,2.49,2.44,2.43,0,0,0,0,0,0,0,0,0,0,0,0,0,0,10.27,10.27,10.26,10.24,10.23,10.22,10.21,10.21,10.20,10.21,10.23,10.26,10.27,10.27,10.27,10.27,10.27,10.27,10.27,10.27,10.27,10.27,10.27,10.27,10.27,0,0,0,0,0,0,0,0],
[0,0,0,0,0,0,0,0,0,0,0,0,0,0,0,0,0,0,0,0,0,0,0,0,0,0,0,0,0,0,0,0,0,0,5.25,5.05,4.90,4.83,4.76,4.70,4.63,4.56,4.52,4.51,4.49,4.51,4.46,4.46,4.45,4.44,4.44,4.43,0,0,0,0,0,0,0,2.43,2.44,2.47,2.49,2.52,2.52,2.52,2.52,2.51,2.50,2.46,2.43,2.43,0,0,0,0,0,0,0,0,0,0,0,0,0,0,0,0,10.27,10.26,10.25,10.24,10.23,10.22,10.21,10.20,10.22,10.25,10.27,10.27,10.27,10.27,10.27,10.27,10.27,10.27,10.27,10.27,10.27,10.27,10.27,10.27,0,0,0,0,0,0,0,0],
[0,0,0,0,0,0,0,0,0,0,0,0,0,0,0,0,0,0,0,0,0,0,0,0,0,0,0,0,0,0,0,0,0,0,0,4.93,4.89,4.83,4.77,4.71,4.65,4.58,4.52,4.50,4.48,4.47,4.45,4.44,4.44,4.43,4.43,0,0,0,0,0,0,0,0,0,2.43,2.43,2.43,2.45,2.44,2.44,2.44,2.44,2.43,2.43,0,0,0,0,0,0,0,0,0,0,0,0,0,0,0,0,0,0,10.27,10.27,10.26,10.25,10.24,10.23,10.22,10.22,10.24,10.27,10.27,10.27,10.27,10.27,10.27,10.27,10.27,10.27,10.27,10.27,10.27,10.27,10.27,10.27,0,0,0,0,0,0,0,0],
[0,0,0,0,0,0,0,0,0,0,0,0,0,0,0,0,0,0,0,0,0,0,0,0,0,0,0,0,0,0,0,0,0,0,0,0,0,0,0,0,0,4.57,4.52,4.50,4.48,4.46,4.45,4.43,4.43,4.43,0,0,0,0,0,0,0,0,0,0,0,0,0,2.43,2.43,0,0,0,0,0,0,0,0,0,0,0,0,0,0,0,0,0,0,0,0,0,0,0,0,10.27,10.26,10.25,10.24,10.23,10.22,10.24,10.26,10.27,10.27,10.27,10.27,10.27,10.27,10.27,10.27,10.27,10.27,10.27,10.27,10.27,10.27,10.27,0,0,0,0,0,0,0,0],
[0,0,0,0,0,0,0,0,0,0,0,0,0,0,0,0,0,0,0,0,0,0,0,0,0,0,0,0,0,0,0,0,0,0,0,0,0,0,0,0,0,0,0,0,0,0,0,4.43,0,0,0,0,0,0,0,0,0,0,0,0,0,0,0,0,0,0,0,0,0,0,0,0,0,0,0,0,0,0,0,0,0,0,0,0,0,0,0,0,0,10.27,10.27,10.26,10.25,10.24,10.23,10.25,10.27,10.27,10.27,10.27,10.27,10.27,10.27,10.27,10.27,10.27,10.27,10.27,10.27,10.27,10.27,10.27,10.27,10.27,10.27,0,0,0,0,0],
[0,0,0,0,0,0,0,0,0,0,0,0,0,0,0,0,0,0,0,0,0,0,0,0,0,0,0,0,0,0,0,0,0,0,0,0,0,0,0,0,0,0,0,0,0,0,0,0,0,0,0,0,0,0,0,0,0,0,0,0,0,0,0,0,0,0,0,0,0,0,0,0,0,0,0,0,0,0,0,0,0,0,0,0,0,0,0,0,0,0,10.27,10.27,10.26,10.25,10.25,10.27,10.27,10.27,10.27,10.27,10.27,10.27,10.27,10.27,10.27,10.27,10.27,10.27,10.27,10.27,10.27,10.27,10.27,10.27,10.27,10.27,0,0,0,0],
[0,0,0,0,0,0,0,0,0,0,0,0,0,0,0,0,0,0,0,0,0,0,0,0,0,0,0,0,0,0,0,0,0,0,0,0,0,0,0,0,0,0,0,0,0,0,0,0,0,0,0,0,0,0,0,0,0,0,0,0,0,0,0,0,0,0,0,0,0,0,0,0,0,0,0,0,0,0,0,0,0,0,0,0,0,0,0,0,0,0,0,10.27,10.26,10.25,10.26,10.27,10.27,10.27,10.27,10.27,10.27,10.27,10.27,10.27,10.27,10.27,10.27,10.27,10.27,10.27,10.27,10.27,10.27,10.27,10.27,10.27,0,0,0,0],
[0,0,0,0,0,0,0,0,0,0,0,0,0,0,0,0,0,0,0,0,0,0,0,0,0,0,0,0,0,0,0,0,0,0,0,0,0,0,0,0,0,0,0,0,0,0,0,0,0,0,0,0,0,0,0,0,0,0,0,0,0,0,0,0,0,0,0,0,0,0,0,0,0,0,0,0,0,0,0,0,0,0,0,0,0,0,0,0,0,0,0,10.27,10.27,10.26,10.27,10.27,10.27,10.27,10.27,10.27,10.27,10.27,10.27,10.27,10.27,10.27,10.27,10.27,10.27,10.27,10.27,10.27,10.27,10.27,10.27,10.27,0,0,0,0],
[0,0,0,0,0,0,0,0,0,0,0,0,0,0,0,0,0,0,0,0,0,0,0,0,0,0,0,0,0,0,0,0,0,0,0,0,0,0,0,0,0,0,0,0,0,0,0,0,0,0,0,0,0,0,0,0,0,0,0,0,0,0,0,0,0,0,0,0,0,0,0,0,0,0,0,0,0,0,0,0,0,0,0,0,0,0,0,0,0,0,0,0,10.27,10.27,10.27,10.27,10.27,10.27,10.27,10.27,10.27,10.27,10.27,10.27,10.27,10.27,10.27,10.27,10.27,10.27,10.27,10.27,10.27,10.27,10.27,0,0,0,0,0],
[0,0,0,0,0,0,0,0,0,0,0,0,0,0,0,0,0,0,0,0,0,0,0,0,0,0,0,0,0,0,0,0,0,0,0,0,0,0,0,0,0,0,0,0,0,0,0,0,0,0,0,0,0,0,0,0,0,0,0,0,0,0,0,0,0,0,0,0,0,0,0,0,0,0,0,0,0,0,0,0,0,0,0,0,0,0,0,0,0,0,0,0,0,10.27,10.27,10.27,10.27,10.27,10.27,10.27,10.27,10.27,10.27,10.27,10.27,10.27,10.27,10.27,10.27,10.27,10.27,10.27,10.27,10.27,10.27,0,0,0,0,0],
[0,0,0,0,0,0,0,0,0,0,0,0,0,0,0,0,0,0,0,0,0,0,0,0,0,0,0,0,0,0,0,0,0,0,0,0,0,0,0,0,0,0,0,0,0,0,0,0,0,0,0,0,0,0,0,0,0,0,0,0,0,0,0,0,0,0,0,0,0,0,0,0,0,0,0,0,0,0,0,0,0,0,0,0,0,0,0,0,0,0,0,0,0,0,0,10.27,10.27,10.27,10.27,10.27,10.27,10.27,10.27,10.27,10.27,10.27,10.27,10.27,10.27,10.27,10.27,10.27,10.27,10.27,0,0,0,0,0,0],
[0,0,0,0,0,0,0,0,0,0,0,0,0,0,0,0,0,0,0,0,0,0,0,0,0,0,0,0,0,0,0,0,0,0,0,0,0,0,0,0,0,0,0,0,0,0,0,0,0,0,0,0,0,0,0,0,0,0,0,0,0,0,0,0,0,0,0,0,0,0,0,0,0,0,0,0,0,0,0,0,0,0,0,0,0,0,0,0,0,0,0,0,0,0,0,0,10.27,10.27,10.27,10.27,10.27,10.27,10.27,10.27,10.27,10.27,10.27,10.27,10.27,10.27,10.27,10.27,0,0,0,0,0,0,0,0],
[0,0,0,0,0,0,0,0,0,0,0,0,0,0,0,0,0,0,0,0,0,0,0,0,0,0,0,0,0,0,0,0,0,0,0,0,0,0,0,0,0,0,0,0,0,0,0,0,0,0,0,0,0,0,0,0,0,0,0,0,0,0,0,0,0,0,0,0,0,0,0,0,0,0,0,0,0,0,0,0,0,0,0,0,0,0,0,0,0,0,0,0,0,0,0,0,0,0,10.27,0,0,0,0,0,0,10.27,10.27,10.27,10.27,10.27,10.27,0,0,0,0,0,0,0,0,0],
[0,0,0,0,0,0,0,0,0,0,0,0,0,0,0,0,0,0,0,0,0,0,0,0,0,0,0,0,0,0,0,0,0,0,0,0,0,0,0,0,0,0,0,0,0,0,0,0,0,0,0,0,0,0,0,0,0,0,0,0,0,0,0,0,0,0,0,0,0,0,0,0,0,0,0,0,0,0,0,0,0,0,0,0,0,0,0,0,0,0,0,0,0,0,0,0,0,0,0,0,0,0,0,0,0,0,10.27,10.27,0,0,0,0,0,0,0,0,0,0,0,0],
[0,0,0,0,0,0,0,0,0,0,0,0,0,0,0,0,0,0,0,0,0,0,0,0,0,0,0,0,0,0,0,0,0,0,0,0,0,0,0,0,0,0,0,0,0,0,0,0,0,0,0,0,0,0,0,0,0,0,0,0,0,0,0,0,0,0,0,0,0,0,0,0,0,0,0,0,0,0,0,0,0,0,0,0,0,0,0,0,0,0,0,0,0,0,0,0,0,0,0,0,0,0,0,0,0,0,0,0,0,0,0,0,0,0,0,0,0,0,0,0],
[0,0,0,0,0,0,0,0,0,0,0,0,0,0,0,0,0,0,0,0,0,0,0,0,0,0,0,0,0,0,0,0,0,0,0,0,0,0,0,0,0,0,0,0,0,0,0,0,0,0,0,0,0,0,0,0,0,0,0,0,0,0,0,0,0,0,0,0,0,0,0,0,0,0,0,0,0,0,0,0,0,0,0,0,0,0,0,0,0,0,0,0,0,0,0,0,0,0,0,0,0,0,0,0,0,0,0,0,0,0,0,0,0,0,0,0,0,0,0,0],
[0,0,0,0,0,0,0,0,0,0,0,0,0,0,0,0,0,0,0,0,0,0,0,0,0,0,0,0,0,0,0,0,0,0,0,0,0,0,0,0,0,0,0,0,0,0,0,0,0,0,0,0,0,0,0,0,0,0,0,0,0,0,0,0,0,0,0,0,0,0,0,0,0,0,0,0,0,0,0,0,0,0,0,0,0,0,0,0,0,0,0,0,0,0,0,0,0,0,0,0,0,0,0,0,0,0,0,0,0,0,0,0,0,0,0,0,0,0,0,0],
[0,0,0,0,0,0,0,0,0,0,0,0,0,0,0,0,0,0,0,0,0,0,0,0,0,0,0,0,0,0,0,0,0,0,0,0,0,0,0,0,0,0,0,0,0,0,0,0,0,0,0,0,0,0,0,0,0,0,0,0,0,0,0,0,0,0,0,0,0,0,0,0,0,0,0,0,0,0,0,0,0,0,0,0,0,0,0,0,0,0,0,0,0,0,0,0,0,0,0,0,0,0,0,0,0,0,0,0,0,0,0,0,0,0,0,0,0,0,0,0],
[0,0,0,0,0,0,0,0,0,0,0,0,0,0,0,0,0,0,0,0,0,0,0,0,0,0,0,0,0,0,0,0,0,0,0,0,0,0,0,0,0,0,0,0,0,0,0,0,0,0,0,0,0,0,0,0,0,0,0,0,0,0,0,0,0,0,0,0,0,0,0,0,0,0,0,0,0,0,0,0,0,0,0,0,0,0,0,0,0,0,0,0,0,0,0,0,0,0,0,0,0,0,0,0,0,0,0,0,0,0,0,0,0,0,0,0,0,0,0,0],
[0,0,0,0,0,0,0,0,0,0,0,0,0,0,0,0,0,0,0,0,0,0,0,0,0,0,0,0,0,0,0,0,0,0,0,0,0,0,0,0,0,0,0,0,0,0,0,0,0,0,0,0,0,0,0,0,0,0,0,0,0,0,0,0,0,0,0,0,0,0,0,0,0,0,0,0,0,0,0,0,0,0,0,0,0,0,0,0,0,0,0,0,0,0,0,0,0,0,0,0,0,0,0,0,0,0,0,0,0,0,0,0,0,0,0,0,0,0,0,0],
[0,0,0,0,0,0,0,0,0,0,0,0,0,0,0,0,0,0,0,0,0,0,0,0,0,0,0,0,0,0,0,0,0,0,0,0,0,0,0,0,0,0,0,0,0,0,0,0,0,0,0,0,0,0,0,0,0,0,0,0,0,0,0,0,0,0,0,0,0,0,0,0,0,0,0,0,0,0,0,0,0,0,0,0,0,0,0,0,0,0,0,0,0,0,0,0,0,0,0,0,0,0,0,0,0,0,0,0,0,0,0,0,0,0,0,0,0,0,0,0],
[0,0,0,0,0,0,0,0,0,0,0,0,0,0,0,0,0,0,0,0,0,0,0,0,0,0,0,0,0,0,0,0,0,0,0,0,0,0,0,0,0,0,0,0,0,0,0,0,0,0,0,0,0,0,0,0,0,0,0,0,0,0,0,0,0,0,0,0,0,0,0,0,0,0,0,0,0,0,0,0,0,0,0,0,0,0,0,0,0,0,0,0,0,0,0,0,0,0,0,0,0,0,0,0,0,0,0,0,0,0,0,0,0,0,0,0,0,0,0,0],
[0,0,0,0,0,0,0,0,0,0,0,0,0,0,0,0,0,0,0,0,0,0,0,0,0,0,0,0,0,0,0,0,0,0,0,0,0,0,0,0,0,0,0,0,0,0,0,0,0,0,0,0,0,0,0,0,0,0,0,0,0,0,0,0,0,0,0,0,0,0,0,0,0,0,0,0,0,0,0,0,0,0,0,0,0,0,0,0,0,0,0,0,0,0,0,0,0,0,0,0,0,0,0,0,0,0,0,0,0,0,0,0,0,0,0,0,0,0,0,0],
[0,0,0,0,0,0,0,0,0,0,0,0,0,0,0,0,0,0,0,0,0,0,0,0,0,0,0,0,0,0,0,0,0,0,0,0,0,0,0,0,0,0,0,0,0,0,0,0,0,0,0,0,0,0,0,0,0,0,0,0,0,0,0,0,0,0,0,0,0,0,0,0,0,0,0,0,0,0,0,0,0,0,0,0,0,0,0,0,0,0,0,0,0,0,0,0,0,0,0,0,0,0,0,0,0,0,0,0,0,0,0,0,0,0,0,0,0,0,0,0],
[0,0,0,0,0,0,0,0,0,0,0,0,0,0,0,0,0,0,0,0,0,0,0,0,0,0,0,0,0,0,0,0,0,0,0,0,0,0,0,0,0,0,0,0,0,0,0,0,0,0,0,0,0,0,0,0,0,0,0,0,0,0,0,0,0,0,0,0,0,0,0,0,0,0,0,0,0,0,0,0,0,0,0,0,0,0,0,0,0,0,0,0,0,0,0,0,0,0,0,0,0,0,0,0,0,0,0,0,0,0,0,0,0,0,0,0,0,0,0,0],
[0,0,0,0,0,0,0,0,0,0,0,0,0,0,0,0,0,0,0,0,0,0,0,0,0,0,0,0,0,0,0,0,0,0,0,0,0,0,0,0,0,0,0,0,0,0,0,0,0,0,0,0,0,0,0,0,0,0,0,0,0,0,0,0,0,0,0,0,0,0,0,0,0,0,0,0,0,0,0,0,0,0,0,0,0,0,0,0,0,0,0,0,0,0,0,0,0,0,0,0,0,0,0,0,0,0,0,0,0,0,0,0,0,0,0,0,0,0,0,0]]