[[79.15,0,0,0,0,0,0,0,0,0,0,0,0,0,0,0,0,0,0,0,0,0,0,0,0,0,0,0,0,0,0,0,0,0,0,0,0,0,0,0,0,0,0,0,0,0,0,0,0,0,0,0,0,0,0,0,0,0,0,0,0,0,0,0,0,0,0,0,0,0,0,0,0,0,0,0,0,0,0,0,0,0,0,0,0,0,0,0,0,0,0,0,0,0,94.13,94.09,94.13,0,0,0,0,0,0,0,0,0,0,0,0,0,0,0,0,0,0,0,0,0,0,0,0,0,0,0,0,0,0,0,0,0,0,0,0,0,0,0,0,0,0,0,0,0,0,0,0,0,0,0,0,0],
[0,0,0,0,0,0,0,0,0,0,0,0,0,0,0,0,0,0,0,0,0,0,0,0,0,0,0,0,0,0,0,0,0,0,0,0,0,0,0,0,0,0,0,0,0,0,0,0,0,0,0,0,0,0,0,0,0,0,0,0,0,0,0,0,0,0,0,0,0,0,0,0,0,0,0,0,0,0,0,0,0,0,0,0,0,0,0,0,0,0,0,0,0,0,94.21,94.16,94.19,0,0,0,0,0,0,0,0,0,0,0,0,0,0,0,0,0,0,0,0,0,0,0,0,0,0,0,0,0,0,0,0,0,0,0,0,0,0,0,0,0,0,0,0,0,0,0,0,0,0,0,0,0],
[0,0,0,0,0,0,0,0,0,0,0,0,0,0,0,0,0,0,0,0,0,0,0,0,0,0,0,0,0,0,0,0,0,0,0,0,0,0,0,0,0,0,0,0,0,0,0,0,0,0,0,0,0,0,0,0,0,0,0,0,0,0,0,0,0,0,0,0,0,0,0,0,0,0,0,0,0,0,0,0,0,0,0,0,0,0,0,0,0,0,0,0,0,0,94.28,94.23,94.25,0,0,0,0,0,0,0,0,0,0,0,0,0,0,0,0,0,0,0,0,0,0,0,0,0,0,0,0,0,0,0,0,0,0,0,0,0,0,0,0,0,0,0,0,0,0,0,0,0,0,0,0,0],
[0,0,0,0,0,0,0,0,0,0,0,0,0,0,0,0,0,0,0,0,0,0,0,0,0,0,0,0,0,0,0,0,0,0,0,0,0,0,0,0,0,0,0,0,0,0,0,0,0,0,0,0,0,0,0,0,0,0,0,0,0,0,0,0,0,0,0,0,0,0,0,0,0,0,0,0,0,0,0,0,0,0,0,0,0,0,0,0,0,0,0,0,0,0,94.35,94.30,94.31,0,0,0,0,0,0,0,0,0,0,0,0,0,0,0,0,0,0,0,0,0,0,0,0,0,0,0,0,0,0,0,0,0,0,0,0,0,0,0,0,0,0,0,0,0,0,0,0,0,0,0,0,0],
[0,0,0,0,0,0,0,0,0,0,0,0,0,0,0,0,0,0,0,0,0,0,0,0,0,0,0,0,0,0,0,0,0,0,0,0,0,0,0,0,0,0,0,0,0,0,0,0,0,0,0,0,0,0,0,0,0,0,0,0,0,0,0,0,0,0,0,0,0,0,0,0,0,0,0,0,0,0,0,0,0,0,0,0,0,0,0,0,0,0,0,0,0,0,94.42,94.37,94.37,0,0,0,0,0,0,0,0,0,0,0,0,0,0,0,0,0,0,0,0,0,0,0,0,0,0,0,0,0,0,0,0,0,0,0,0,0,0,0,0,0,0,0,0,0,0,0,0,0,0,0,0,0],
[78.69,0,0,0,0,0,0,0,0,0,0,0,0,0,0,0,0,0,0,0,0,0,0,0,0,0,0,0,0,0,0,0,0,0,0,0,0,0,0,0,0,0,0,0,0,0,0,0,0,0,0,0,0,0,0,0,0,0,0,0,0,0,0,0,0,0,0,0,0,0,0,0,0,0,95.91,0,0,0,0,0,0,0,0,0,0,0,0,0,0,0,0,0,0,0,94.49,94.43,94.43,0,0,0,0,0,0,0,0,0,0,0,0,0,0,0,0,0,0,0,0,0,0,0,0,0,0,0,0,0,0,0,0,0,0,0,0,0,0,0,0,0,0,0,0,0,0,0,0,0,0,0,0,0],
[78.60,0,0,0,0,0,0,0,0,0,0,0,0,0,0,0,0,0,0,0,0,0,0,0,0,0,0,0,0,0,0,0,0,0,0,0,0,0,0,0,0,0,0,0,0,0,0,0,0,0,0,0,0,0,0,0,0,0,0,0,0,0,0,0,0,0,0,0,0,0,0,0,0,95.91,95.91,95.91,95.91,0,0,0,0,0,0,0,0,0,0,0,0,0,0,0,0,0,94.56,94.50,94.49,0,0,0,0,0,0,0,0,0,0,0,0,0,0,0,0,0,0,0,0,0,0,0,0,0,0,0,0,0,0,0,0,0,0,0,0,0,0,0,0,0,0,0,0,0,0,0,0,0,0,0,0,0],
[78.51,0,0,0,0,0,0,0,0,0,0,0,0,0,0,0,0,0,0,0,0,0,0,0,0,0,0,0,0,0,0,0,0,0,0,0,0,0,0,0,0,0,0,0,0,0,0,0,0,0,0,0,0,0,0,0,0,0,0,0,0,0,0,0,0,0,0,0,0,0,0,0,95.91,95.91,95.91,95.91,95.91,95.91,95.91,95.91,95.91,95.91,95.91,95.91,0,0,0,0,0,0,0,0,0,0,94.63,94.57,94.55,0,0,0,0,0,0,0,0,0,0,0,0,0,0,0,0,0,0,0,0,0,0,0,0,0,0,0,0,0,0,0,0,0,0,0,0,0,0,0,0,0,0,0,0,0,0,0,0,0,0,0,0,0],
[78.42,0,0,0,0,0,0,0,0,0,0,0,0,0,0,0,0,0,0,0,0,0,0,0,0,0,0,0,0,0,0,0,0,0,0,0,0,0,0,0,0,0,0,0,0,0,0,0,0,0,0,0,0,0,0,0,0,0,0,0,0,0,0,0,0,0,0,0,0,0,0,0,95.91,95.91,95.91,95.91,95.91,95.91,95.91,95.91,95.91,95.91,95.91,95.91,0,0,0,0,0,0,0,0,0,0,94.69,94.63,94.62,0,0,0,0,0,0,0,0,0,0,0,0,0,0,0,0,0,0,0,0,0,0,0,0,0,0,0,0,0,0,0,0,0,0,0,0,0,0,0,0,0,0,0,0,0,0,0,0,0,0,0,0,0],
[78.33,0,0,0,0,0,0,0,0,0,0,0,0,0,0,0,0,0,0,0,0,0,0,0,0,0,0,0,0,0,0,0,0,0,0,0,0,0,0,0,0,0,0,0,0,0,0,0,0,0,0,0,0,0,0,0,0,0,0,0,0,0,0,0,0,0,0,0,0,0,0,95.91,95.91,95.91,95.91,95.91,95.91,95.91,95.91,95.91,95.91,95.91,95.91,95.91,0,0,0,0,0,0,0,0,0,94.75,94.74,94.69,94.68,0,0,0,0,0,0,0,0,0,0,0,0,0,0,0,0,0,0,0,0,0,0,0,0,0,0,0,0,0,0,0,0,0,0,0,0,0,0,0,0,0,0,0,0,0,0,0,0,0,0,0,0,0],
[78.24,0,0,0,0,0,0,0,0,0,0,0,0,0,0,0,0,0,0,0,0,0,0,0,0,0,0,0,0,0,0,0,0,0,0,0,0,0,0,0,0,0,0,0,0,0,0,0,0,0,0,0,0,0,0,0,0,0,0,0,0,0,0,0,0,0,0,0,0,95.91,95.91,95.91,95.91,95.91,95.91,95.91,95.91,95.91,95.91,95.91,95.91,95.91,95.91,95.91,95.91,95.91,0,0,0,0,0,0,0,94.81,94.80,94.75,94.75,0,0,0,0,0,0,0,0,0,0,0,0,0,0,50.66,0,0,0,0,0,0,0,0,0,0,0,0,0,0,0,0,0,0,0,0,0,0,0,0,0,0,0,0,0,0,0,0,0,0,0,0,0,0],
[78.15,0,0,0,0,0,0,0,0,0,0,0,0,0,0,0,0,0,0,0,0,0,0,0,0,0,0,0,0,0,0,0,0,0,0,0,0,0,0,0,0,0,0,0,0,0,0,0,0,0,0,0,0,0,0,0,0,0,0,0,0,0,0,0,0,0,0,95.91,95.91,95.91,95.91,95.91,95.91,95.91,95.91,95.91,95.91,95.91,95.91,95.91,95.91,95.91,95.91,95.91,95.91,95.91,95.91,0,0,0,0,0,0,94.86,94.85,94.82,94.82,0,0,0,0,0,0,0,0,0,0,0,50.66,50.66,50.66,50.66,50.66,50.66,50.66,0,0,0,0,0,0,0,0,0,0,0,0,0,0,0,0,0,0,0,0,0,0,0,0,0,0,0,0,0,0,0,0,0,0,0],
[78.06,0,0,0,0,0,0,0,0,0,0,0,0,0,0,0,0,0,0,0,0,0,0,0,0,0,0,0,0,0,0,0,0,0,0,0,0,0,0,0,0,0,0,0,0,0,0,0,0,0,0,0,0,0,0,0,0,0,0,0,0,0,0,0,0,0,95.91,95.91,95.91,95.91,95.91,95.91,95.91,95.91,95.91,95.91,95.91,95.91,95.91,95.91,95.91,95.91,95.91,95.91,95.91,95.91,95.91,95.91,0,0,0,0,0,94.92,94.90,94.89,94.88,0,0,0,0,0,0,0,50.66,50.66,50.66,50.66,50.66,50.66,50.66,50.66,50.66,50.66,50.66,50.66,50.66,50.66,0,0,0,0,0,0,0,0,0,0,0,0,0,0,0,0,0,0,0,0,0,0,0,0,0,0,0,0,0,0,0,0],
[77.97,0,0,0,0,0,0,0,0,0,0,0,0,0,0,0,0,0,0,0,0,0,0,0,0,0,0,0,0,0,0,0,0,0,0,0,0,0,0,0,0,0,0,0,0,0,0,0,0,0,0,0,0,0,0,0,0,0,0,0,0,0,0,0,0,95.91,95.91,95.91,95.91,95.91,95.91,95.91,95.91,95.91,95.91,95.91,95.91,95.91,95.91,95.91,95.91,95.91,95.91,95.91,95.91,95.91,95.91,95.91,0,0,0,0,0,95.04,94.96,94.95,94.95,0,0,0,50.66,50.66,50.66,50.66,50.66,50.66,50.66,50.66,50.66,50.66,50.66,50.66,50.66,50.66,50.66,50.66,50.66,50.66,50.66,50.66,0,0,0,0,0,0,0,0,0,0,0,0,0,0,0,0,0,0,0,0,0,0,0,0,0,0,0,0,0,0],
[77.88,77.87,0,0,0,0,0,0,0,0,0,0,0,0,0,0,0,0,0,0,0,0,0,0,0,0,0,0,0,0,0,0,0,0,0,0,0,0,0,0,0,0,0,0,0,0,0,0,0,0,0,0,0,0,0,0,0,0,0,0,0,0,0,0,0,95.91,95.91,95.91,95.91,95.91,95.91,95.91,95.91,95.91,95.91,95.91,95.91,95.91,95.91,95.91,95.91,95.91,95.91,95.91,95.91,95.91,95.91,95.91,0,0,0,0,95.24,95.13,95.05,95.02,95.02,0,0,0,50.66,50.66,50.66,50.66,50.66,50.66,50.66,50.66,50.66,50.66,50.66,50.66,50.66,50.66,50.66,50.66,50.66,50.66,50.66,50.66,0,0,0,0,0,0,0,0,0,0,0,0,0,0,0,0,0,0,0,0,0,0,0,0,0,0,0,0,0,0],
[77.79,77.78,0,0,0,0,0,0,0,0,0,0,0,0,0,0,0,0,0,0,0,0,0,0,0,0,0,0,0,0,0,0,0,0,0,0,0,0,0,0,0,0,0,0,0,0,0,0,0,0,0,0,0,0,0,0,0,0,0,0,0,0,0,0,0,95.91,95.91,95.91,95.91,95.91,95.91,95.91,95.91,95.91,95.91,95.91,95.91,95.91,95.91,95.91,95.91,95.91,95.91,95.91,95.91,95.91,95.91,95.91,0,0,95.55,95.44,95.34,95.26,95.18,95.09,0,0,0,50.66,50.66,50.66,50.66,50.66,50.66,50.66,50.66,50.66,50.66,50.66,50.66,50.66,50.66,50.66,50.66,50.66,50.66,50.66,50.66,50.66,50.66,0,0,0,0,0,0,0,0,0,0,0,0,0,0,0,0,0,0,0,0,0,0,0,0,0,0,0,0,0],
[77.70,77.69,0,0,0,0,0,0,0,0,0,0,0,0,0,0,0,0,0,0,0,0,0,0,0,0,0,0,0,0,0,0,0,0,0,0,0,0,0,0,0,0,0,0,0,0,0,0,0,0,0,0,0,0,0,0,0,0,0,0,0,0,0,0,95.91,95.91,95.91,95.91,95.91,95.91,95.91,95.91,95.91,95.91,95.91,95.91,95.91,95.91,95.91,95.91,95.91,95.91,95.91,95.91,95.91,95.91,95.91,95.91,95.91,95.75,95.64,95.55,95.46,95.35,95.25,95.15,0,0,0,50.66,50.66,50.66,50.66,50.66,50.66,50.66,50.66,50.66,50.66,50.66,50.66,50.66,50.66,50.66,50.66,50.66,50.66,50.66,50.66,50.66,50.66,0,0,0,0,0,0,0,0,0,0,0,0,0,0,0,0,0,0,0,0,0,0,0,0,0,0,0,0,0],
[77.61,77.60,0,0,0,0,0,0,0,0,0,0,0,0,0,0,0,0,0,0,0,0,0,0,0,0,0,0,0,0,0,0,0,0,0,0,0,0,0,0,0,0,0,0,0,0,0,0,0,0,0,0,0,0,0,0,0,0,0,0,0,0,0,0,95.91,95.91,95.91,95.91,95.91,95.91,95.91,95.91,95.91,95.91,95.91,95.91,95.91,95.91,95.91,95.91,95.91,95.91,95.91,95.91,95.91,95.91,95.91,95.91,95.91,95.83,95.72,95.61,95.50,95.41,0,0,0,0,0,50.66,50.66,50.66,50.66,50.66,50.66,50.66,50.66,50.66,50.66,50.66,50.66,50.66,50.66,50.66,50.66,50.66,50.66,50.66,50.66,50.66,50.66,0,0,0,0,0,0,0,0,0,0,0,0,0,0,0,0,0,0,0,0,0,0,0,0,0,0,0,0,0],
[77.51,77.51,0,0,0,0,0,0,0,0,0,0,0,0,0,0,0,0,0,0,0,0,0,0,0,0,0,0,0,0,0,0,0,0,0,0,0,0,0,0,0,0,0,0,0,0,0,0,0,0,0,0,0,0,0,0,0,0,0,0,0,0,0,0,95.91,95.91,95.91,95.91,95.91,95.91,95.91,95.91,95.91,95.91,95.91,95.91,95.91,95.91,95.91,95.91,95.91,95.91,95.91,95.91,95.91,95.91,95.91,95.91,95.91,95.87,95.76,95.66,95.57,0,0,0,0,0,0,50.66,50.66,50.66,50.66,50.66,50.66,50.66,50.66,50.66,50.66,50.66,50.66,50.66,50.66,50.66,50.66,50.66,50.66,50.66,50.66,50.66,0,0,0,0,0,0,0,0,0,0,0,0,0,0,0,0,0,0,0,0,0,0,0,0,0,0,0,0,0,0],
[77.43,77.42,0,0,0,0,0,0,0,0,0,0,0,0,0,0,0,0,0,0,0,0,0,0,0,0,0,0,0,0,0,0,0,0,0,0,0,0,0,0,0,0,0,0,0,0,100.82,100.82,100.82,100.82,100.82,100.82,100.82,0,0,0,0,0,0,0,0,0,97.24,96.62,96.03,95.91,95.91,95.91,95.91,95.91,95.91,95.91,95.91,95.91,95.91,95.91,95.91,95.91,95.91,95.91,95.91,95.91,95.91,95.91,95.91,95.91,95.91,95.91,95.91,95.91,95.82,95.73,0,0,0,0,0,0,0,50.66,50.66,50.66,50.66,50.66,50.66,50.66,50.66,50.66,50.66,50.66,50.66,50.66,50.66,50.66,50.66,50.66,50.66,50.66,50.66,0,0,0,0,0,0,0,0,0,0,0,0,0,0,0,0,0,0,0,0,0,0,0,0,0,0,0,0,0,0,0],
[77.34,77.33,0,0,0,0,0,0,0,0,0,0,0,0,0,0,0,0,0,0,0,0,0,0,0,0,0,0,0,0,0,0,0,0,0,0,0,0,0,0,0,0,0,0,0,100.82,100.82,100.82,100.82,100.82,100.82,100.82,100.82,100.82,0,0,0,0,0,99.15,98.60,98.04,97.44,96.82,96.14,95.91,95.91,95.91,95.91,95.91,95.91,95.91,95.91,95.91,95.91,95.91,95.91,95.91,95.91,95.91,95.91,95.91,95.91,95.91,95.91,95.91,95.91,95.91,95.91,95.91,0,0,0,0,0,0,0,0,0,0,50.66,50.66,50.66,50.66,50.66,50.66,50.66,50.66,50.66,50.66,50.66,50.66,50.66,50.66,50.66,50.66,50.66,50.66,0,0,0,0,0,0,0,0,0,0,0,0,0,0,0,0,0,0,0,0,0,0,0,0,0,0,0,0,0,0,0,0],
[77.25,77.24,0,0,0,0,0,0,0,0,0,0,0,0,0,0,0,0,0,0,0,0,0,0,0,0,0,0,0,0,0,0,0,0,0,0,0,0,0,0,0,0,0,0,0,100.82,100.82,100.82,100.82,100.82,100.82,100.82,100.82,100.82,100.82,100.84,100.90,100.44,99.89,99.33,98.75,98.15,97.55,96.97,96.24,95.92,95.91,95.91,95.91,95.91,95.91,95.91,95.91,95.91,95.91,95.91,95.91,95.91,95.91,95.91,95.91,95.91,95.91,95.91,95.91,95.91,95.91,95.91,95.91,0,0,0,0,0,0,0,0,0,0,0,50.66,50.66,50.66,50.66,50.66,50.66,50.66,50.66,50.66,50.66,50.66,50.66,50.66,50.66,50.66,50.66,50.66,0,0,0,0,0,0,0,0,0,0,0,0,0,0,0,0,0,0,0,0,0,0,0,0,0,0,0,0,0,0,0,0,0],
[77.17,77.15,77.14,0,0,0,0,0,0,0,0,0,0,0,0,0,0,0,0,0,0,0,0,0,0,0,0,0,0,0,0,0,0,0,0,0,0,0,0,0,0,0,0,0,100.82,100.82,100.82,100.82,100.82,100.82,100.82,100.82,100.82,100.82,100.82,100.82,100.86,100.62,100.01,99.42,98.82,98.22,97.61,97.05,96.27,95.96,95.91,95.91,95.91,95.91,95.91,95.91,95.91,95.91,95.91,95.91,95.91,95.91,95.91,95.91,95.91,95.91,95.91,95.91,95.91,95.91,95.91,95.91,0,0,0,0,0,0,0,0,0,0,0,50.66,50.66,50.66,50.66,50.66,50.66,50.66,50.66,50.66,50.66,0,0,50.66,50.66,50.66,50.66,50.66,50.66,50.66,0,50.66,50.66,50.66,50.66,0,0,0,0,0,0,0,0,0,0,0,0,0,0,0,0,0,0,0,0,0,0,0,0,0,0,0],
[77.08,77.06,77.05,0,0,0,0,0,0,0,0,0,0,0,0,0,0,0,0,0,0,0,0,0,0,0,0,0,0,0,0,0,0,0,0,0,0,0,0,0,0,100.82,100.82,100.82,100.82,100.82,100.82,100.82,100.82,100.82,100.82,100.82,100.82,100.82,100.82,100.82,100.82,100.81,100.14,99.52,98.95,98.37,97.79,97.20,96.62,95.93,95.91,95.91,95.91,95.91,95.91,95.91,95.91,95.91,95.91,95.91,95.91,95.91,95.91,95.91,95.91,95.91,95.91,95.91,95.91,95.91,95.91,0,0,0,0,0,0,0,0,0,0,0,0,50.66,50.66,50.66,50.66,50.66,50.66,50.66,50.66,50.66,50.66,0,0,0,50.66,50.66,50.66,50.66,50.66,50.66,50.66,50.66,50.66,50.66,50.66,0,0,0,0,0,0,0,0,0,0,0,0,0,0,0,0,0,0,0,0,0,0,0,0,0,0,0],
[76.99,76.96,76.96,0,0,0,0,0,0,0,0,0,0,0,0,0,0,0,0,0,0,0,0,0,100.82,100.82,100.82,0,0,0,0,0,0,0,0,0,100.82,100.82,100.82,100.82,100.82,100.82,100.82,100.82,100.82,100.82,100.82,100.82,100.82,100.82,100.82,100.82,100.82,100.82,100.82,100.82,100.82,100.82,100.33,99.72,99.15,98.56,97.98,97.39,96.80,96.16,95.91,95.91,95.91,95.91,95.91,95.91,95.91,95.91,95.91,95.91,95.91,95.91,95.91,95.91,95.91,95.91,95.91,95.91,95.91,95.91,0,0,0,0,0,0,0,0,0,0,0,0,50.93,50.71,50.66,50.66,50.66,50.66,50.66,50.66,50.66,50.66,50.66,0,0,0,50.66,50.66,50.66,50.66,50.66,50.66,50.66,50.66,50.66,50.66,50.66,0,0,0,0,0,0,0,0,0,0,0,0,0,0,0,0,0,0,0,0,0,0,0,0,0,0,0],
[76.90,76.88,76.87,0,0,0,0,0,0,0,0,0,0,0,0,0,0,0,0,0,0,0,100.82,100.82,100.82,100.82,100.82,100.82,100.82,100.82,100.82,100.82,100.82,100.82,100.82,100.82,100.82,100.82,100.82,100.82,100.82,100.82,100.82,100.82,100.82,100.82,100.82,100.82,100.82,100.82,100.82,100.82,100.82,100.82,100.82,100.82,100.82,100.82,100.52,99.92,99.33,98.73,98.14,0,0,0,95.91,95.91,95.91,95.91,95.91,95.91,95.91,95.91,95.91,95.91,95.91,95.91,95.91,95.91,95.91,95.91,95.91,95.91,95.91,0,0,0,0,0,0,0,0,0,0,0,51.59,51.34,51.09,50.81,50.66,50.66,50.66,50.66,50.66,50.66,50.66,50.66,50.66,50.66,50.66,50.66,50.66,50.66,50.66,50.66,50.66,50.66,50.66,50.66,50.66,50.66,50.66,50.66,0,0,0,0,0,0,0,0,0,0,0,0,0,0,0,0,0,0,0,0,0,0,0,0,0,0],
[76.81,76.79,76.78,0,0,0,0,0,0,0,0,0,0,0,0,0,0,0,0,0,0,100.82,100.82,100.82,100.82,100.82,100.82,100.82,100.82,100.82,100.82,100.82,100.82,100.82,100.82,100.82,100.82,100.82,100.82,100.82,100.82,100.82,100.82,100.82,100.82,100.82,100.82,100.82,100.82,100.82,100.82,100.82,100.82,100.82,100.82,100.82,100.82,100.82,100.59,100.08,0,0,0,0,0,0,0,95.91,95.91,95.91,95.91,95.91,95.91,95.91,95.91,95.91,95.91,95.91,95.91,95.91,95.91,95.91,95.91,95.91,95.91,0,0,0,0,0,0,0,0,0,0,52.01,51.75,51.50,51.25,51.01,0,50.66,50.66,50.66,50.66,50.66,50.66,50.66,50.66,50.66,50.66,50.66,50.66,50.66,50.66,50.66,50.66,50.66,50.66,50.66,50.66,50.66,50.66,50.66,0,0,0,0,0,0,0,0,0,0,0,0,0,0,0,0,0,0,0,0,0,0,0,0,0,0],
[76.72,76.70,76.68,0,0,0,0,0,0,0,0,0,0,0,0,0,0,0,0,0,0,100.82,100.82,100.82,100.82,100.82,100.82,100.82,100.82,100.82,100.82,100.82,100.82,100.82,100.82,100.82,100.82,100.82,100.82,100.82,100.82,100.82,100.82,100.82,100.82,100.82,100.82,100.82,100.82,100.82,100.82,100.82,100.82,100.82,100.82,100.82,100.82,0,0,0,0,0,0,0,0,0,0,0,95.91,95.91,95.91,95.91,95.91,95.91,95.91,95.91,95.91,95.91,95.91,95.91,95.91,95.91,95.91,95.91,95.91,0,0,0,0,0,0,0,0,52.67,52.42,52.17,51.92,51.67,51.42,0,0,0,50.66,50.66,50.66,50.66,50.66,50.66,50.66,50.66,50.66,50.66,50.66,50.66,50.66,50.66,50.66,50.66,50.66,50.66,50.66,50.66,50.66,50.66,0,0,0,0,0,0,0,0,0,0,0,0,0,0,0,0,0,0,0,0,0,0,0,0,0,0],
[76.63,76.62,76.59,0,0,0,0,0,0,0,0,0,0,0,0,0,0,0,0,0,0,100.82,100.82,100.82,100.82,100.82,100.82,100.82,100.82,100.82,100.82,100.82,100.82,100.82,100.82,100.82,100.82,100.82,100.82,100.82,100.82,100.82,100.82,100.82,100.82,100.82,100.82,100.82,100.82,100.82,100.82,100.82,100.82,100.82,100.82,0,0,0,0,0,0,0,0,0,0,0,0,0,0,0,95.91,95.91,95.91,95.91,95.91,95.91,95.91,95.91,95.91,95.91,95.91,95.91,95.91,95.91,0,0,0,0,0,0,0,53.34,53.08,52.83,52.58,52.33,52.09,0,0,0,0,0,0,50.66,50.66,50.66,50.66,50.66,50.66,50.66,50.66,50.66,50.66,50.66,50.66,50.66,50.66,50.66,50.66,50.66,50.66,50.66,50.66,0,0,0,0,0,0,0,0,0,0,0,0,0,0,0,0,0,0,0,0,0,0,0,0,0,0,0],
[76.54,76.53,76.50,0,0,0,0,0,0,0,0,0,0,0,0,0,0,0,0,0,100.82,100.82,100.82,100.82,100.82,100.82,100.82,100.82,100.82,100.82,100.82,100.82,100.82,100.82,100.82,100.82,100.82,100.82,100.82,100.82,100.82,100.82,0,100.82,100.82,100.82,100.82,100.82,100.82,100.82,100.82,100.82,100.82,100.82,0,0,0,0,0,0,0,0,0,0,0,0,0,0,0,0,0,0,0,95.91,95.91,95.91,95.91,95.91,95.91,95.91,95.91,95.91,0,0,0,0,0,0,0,0,53.75,53.50,53.25,53.00,52.75,52.50,0,0,0,0,0,0,0,50.66,50.66,50.66,50.66,50.66,50.66,50.66,50.66,50.66,50.66,50.66,50.66,50.66,50.66,50.66,50.66,50.66,50.66,0,0,0,0,0,0,0,0,0,0,0,0,0,0,0,0,0,0,0,0,0,0,0,0,0,0,0,0,0],
[0,76.41,76.35,76.27,0,0,0,0,0,0,0,0,0,0,0,0,0,0,0,0,0,100.82,100.82,100.82,100.82,100.82,100.82,100.82,100.82,100.82,100.82,100.82,100.82,100.82,100.82,100.82,100.82,0,0,0,0,0,0,0,0,0,0,0,100.82,100.82,100.82,100.82,100.82,0,0,0,0,0,0,0,0,0,0,0,0,0,0,0,0,0,0,0,0,0,0,0,95.91,95.91,95.91,95.91,95.91,0,0,0,0,0,0,0,54.42,54.16,53.91,53.66,53.41,53.17,0,0,0,0,0,0,0,0,50.73,50.66,50.66,50.66,50.66,50.66,50.66,50.66,50.66,50.66,50.66,50.66,50.66,50.66,50.66,50.66,50.66,50.66,0,0,0,0,0,0,0,0,0,0,0,0,0,0,0,0,0,0,0,0,0,0,0,0,0,0,0,0,0,0],
[0,76.29,76.19,76.13,76.05,0,0,0,0,0,0,0,0,0,0,0,0,0,0,0,0,100.82,100.82,100.82,100.82,100.82,100.82,100.82,100.82,100.82,100.82,100.82,100.82,0,0,0,0,0,0,0,0,0,0,0,0,0,0,0,0,0,0,0,0,0,0,0,0,0,0,0,0,0,0,0,0,0,0,0,0,0,0,0,0,0,0,0,0,0,0,0,0,0,0,0,0,0,55.06,54.83,54.58,54.33,54.08,53.83,53.58,0,0,0,0,0,0,0,0,50.92,50.82,50.77,50.70,50.66,50.66,50.66,50.66,50.66,50.66,50.66,50.66,50.66,50.66,50.66,50.66,50.66,50.66,0,0,0,0,0,0,0,0,0,0,0,0,0,0,0,0,0,0,0,0,0,0,0,0,0,0,0,0,0,0,0],
[0,0,76.06,75.97,75.92,75.82,0,0,0,0,0,0,0,0,0,0,0,0,0,0,0,100.82,100.82,100.82,100.82,100.82,100.82,100.82,100.82,100.82,0,0,0,0,0,0,0,0,0,0,0,0,0,0,0,0,0,0,0,0,0,0,0,0,0,0,0,0,0,0,0,0,0,0,0,0,0,0,0,0,0,0,0,0,0,0,0,0,0,0,0,0,0,0,0,55.46,55.23,54.99,54.74,54.49,54.25,0,0,0,0,0,0,0,0,0,51.08,51.02,50.96,50.91,50.85,50.79,50.72,50.66,50.66,50.66,50.66,50.66,50.66,50.66,50.66,50.66,50.66,50.66,0,0,0,0,0,0,0,0,0,0,0,0,0,0,0,0,0,0,0,0,0,0,0,0,0,0,0,0,0,0,0,0],
[0,0,0,75.84,75.76,75.70,75.60,0,0,0,0,0,0,0,0,0,0,0,0,0,0,0,100.82,100.82,100.82,100.82,100.82,100.82,100.82,0,0,0,0,0,0,0,0,0,0,0,0,0,0,0,0,0,0,0,0,0,0,0,0,0,0,0,0,0,0,0,0,0,0,0,0,0,0,0,0,0,0,0,0,0,0,0,0,0,0,0,0,0,0,0,55.87,55.63,55.41,55.16,54.91,54.66,0,0,0,0,0,0,0,0,0,0,51.26,51.19,51.12,51.05,50.99,50.93,50.87,50.80,50.74,50.66,50.66,50.66,50.66,50.66,50.66,50.66,50.66,0,0,0,0,0,0,0,0,0,0,0,0,0,0,0,0,0,0,0,0,0,0,0,0,0,0,0,0,0,0,0,0,0],
[0,0,0,0,75.62,75.54,75.47,75.37,0,0,0,0,0,0,0,0,0,0,0,0,0,0,100.82,100.82,100.82,100.82,100.82,100.82,0,0,0,0,0,0,0,0,0,0,0,0,0,0,0,0,0,0,0,0,0,0,0,0,0,0,0,0,0,0,0,0,0,0,0,0,0,0,0,0,0,0,0,0,0,0,0,0,0,0,0,0,0,0,56.50,56.27,56.04,55.82,55.58,55.33,0,0,0,0,0,0,0,0,0,0,0,0,51.21,51.26,51.29,51.21,51.13,51.08,51.02,50.95,50.87,0,0,0,0,0,0,0,0,0,0,0,0,0,0,0,0,0,0,0,0,0,0,0,0,0,0,0,0,0,0,0,0,0,0,0,0,0,0,0,0,0],
[0,0,0,0,0,75.39,75.33,75.25,0,0,0,0,0,0,0,0,0,0,0,0,0,0,0,0,100.82,100.82,100.82,0,0,0,0,0,0,0,0,0,0,0,0,0,0,0,0,0,0,0,0,0,0,0,0,0,0,0,0,0,0,0,0,0,0,0,0,0,0,0,0,0,0,0,0,0,0,0,0,0,0,0,0,0,57.06,56.84,56.63,56.42,56.21,55.99,55.74,0,0,0,0,0,0,0,0,0,0,0,0,50.97,51.03,51.08,51.13,51.19,51.24,51.23,51.16,51.09,51.00,0,0,0,0,0,0,0,0,0,0,0,0,0,0,0,0,0,0,0,0,0,0,0,0,0,0,0,0,0,0,0,0,0,0,0,0,0,0,0,0,0],
[0,0,0,0,0,75.27,75.17,75.11,75.03,0,0,0,0,0,0,0,0,0,0,0,0,0,0,0,0,0,0,0,0,0,0,0,0,0,0,0,0,0,0,0,0,0,0,0,0,0,0,0,0,0,0,0,0,0,0,0,0,0,0,0,0,0,0,0,0,0,0,0,0,0,0,0,0,0,0,0,0,0,0,57.41,57.19,56.99,56.78,56.57,56.35,0,0,0,0,0,0,0,0,0,0,0,0,0,0,50.79,50.85,50.90,50.95,51.00,51.06,51.11,51.18,51.22,0,0,0,0,0,0,0,0,0,0,0,0,0,0,0,0,0,0,0,0,0,0,0,0,0,0,0,0,0,0,0,0,0,0,0,0,0,0,0,0,0,0],
[0,0,0,0,0,0,75.05,74.95,74.89,74.80,0,0,0,0,0,0,0,0,0,0,0,0,0,0,0,0,0,0,0,0,0,0,0,0,0,0,0,0,0,0,0,0,0,0,0,0,0,0,0,0,0,0,0,0,0,0,0,0,0,0,0,0,0,0,0,0,0,0,0,0,0,0,0,0,0,0,0,57.97,57.75,57.55,57.36,57.15,56.92,56.70,0,0,0,0,0,0,0,0,0,0,0,0,0,0,0,50.61,50.66,50.72,50.78,50.84,50.91,50.98,51.04,0,0,0,0,0,0,0,0,0,0,0,0,0,0,0,0,0,0,0,0,0,0,0,0,0,0,0,0,0,0,0,0,0,0,0,0,0,0,0,0,0,0,0],
[0,0,0,0,0,0,0,74.82,74.73,74.67,74.58,0,0,0,0,0,0,0,0,0,0,0,0,0,0,0,0,0,0,0,0,0,0,0,0,0,0,0,0,0,0,0,0,0,0,0,0,0,0,0,0,0,0,0,0,0,0,0,0,0,0,0,0,0,0,0,0,0,0,0,0,0,0,0,0,58.53,58.31,58.11,57.92,57.72,57.49,57.27,0,0,0,0,0,0,0,0,0,0,0,0,0,0,0,0,50.39,50.45,50.51,50.58,50.65,50.72,50.78,50.85,50.91,0,0,0,0,0,0,0,0,0,0,0,0,0,0,0,0,0,0,0,0,0,0,0,0,0,0,0,0,0,0,0,0,0,0,0,0,0,0,0,0,0,0,0],
[0,0,0,0,0,0,0,0,74.60,74.52,74.45,74.35,0,0,0,0,0,0,0,0,0,0,0,0,0,0,0,0,0,0,0,0,0,0,0,0,0,0,0,0,0,0,0,0,0,0,0,0,0,0,0,0,0,0,0,0,0,0,0,0,0,0,0,0,0,0,0,0,0,0,0,0,0,0,58.88,58.66,58.48,58.29,58.07,57.84,0,0,0,0,0,0,0,0,0,0,0,0,0,0,0,0,0,0,50.27,50.34,50.41,50.46,50.52,50.59,50.65,50.72,0,0,0,0,0,0,0,0,0,0,0,0,0,0,0,0,0,0,0,0,0,0,0,0,0,0,0,0,0,0,0,0,0,0,0,0,0,0,0,0,0,0,0,0],
[0,0,0,0,0,0,0,0,0,74.37,74.30,74.23,74.13,0,0,0,0,0,0,0,0,0,0,0,0,0,0,0,0,0,0,0,0,0,0,0,0,0,0,0,0,0,0,0,0,0,0,0,0,0,0,0,0,0,0,0,0,0,0,0,0,0,0,0,0,0,0,0,0,0,0,0,59.46,59.23,59.03,58.84,58.64,58.42,0,0,0,0,0,0,0,0,0,0,0,0,0,0,0,0,0,0,0,49.76,49.94,50.13,50.29,50.37,50.42,50.47,50.52,50.59,0,0,0,0,0,0,0,0,0,0,0,0,0,0,0,0,0,0,0,0,0,0,0,0,0,0,0,0,0,0,0,0,0,0,0,0,0,0,0,0,0,0,0,0],
[0,0,0,0,0,0,0,0,0,74.25,74.15,74.08,74.01,0,0,0,0,0,0,0,0,0,0,0,0,0,0,0,0,0,0,0,0,0,0,0,0,0,0,0,0,0,0,0,0,0,0,0,0,0,0,0,0,0,0,0,0,0,0,0,0,0,0,0,0,0,0,0,0,0,60.03,59.81,59.60,59.41,59.20,58.99,0,0,0,0,0,0,0,0,0,0,0,0,0,0,0,0,0,0,0,0,0,49.38,49.57,49.76,49.95,50.14,50.32,50.34,50.37,0,0,0,0,0,0,0,0,0,0,0,0,0,0,0,0,0,0,0,0,0,0,0,0,0,0,0,0,0,0,0,0,0,0,0,0,0,0,0,0,0,0,0,0,0],
[0,0,0,0,0,0,0,0,0,0,74.03,73.93,73.87,73.78,0,0,0,0,0,0,0,0,0,0,0,0,0,0,0,0,0,0,0,0,0,0,0,0,0,0,0,0,0,0,0,0,0,0,0,0,0,0,0,0,0,0,0,0,0,0,0,0,0,0,0,0,0,0,0,60.38,60.17,59.98,59.76,59.54,59.33,0,0,0,0,0,0,0,0,0,0,0,0,0,0,0,0,0,0,0,0,0,48.82,49.01,49.20,49.39,49.58,49.75,49.91,50.09,50.20,0,0,0,0,0,0,0,0,0,0,0,0,0,0,0,0,0,0,0,0,0,0,0,0,0,0,0,0,0,0,0,0,0,0,0,0,0,0,0,0,0,0,0,0,0],
[0,0,0,0,0,0,0,0,0,0,0,73.80,73.71,73.65,73.56,0,0,0,0,0,0,0,0,0,0,0,0,0,0,0,0,0,0,0,0,0,0,0,0,0,0,0,0,0,0,0,0,0,0,0,0,0,0,0,0,0,0,0,0,0,0,0,0,0,0,0,0,60.96,60.74,60.54,60.32,60.09,59.88,0,0,0,0,0,0,0,0,0,0,0,0,0,0,0,0,0,0,0,0,0,0,0,48.45,48.64,48.82,49.01,49.17,49.34,49.50,49.68,49.84,0,0,0,0,0,0,0,0,0,0,0,0,0,0,0,0,0,0,0,0,0,0,0,0,0,0,0,0,0,0,0,0,0,0,0,0,0,0,0,0,0,0,0,0,0],
[0,0,0,0,0,0,0,0,0,0,0,0,73.58,73.50,73.43,73.33,0,0,0,0,0,0,0,0,0,0,0,0,0,0,0,0,0,0,0,0,0,0,0,0,0,0,0,0,0,0,0,0,0,0,0,0,0,0,0,0,0,0,0,0,0,0,0,0,0,61.54,61.31,61.11,60.87,60.64,60.43,0,0,0,0,0,0,0,0,0,0,0,0,0,0,0,0,0,0,0,0,0,0,0,0,47.89,48.07,48.26,48.43,48.60,48.76,48.93,49.09,49.27,0,0,0,0,0,0,0,0,0,0,0,0,0,0,0,0,0,0,0,0,0,0,0,0,0,0,0,0,0,0,0,0,0,0,0,0,0,0,0,0,0,0,0,0,0,0],
[0,0,0,0,0,0,0,0,0,0,0,0,0,73.36,73.28,73.21,73.11,0,0,0,0,0,0,0,0,0,0,0,0,0,0,0,0,0,0,0,0,0,0,0,0,0,0,0,0,0,0,0,0,0,0,0,0,0,0,0,0,0,0,0,0,0,0,62.14,61.89,61.67,61.43,61.19,60.98,0,0,0,0,0,0,0,0,0,0,0,0,0,0,0,0,0,0,0,0,0,0,0,0,0,0,47.56,47.69,47.85,48.02,48.19,48.35,48.52,48.68,48.84,0,0,0,0,0,0,0,0,0,0,0,0,0,0,0,0,0,0,0,0,0,0,0,0,0,0,0,0,0,0,0,0,0,0,0,0,0,0,0,0,0,0,0,0,0,0],
[0,0,0,0,0,0,0,0,0,0,0,0,0,73.23,73.13,73.06,72.99,72.87,0,0,0,0,0,0,0,0,0,0,0,0,0,0,0,0,0,0,0,0,0,0,0,0,0,0,0,0,0,0,0,0,0,0,0,0,0,0,0,0,63.28,63.07,62.85,62.63,62.41,62.22,61.96,61.75,61.53,61.31,0,0,0,0,0,0,0,0,0,0,0,0,0,0,0,0,0,0,0,0,0,0,0,0,0,0,0,47.40,47.44,47.48,47.61,47.78,47.94,48.10,48.27,48.42,0,0,0,0,0,0,0,0,0,0,0,0,0,0,0,0,0,0,0,0,0,0,0,0,0,0,0,0,0,0,0,0,0,0,0,0,0,0,0,0,0,0,0,0,0,0],
[0,0,0,0,0,0,0,0,0,0,0,0,0,0,73.01,72.91,72.83,72.76,72.60,0,0,0,0,0,0,0,0,0,0,0,0,0,0,0,0,0,0,0,0,0,0,0,0,0,0,0,0,0,0,0,0,0,0,0,64.21,63.99,63.77,63.56,63.34,63.11,62.95,62.75,62.52,62.29,62.05,61.86,0,0,0,0,0,0,0,0,0,0,0,0,0,0,0,0,0,0,0,0,0,0,0,0,0,0,47.32,47.32,47.32,47.32,47.32,47.36,47.38,47.41,47.44,47.57,47.66,0,0,0,0,0,0,0,0,0,0,0,0,0,0,0,0,0,0,0,0,0,0,0,0,0,0,0,0,0,0,0,0,0,0,0,0,0,0,0,0,0,0,0,0,0,0,0],
[0,0,0,0,0,0,0,0,0,0,0,0,0,0,0,72.78,72.66,72.58,72.51,72.34,72.17,0,0,0,0,0,0,0,0,0,0,0,0,0,0,0,0,0,0,0,0,0,0,0,0,0,0,0,0,0,0,64.91,64.70,64.48,64.26,64.04,63.81,63.65,63.50,63.28,63.04,62.81,62.57,0,0,0,0,0,0,0,0,0,0,0,0,0,0,0,0,0,0,0,0,0,0,0,0,0,0,0,0,0,47.32,47.32,47.32,47.32,47.32,47.32,47.32,47.32,47.32,47.32,47.32,47.32,0,0,0,0,0,0,0,0,0,0,0,0,0,0,0,0,0,0,0,0,0,0,0,0,0,0,0,0,0,0,0,0,0,0,0,0,0,0,0,0,0,0,0,0,0,0],
[0,0,0,0,0,0,0,0,0,0,0,0,0,0,0,0,0,72.44,72.28,72.19,72.09,71.91,71.74,0,0,0,0,0,0,0,0,0,0,0,0,0,0,0,0,0,0,0,0,0,0,0,0,65.84,65.62,65.40,65.19,64.96,64.73,64.51,64.36,64.16,63.96,63.75,0,0,0,0,0,0,0,0,0,0,0,0,0,0,0,0,0,0,0,0,0,0,0,0,0,0,0,0,0,0,0,0,0,47.32,47.32,47.32,47.32,47.32,47.32,47.32,47.32,47.32,47.32,47.32,47.32,47.32,47.32,47.32,47.32,47.32,0,0,0,0,0,0,0,0,0,0,0,0,0,0,0,0,0,0,0,0,0,0,0,0,0,0,0,0,0,0,0,0,0,0,0,0,0,0,0,0,0,0],
[0,0,0,0,0,0,0,0,0,0,0,0,0,0,0,0,0,0,0,72.05,71.90,71.77,71.66,71.46,71.27,0,0,0,0,0,0,0,0,0,0,0,0,0,0,0,0,0,0,66.76,66.54,66.33,66.11,65.88,65.66,65.43,65.21,65.01,64.81,64.61,0,0,0,0,0,0,0,0,0,0,0,0,0,0,0,0,0,0,0,0,0,0,0,0,0,0,0,0,0,0,0,0,0,0,0,0,47.32,47.32,47.32,47.32,47.32,47.32,47.32,47.32,47.32,47.32,47.32,47.32,47.32,47.32,47.32,47.32,47.32,47.32,0,0,0,0,0,0,0,0,0,0,0,0,0,0,0,0,0,0,0,0,0,0,0,0,0,0,0,0,0,0,0,0,0,0,0,0,0,0,0,0,0,0],
[0,0,0,0,0,0,0,0,0,0,0,0,0,0,0,0,0,0,0,0,0,71.64,71.47,71.33,71.18,70.98,70.78,0,0,0,0,0,0,0,0,0,0,0,0,67.67,67.46,67.24,67.02,66.78,66.55,66.33,66.10,65.89,65.68,65.47,0,0,0,0,0,0,0,0,0,0,0,0,0,0,0,0,0,0,0,0,0,0,0,0,0,0,0,0,0,0,0,0,0,0,0,0,0,0,0,0,47.32,47.32,47.32,47.32,47.32,47.32,47.32,47.32,47.32,47.32,47.32,47.32,47.32,47.32,47.32,47.32,47.32,47.32,47.32,0,0,0,0,0,0,0,0,0,0,0,0,0,0,0,0,0,0,0,0,0,0,0,0,0,0,0,0,0,0,0,0,0,0,0,0,0,0,0,0,0],
[0,0,0,0,0,0,0,0,0,0,0,0,0,0,0,0,0,0,0,0,0,0,0,71.20,71.02,70.90,70.69,70.50,70.30,0,0,0,0,0,0,68.59,68.37,68.16,67.94,67.70,67.45,67.22,67.00,66.79,66.58,66.36,0,0,0,0,0,0,0,0,0,0,0,0,0,0,0,0,0,0,0,0,0,0,0,0,0,0,0,0,0,0,0,0,0,0,0,0,0,0,0,0,0,0,0,47.32,47.32,47.32,47.32,47.32,47.32,47.32,47.32,47.32,47.32,47.32,47.32,47.32,47.32,47.32,47.32,47.32,47.32,47.32,47.32,0,0,0,0,0,0,0,0,0,0,0,0,0,0,0,0,0,0,0,0,0,0,0,0,0,0,0,0,0,0,0,0,0,0,0,0,0,0,0,0,0],
[0,0,0,0,0,0,0,0,0,0,0,0,0,0,0,0,0,0,0,0,0,0,0,0,70.92,70.75,70.57,70.42,70.21,70.01,69.82,69.51,69.30,69.07,68.85,68.61,68.36,68.12,67.89,67.68,67.47,67.26,0,0,0,0,0,0,0,0,0,0,0,0,0,0,0,0,0,0,0,0,0,0,0,0,0,0,0,0,0,0,0,0,0,0,0,0,0,0,0,0,0,0,0,0,0,0,0,47.32,47.32,47.32,47.32,47.32,47.32,47.32,47.32,47.32,47.32,47.32,47.32,47.32,47.32,47.32,47.32,47.32,47.32,47.32,47.32,0,0,0,0,0,0,0,0,0,0,0,0,0,0,0,0,0,0,0,0,0,0,0,0,0,0,0,0,0,0,0,0,0,0,0,0,0,0,0,0,0],
[0,0,0,0,0,0,0,0,0,0,0,0,0,0,0,0,0,0,0,0,0,0,0,0,0,0,70.48,70.30,70.14,69.94,69.73,69.50,69.27,69.02,68.79,68.58,68.37,68.16,0,0,0,0,0,0,0,0,0,0,0,0,0,0,0,0,0,0,0,0,0,0,0,0,0,0,0,0,0,0,0,0,0,0,0,0,0,0,0,0,0,0,0,0,0,0,0,0,0,0,0,0,47.32,47.32,47.32,47.32,47.32,47.32,47.32,47.32,47.32,47.32,47.32,47.32,47.32,47.32,47.32,47.32,47.32,47.32,47.32,0,0,0,0,0,0,0,0,0,0,0,0,0,0,0,0,0,0,0,0,0,0,0,0,0,0,0,0,0,0,0,0,0,0,0,0,0,0,0,0,0],
[0,0,0,0,0,0,0,0,0,0,0,0,0,0,0,0,0,0,0,0,0,0,0,0,0,0,0,0,70.03,69.86,69.67,69.47,69.26,69.05,0,0,0,0,0,0,0,0,0,0,0,0,0,0,0,0,0,0,0,0,0,0,0,0,0,0,0,0,0,0,0,0,0,0,0,0,0,0,0,0,0,0,0,0,0,0,0,0,0,0,0,0,0,0,0,0,47.32,47.32,47.32,47.32,47.32,47.32,47.32,47.32,47.32,47.32,47.32,47.32,47.32,47.32,47.32,47.32,47.32,47.32,47.32,0,0,0,0,0,0,0,0,0,0,0,0,0,0,0,0,0,0,0,0,0,0,0,0,0,0,0,0,0,0,0,0,0,0,0,0,0,0,0,0,0],
[0,0,0,0,0,0,0,0,0,0,0,0,0,0,0,0,0,0,0,0,0,0,0,0,0,0,0,0,0,0,0,0,0,0,0,0,0,0,0,0,0,0,0,0,0,0,0,0,0,0,0,0,0,0,0,0,0,0,0,0,0,0,0,0,0,0,0,0,0,0,0,0,0,0,0,0,0,0,0,0,0,0,0,0,0,0,0,0,0,0,47.32,47.32,47.32,47.32,47.32,47.32,47.32,47.32,47.32,47.32,47.32,47.32,47.32,47.32,47.32,47.32,47.32,47.32,0,0,0,0,0,0,0,0,0,0,0,0,0,0,0,0,0,0,0,0,0,0,0,0,0,0,0,0,0,0,0,0,0,0,0,0,0,0,0,0,0,0],
[0,0,0,0,0,0,0,0,0,0,0,0,0,0,0,0,0,0,0,0,0,0,0,0,0,0,0,0,0,0,0,0,0,0,0,0,0,0,0,0,0,0,0,0,0,0,0,0,0,0,0,0,0,0,0,0,0,0,0,0,0,0,0,0,0,0,0,0,0,0,0,0,0,0,0,0,0,0,0,0,0,0,0,0,0,0,0,0,0,0,0,47.32,47.32,47.32,47.32,47.32,47.32,47.32,47.32,47.32,47.32,47.32,47.32,47.32,47.32,47.32,47.32,47.32,0,0,0,0,0,0,0,0,0,0,0,0,0,0,0,0,0,0,0,0,0,0,0,0,0,0,0,0,0,0,0,0,0,0,0,0,0,0,0,0,0,0],
[0,0,0,0,0,0,0,0,0,0,0,0,0,0,0,0,0,0,0,0,0,0,0,0,0,0,0,0,0,0,0,0,0,0,0,0,0,0,0,0,0,0,0,0,0,0,0,0,0,0,0,0,0,0,0,0,0,0,0,0,0,0,0,0,0,0,0,0,0,0,0,0,0,0,0,0,0,0,0,0,0,0,0,0,0,0,0,0,0,0,0,0,0,47.32,47.32,47.32,47.32,47.32,47.32,47.32,47.32,47.32,47.32,47.32,47.32,47.32,47.32,47.32,0,0,0,0,0,0,0,0,0,0,0,0,41.66,41.66,0,0,0,0,0,0,0,0,0,0,0,0,0,0,0,0,0,0,0,0,0,0,0,0,0,0,0,0],
[0,0,0,0,0,0,0,0,0,0,0,0,0,0,0,0,0,0,0,0,0,0,0,0,0,0,0,0,0,0,0,0,0,0,0,0,0,0,0,0,0,0,0,0,0,0,0,0,0,0,0,0,0,0,0,0,0,0,0,0,0,0,0,0,0,0,0,0,0,0,0,0,0,0,0,0,0,0,0,0,0,0,0,0,0,0,0,0,0,0,0,0,0,0,0,0,47.32,47.32,47.32,47.32,47.32,47.32,47.32,47.32,47.32,47.34,47.31,47.01,0,0,0,0,0,0,0,0,0,0,0,41.66,41.66,41.66,41.66,41.66,41.66,41.66,41.66,0,0,0,0,0,0,0,0,0,0,0,0,0,0,0,0,0,0,0,0,0,0,0],
[0,0,0,0,0,0,0,0,0,0,0,0,0,0,0,0,0,0,0,0,0,0,0,0,0,0,0,0,0,0,0,0,0,0,0,0,0,0,0,0,0,0,0,0,0,0,0,0,0,0,0,0,0,0,0,0,0,0,0,0,0,0,0,0,0,0,0,0,0,0,0,0,0,0,0,0,0,0,0,0,0,0,0,0,0,0,0,0,0,0,0,0,0,0,0,0,0,47.32,47.32,47.32,47.32,47.32,47.32,47.32,47.35,47.34,47.16,46.85,46.52,46.25,0,0,0,0,0,0,0,0,41.66,41.66,41.66,41.66,41.66,41.66,41.66,41.66,41.66,41.66,41.66,41.66,41.66,41.66,41.66,0,0,0,0,0,0,0,0,0,0,0,0,0,0,0,0,0],
[0,0,0,0,0,0,0,0,0,0,0,0,0,0,0,0,0,0,0,0,0,0,0,0,0,0,0,0,0,0,0,0,0,0,0,0,0,0,0,0,0,0,0,0,0,0,0,0,0,0,0,0,0,0,0,0,0,0,0,0,0,0,0,0,0,0,0,0,0,0,0,0,0,0,0,0,0,0,0,0,0,0,0,0,0,0,0,0,0,0,0,0,0,0,0,0,0,0,47.32,47.32,47.32,47.32,47.32,47.37,47.29,47.02,46.77,46.50,46.30,46.07,45.82,0,0,0,0,0,0,0,41.66,41.66,41.66,41.66,41.66,41.66,41.66,41.66,41.66,41.66,41.66,41.66,41.66,41.66,41.66,0,0,0,0,0,0,0,0,0,0,0,0,0,0,0,0,0],
[0,0,0,0,0,0,0,0,0,0,0,0,0,0,0,0,0,0,0,0,0,0,0,0,0,0,0,0,0,0,0,0,0,0,0,0,0,0,0,0,0,0,0,0,0,0,0,0,0,0,0,0,0,0,0,0,0,0,0,0,0,0,0,0,0,0,0,0,0,0,0,0,0,0,0,0,0,0,0,0,0,0,0,0,0,0,0,0,0,0,0,0,0,0,0,0,0,0,0,47.32,47.32,47.32,47.33,47.20,46.96,46.67,46.44,46.31,46.13,45.89,45.54,45.09,0,0,0,0,0,0,41.66,41.66,41.66,41.66,41.66,41.66,41.66,41.66,41.66,41.66,41.66,41.66,41.66,41.66,41.66,41.66,0,0,0,0,0,0,0,0,0,0,0,0,0,0,0,0],
[0,0,0,0,0,0,0,0,0,0,0,0,0,0,0,0,0,0,0,0,0,0,0,0,0,0,0,0,0,0,0,0,0,0,0,0,0,0,0,0,0,0,0,0,0,0,0,0,0,0,0,0,0,0,0,0,0,0,0,0,0,0,0,0,0,0,0,0,0,0,0,0,0,0,0,0,0,0,0,0,0,0,0,0,0,0,0,0,0,0,0,0,0,0,0,0,0,0,0,0,0,0,47.12,46.87,46.62,46.38,46.27,46.17,45.95,45.67,45.21,44.69,44.24,0,0,0,0,41.66,41.66,41.66,41.66,41.66,41.66,41.66,41.66,41.66,41.66,41.66,41.66,41.66,41.66,41.66,41.66,41.66,41.66,0,0,0,0,0,0,0,0,0,0,0,0,0,0,0],
[0,0,0,0,0,0,0,0,0,0,0,0,0,0,0,0,0,0,0,0,0,0,0,0,0,0,0,0,0,0,0,0,0,0,0,0,0,0,0,0,0,0,0,0,0,0,0,0,0,0,0,0,0,0,0,0,0,0,0,0,0,0,0,0,0,0,0,0,0,0,0,0,0,0,0,0,0,0,0,0,0,0,0,0,0,0,0,0,0,0,0,0,0,0,0,0,0,0,0,0,0,0,0,46.55,46.32,46.21,46.10,45.99,45.72,45.35,44.87,44.35,43.84,43.39,0,0,41.66,41.66,41.66,41.66,41.66,41.66,41.66,41.66,41.66,41.66,41.66,41.66,41.66,41.66,41.66,41.66,41.66,41.66,41.66,41.66,0,0,0,0,0,0,0,0,0,0,0,0,0,0],
[0,0,0,0,0,0,0,0,0,0,0,0,0,0,0,0,0,0,0,0,0,0,0,0,0,0,0,0,0,0,0,0,0,0,0,0,0,0,0,0,0,0,0,0,0,0,0,0,0,0,0,0,0,0,0,0,0,0,0,0,0,0,0,0,0,0,0,0,0,0,0,0,0,0,0,0,0,0,0,0,0,0,0,0,0,0,0,0,0,0,0,0,0,0,0,0,0,0,0,0,0,0,0,0,46.18,46.03,45.93,45.72,45.47,45.03,44.53,44.02,43.50,42.99,42.53,41.66,41.66,41.66,41.66,41.66,41.66,41.66,41.66,41.66,41.66,41.66,41.66,41.66,41.66,41.66,41.66,41.66,41.66,41.66,41.66,41.66,41.66,0,0,0,0,0,0,0,0,0,0,0,0,0],
[0,0,0,0,0,0,0,0,0,0,0,0,0,0,0,0,0,0,0,0,0,0,0,0,0,0,0,0,0,0,0,0,0,0,0,0,0,0,0,0,0,0,0,0,0,0,0,0,0,0,0,0,0,0,0,0,0,0,0,0,0,0,0,0,0,0,0,0,0,0,0,0,0,0,0,0,0,0,0,0,0,0,0,0,0,0,0,0,0,0,0,0,0,0,0,0,0,0,0,0,0,0,0,0,0,45.92,45.79,45.60,45.16,44.70,44.19,43.68,43.16,42.65,41.82,41.66,41.66,41.66,41.66,41.66,41.66,41.66,41.66,41.66,41.66,41.66,41.66,41.66,41.66,41.66,41.66,41.66,41.66,41.66,41.66,41.66,41.66,0,0,0,0,0,0,0,0,0,0,0,0,0],
[0,0,0,0,0,0,0,0,0,0,0,0,0,0,0,0,0,0,0,0,0,0,0,0,0,0,0,0,0,0,0,0,0,0,0,0,0,0,0,0,0,0,0,0,0,0,0,0,0,0,0,0,0,0,0,0,0,0,0,0,0,0,0,0,0,0,0,0,0,0,0,0,0,0,0,0,0,0,0,0,0,0,0,0,0,0,0,0,0,0,0,0,0,0,0,0,0,0,0,0,0,0,0,0,0,0,45.65,45.23,44.79,44.34,43.87,43.33,42.81,42.30,41.80,41.66,41.66,41.66,41.66,41.66,41.66,41.66,41.66,41.66,41.66,41.66,41.66,41.66,41.66,41.66,41.66,41.66,41.66,41.66,41.66,41.66,41.66,0,0,0,0,0,0,0,0,0,0,0,0,0],
[0,0,0,0,0,0,0,0,0,0,0,0,0,0,0,0,0,0,0,0,0,0,0,0,0,0,0,0,0,0,0,0,0,0,0,0,0,0,0,0,0,0,0,0,0,0,0,0,0,0,0,0,0,0,0,0,0,0,0,0,0,0,0,0,0,0,0,0,0,0,0,0,0,0,0,0,0,0,0,0,0,0,0,0,0,0,0,0,0,0,0,0,0,0,0,0,0,0,0,0,0,0,0,0,0,0,0,44.82,44.39,43.96,43.52,43.00,42.47,41.76,41.78,41.66,41.66,41.66,41.66,41.66,41.66,41.66,41.66,41.66,41.66,41.66,41.66,41.66,41.66,41.66,41.66,41.66,41.66,41.66,41.66,41.66,41.66,0,0,0,0,0,0,0,0,0,0,0,0,0],
[0,0,0,0,0,0,0,0,0,0,0,0,0,0,0,0,0,0,0,0,0,0,0,0,0,0,0,0,0,0,0,0,0,0,0,0,0,0,0,0,0,0,0,0,0,0,0,0,0,0,0,0,0,0,0,0,0,0,0,0,0,0,0,0,0,0,0,0,0,0,0,0,0,0,0,0,0,0,0,0,0,0,0,0,0,0,0,0,0,0,0,0,0,0,0,0,0,0,0,0,0,0,0,0,0,0,0,0,43.98,43.55,43.12,42.69,42.14,41.73,41.77,41.66,41.66,41.66,41.66,41.66,41.66,41.66,41.66,41.66,41.66,41.66,41.66,41.66,41.66,41.66,41.66,41.66,41.66,41.66,41.66,41.66,41.66,0,0,0,0,0,0,0,0,0,0,0,0,0],
[0,0,0,0,0,0,0,0,0,0,0,0,0,0,0,0,0,0,0,0,0,0,0,0,0,0,0,0,0,0,0,0,0,0,0,0,0,0,0,0,0,0,0,0,0,0,0,0,0,0,0,0,0,0,0,0,0,0,0,0,0,0,0,0,0,0,0,0,0,0,0,0,0,0,0,0,0,0,0,0,0,0,0,0,0,0,0,0,0,0,0,0,0,0,0,0,0,0,0,0,0,0,0,0,0,0,0,0,0,43.14,42.71,42.28,41.70,41.73,41.75,41.66,41.66,41.66,41.66,41.66,41.66,41.66,41.66,0,41.66,41.66,41.66,41.66,41.66,41.66,41.66,41.66,41.66,41.66,41.66,41.66,41.66,0,0,0,0,0,0,0,0,0,0,0,0,0],
[0,0,0,0,0,0,0,0,0,0,0,0,0,0,0,0,0,0,0,0,0,0,0,0,0,0,0,0,0,0,0,0,0,0,0,0,0,0,0,0,0,0,0,0,0,0,0,0,0,0,0,0,0,0,0,0,0,0,0,0,0,0,0,0,0,0,0,0,0,0,0,0,0,0,0,0,0,0,0,0,0,0,0,0,0,0,0,0,0,0,0,0,0,0,0,0,0,0,0,0,0,0,0,0,0,0,0,0,0,0,42.30,41.92,41.67,41.72,41.66,41.66,41.66,41.66,41.66,41.66,41.66,41.66,0,0,0,41.66,41.66,41.66,41.66,41.66,41.66,41.66,41.66,41.66,41.66,41.66,41.66,0,0,0,0,0,0,0,0,0,0,0,0,0],
[0,0,0,0,0,0,0,0,0,0,0,0,0,0,0,0,0,0,0,0,0,0,0,0,0,0,0,0,0,0,0,0,0,0,0,0,0,0,0,0,0,0,0,0,0,0,0,0,0,0,0,0,0,0,0,0,0,0,0,0,0,0,0,0,0,0,0,0,0,0,0,0,0,0,0,0,0,0,0,0,0,0,0,0,0,0,0,0,0,0,0,0,0,0,0,0,0,0,0,0,0,0,0,0,0,0,0,0,0,0,0,41.66,41.66,41.70,41.66,41.66,41.66,41.66,41.66,41.66,41.66,0,0,0,0,0,41.66,41.66,41.66,41.66,41.66,41.66,41.66,41.66,41.66,41.66,0,0,0,0,0,0,0,0,0,0,0,0,0,0],
[0,0,0,0,0,0,0,0,0,0,0,0,0,0,0,0,0,0,0,0,0,0,0,0,0,0,0,0,0,0,0,0,0,0,0,0,0,0,0,0,0,0,0,0,0,0,0,0,0,0,0,0,0,0,0,0,0,0,0,0,0,0,0,0,0,0,0,0,0,0,0,0,0,0,0,0,0,0,0,0,0,0,0,0,0,0,0,0,0,0,0,0,0,0,0,0,0,0,0,0,0,0,0,0,0,0,0,0,0,0,0,0,41.66,41.68,41.66,41.66,41.66,41.66,41.66,41.66,41.66,41.66,0,0,0,41.66,41.66,41.66,41.66,41.66,41.66,41.66,41.66,41.66,41.66,0,0,0,0,0,0,0,0,0,0,0,0,0,0,0],
[0,0,0,0,0,0,0,0,0,0,0,0,0,0,0,0,0,0,0,0,0,0,0,0,0,0,0,0,0,0,0,0,0,0,0,0,0,0,0,0,0,0,0,0,0,0,0,0,0,0,0,0,0,0,0,0,0,0,0,0,0,0,0,0,0,0,0,0,0,0,0,0,0,0,0,0,0,0,0,0,0,0,0,0,0,0,0,0,0,0,0,0,0,0,0,0,0,0,0,0,0,0,0,0,0,0,0,0,0,0,0,0,41.66,41.67,41.66,41.66,41.66,41.66,41.66,41.66,41.66,41.66,41.66,41.66,41.66,41.66,41.66,41.66,41.66,41.66,41.66,41.66,41.66,41.66,0,0,0,0,0,0,0,0,0,0,0,0,0,0,0,0],
[0,0,0,0,0,0,0,0,0,0,0,0,0,0,0,0,0,0,0,0,0,0,0,0,0,0,0,0,0,0,0,0,0,0,0,0,0,0,0,0,0,0,0,0,0,0,0,0,0,0,0,0,0,0,0,0,0,0,0,0,0,0,0,0,0,0,0,0,0,0,0,0,0,0,0,0,0,0,0,0,0,0,0,0,0,0,0,0,0,0,0,0,0,0,0,0,0,0,0,0,0,0,0,0,0,0,0,0,0,0,0,0,0,41.66,41.66,41.66,41.66,41.66,41.66,41.66,41.66,41.66,41.66,41.66,41.66,41.66,41.66,41.66,41.66,41.66,41.66,41.66,41.66,0,0,0,0,0,0,0,0,0,0,0,0,0,0,0,0,0],
[0,0,0,0,0,0,0,0,0,0,0,0,0,0,0,0,0,0,0,0,0,0,0,0,0,0,0,0,0,0,0,0,0,0,0,0,0,0,0,0,0,0,0,0,0,0,0,0,0,0,0,0,0,0,0,0,0,0,0,0,0,0,0,0,0,0,0,0,0,0,0,0,0,0,0,0,0,0,0,0,0,0,0,0,0,0,0,0,0,0,0,0,0,0,0,0,0,0,0,0,0,0,0,0,0,0,0,0,0,0,0,0,0,41.66,41.66,41.66,41.66,41.66,41.66,41.66,41.66,41.66,41.66,41.66,41.66,41.66,41.66,41.66,41.66,41.66,41.66,41.66,0,0,0,0,0,0,0,0,0,0,0,0,0,0,0,0,0,0],
[0,0,0,0,0,0,0,0,0,0,0,0,0,0,0,0,0,0,0,0,0,0,0,0,0,0,0,0,0,0,0,0,0,0,0,0,0,0,0,0,0,0,0,0,0,0,0,0,0,0,0,0,0,0,0,0,0,0,0,0,0,0,0,0,0,0,0,0,0,0,0,0,0,0,0,0,0,0,0,0,0,0,0,0,0,0,0,0,0,0,0,0,0,0,0,0,0,0,0,0,0,0,0,0,0,0,0,0,0,0,0,0,0,41.66,41.66,41.66,41.66,41.66,41.66,41.66,41.66,41.66,41.66,41.66,41.66,41.66,41.66,41.66,41.66,41.66,41.66,0,0,0,0,0,0,0,0,0,0,0,0,0,0,0,0,0,0,0],
[0,0,0,0,0,0,0,0,0,0,0,0,0,0,0,0,0,0,0,0,0,0,0,0,0,0,0,0,0,0,0,0,0,0,0,0,0,0,0,0,0,0,0,0,0,0,0,0,0,0,0,0,0,0,0,0,0,0,0,0,0,0,0,0,0,0,0,0,0,0,0,0,0,0,0,0,0,0,0,0,0,0,0,0,0,0,0,0,0,0,0,0,0,0,0,0,0,0,0,0,0,0,0,0,0,0,0,0,0,0,0,41.66,41.66,41.66,41.66,41.66,41.66,41.66,41.66,41.66,41.66,41.66,41.66,41.66,41.66,41.66,41.66,41.66,41.66,41.66,41.66,0,0,0,0,0,0,0,0,0,0,0,0,0,0,0,0,0,0,0],
[0,0,0,0,0,0,0,0,0,0,0,0,0,0,0,0,0,0,0,0,0,0,0,0,0,0,0,0,0,0,0,0,0,0,0,0,0,0,0,0,0,0,0,0,0,0,0,0,0,0,0,0,0,0,0,0,0,0,0,0,0,0,0,0,0,0,0,0,0,0,0,0,0,0,0,0,0,0,0,0,0,0,0,0,0,0,0,0,0,0,0,0,0,0,0,0,0,0,0,0,0,0,0,0,0,0,0,0,0,0,41.66,41.66,41.66,41.66,41.66,41.66,41.66,41.66,41.66,41.66,41.66,41.66,41.66,41.66,41.66,41.66,41.66,41.66,41.66,41.66,0,0,0,0,0,0,0,0,0,0,0,0,0,0,0,0,0,0,0,0],
[0,0,0,0,0,0,0,0,0,0,0,0,0,0,0,0,0,0,0,0,0,0,0,0,0,0,0,0,0,0,0,0,0,0,0,0,0,0,0,0,0,0,0,0,0,0,0,0,0,0,0,0,0,0,0,0,0,0,0,0,0,0,0,0,0,0,0,0,0,0,0,0,0,0,0,0,0,0,0,0,0,0,0,0,0,0,0,0,0,0,0,0,0,0,0,0,0,0,0,0,0,0,0,0,0,0,0,0,0,0,41.66,41.66,41.66,41.66,41.66,41.66,41.66,41.66,41.66,41.66,41.66,41.66,41.66,41.66,41.66,41.66,41.66,41.66,41.66,41.66,0,0,0,0,0,0,0,0,0,0,0,0,0,0,0,0,0,0,0,0],
[0,0,0,0,0,0,0,0,0,0,0,0,0,0,0,0,0,0,0,0,0,0,0,0,0,0,0,0,0,0,0,0,0,0,0,0,0,0,0,0,0,0,0,0,0,0,0,0,0,0,0,0,0,0,0,0,0,0,0,0,0,0,0,0,0,0,0,0,0,0,0,0,0,0,0,0,0,0,0,0,0,0,0,0,0,0,0,0,0,0,0,0,0,0,0,0,0,0,0,0,0,0,0,0,0,0,0,0,0,0,0,41.66,41.66,41.66,41.66,41.66,41.66,41.66,41.66,41.66,41.66,41.66,41.66,41.66,41.66,41.66,41.66,41.66,41.66,0,0,0,0,0,0,0,0,0,0,0,0,0,0,0,0,0,0,0,0,0],
[0,0,0,0,0,0,0,0,0,0,0,0,0,0,0,0,0,0,0,0,0,0,0,0,0,0,0,0,0,0,0,0,0,0,0,0,0,0,0,0,0,0,0,0,0,0,0,0,0,0,0,0,0,0,0,0,0,0,0,0,0,0,0,0,0,0,0,0,0,0,0,0,0,0,0,0,0,0,0,0,0,0,0,0,0,0,0,0,0,0,0,0,0,0,0,0,0,0,0,0,0,0,0,0,0,0,0,0,0,0,0,0,41.66,41.66,41.66,41.66,41.66,41.66,41.66,41.66,41.66,41.66,41.66,41.66,41.66,41.66,41.66,41.66,41.66,0,0,0,0,0,0,0,0,0,0,0,0,0,0,0,0,0,0,0,0,0],
[0,0,0,0,0,0,0,0,0,0,0,0,0,0,0,0,0,0,0,0,0,0,0,0,0,0,0,0,0,0,0,0,0,0,0,0,0,0,0,0,0,0,0,0,0,0,0,0,0,0,0,0,0,0,0,0,0,0,0,0,0,0,0,0,0,0,0,0,0,0,0,0,0,0,0,0,0,0,0,0,0,0,0,0,0,0,0,0,0,0,0,0,0,0,0,0,0,0,0,0,0,0,0,0,0,0,0,0,0,0,0,0,0,41.66,41.66,41.66,41.66,41.66,41.66,41.66,41.66,41.66,41.66,41.66,41.66,41.66,41.66,41.66,0,0,0,0,0,0,0,0,0,0,0,0,0,0,0,0,0,0,0,0,0,0],
[0,0,0,0,0,0,0,0,0,0,0,0,0,0,0,0,0,0,0,0,0,0,0,0,0,0,0,0,0,0,0,0,0,0,0,0,0,0,0,0,0,0,0,0,0,0,0,0,0,0,0,0,0,0,0,0,0,0,0,0,0,0,0,0,0,0,0,0,0,0,0,0,0,0,0,0,0,0,0,0,0,0,0,0,0,0,0,0,0,0,0,0,0,0,0,0,0,0,0,0,0,0,0,0,0,0,0,0,0,0,0,0,0,41.66,41.66,41.66,41.66,41.66,41.66,41.66,41.66,41.66,41.66,41.66,41.66,41.66,41.66,0,0,0,0,0,0,0,0,0,0,0,0,0,0,0,0,0,0,0,0,0,0,0],
[0,0,0,0,0,0,0,0,0,0,0,0,0,0,0,0,0,0,0,0,0,0,0,0,0,0,0,0,0,0,0,0,0,0,0,0,0,0,0,0,0,0,0,0,0,0,0,0,0,0,0,0,0,0,0,0,0,0,0,0,0,0,0,0,0,0,0,0,0,0,0,0,0,0,0,0,0,0,0,0,0,0,0,0,0,0,0,0,0,0,0,0,0,0,0,0,0,0,0,0,0,0,0,0,0,0,0,0,0,0,0,0,0,0,41.66,41.66,41.66,41.66,41.66,41.66,41.66,41.66,41.66,41.66,41.66,41.66,0,0,0,0,0,0,0,0,0,0,0,0,0,0,0,0,0,0,0,0,0,0,0,0],
[0,0,0,0,0,0,0,0,0,0,0,0,0,0,0,0,0,0,0,0,0,0,0,0,0,0,0,0,0,0,0,0,0,0,0,0,0,0,0,0,0,0,0,0,0,0,0,0,0,0,0,0,0,0,0,0,0,0,0,0,0,0,0,0,0,0,0,0,0,0,0,0,0,0,0,0,0,0,0,0,0,0,0,0,0,0,0,0,0,0,0,0,0,0,0,0,0,0,0,0,0,0,0,0,0,0,0,0,0,0,0,0,0,0,0,0,0,41.66,41.66,41.66,41.66,41.66,41.66,41.66,41.66,41.66,0,0,0,0,0,0,0,0,0,0,0,0,0,0,0,0,0,0,0,0,0,0,0,0],
[0,0,0,0,0,0,0,0,0,0,0,0,0,0,0,0,0,0,0,0,0,0,0,0,0,0,0,0,0,0,0,0,0,0,0,0,0,0,0,0,0,0,0,0,0,0,0,0,0,0,0,0,0,0,0,0,0,0,0,0,0,0,0,0,0,0,0,0,0,0,0,0,0,0,0,0,0,0,0,0,0,0,0,0,0,0,0,0,0,0,0,0,0,0,0,0,0,0,0,0,0,0,0,0,0,0,0,0,0,0,0,0,0,0,0,0,0,0,0,0,0,0,0,0,0,0,0,0,0,0,0,0,0,0,0,0,0,0,0,0,0,0,0,0,0,0,0,0,0,0],
[0,0,0,0,0,0,0,0,0,0,0,0,0,0,0,0,0,0,0,0,0,0,0,0,0,0,0,0,0,0,0,0,0,0,0,0,0,0,0,0,0,0,0,0,0,0,0,0,0,0,0,0,0,0,0,0,0,0,0,0,0,0,0,0,0,0,0,0,0,0,0,0,0,0,0,0,0,0,0,0,0,0,0,0,0,0,0,0,0,0,0,0,0,0,0,0,0,0,0,0,0,0,0,0,0,0,0,0,0,0,0,0,0,0,0,0,0,0,0,0,0,0,0,0,0,0,0,0,0,0,0,0,0,0,0,0,0,0,0,0,0,0,0,0,0,0,0,0,0,0],
[0,0,0,0,0,0,0,0,0,0,0,0,0,0,0,0,0,0,0,0,0,0,0,0,0,0,0,0,0,0,0,0,0,0,0,0,0,0,0,0,0,0,0,0,0,0,0,0,0,0,0,0,0,0,0,0,0,0,0,0,0,0,0,0,0,0,0,0,0,0,0,0,0,0,0,0,0,0,0,0,0,0,0,0,0,0,0,0,0,0,0,0,0,0,0,0,0,0,0,0,0,0,0,0,0,0,0,0,0,0,0,0,0,0,0,0,0,0,0,0,0,0,0,0,0,0,0,0,0,0,0,0,0,0,0,0,0,0,0,0,0,0,0,0,0,0,0,0,0,0],
[0,0,0,0,0,0,0,0,0,0,0,0,0,0,0,0,0,0,0,0,0,0,0,0,0,0,0,0,0,0,0,0,0,0,0,0,0,0,0,0,0,0,0,0,0,0,0,0,0,0,0,0,0,0,0,0,0,0,0,0,0,0,0,0,0,0,0,0,0,0,0,0,0,0,0,0,0,0,0,0,0,0,0,0,0,0,0,0,0,0,0,0,0,0,0,0,0,0,0,0,0,0,0,0,0,0,0,0,0,0,0,0,0,0,0,0,0,0,0,0,0,0,0,0,0,0,0,0,0,0,0,0,0,0,0,0,0,0,0,0,0,0,0,0,0,0,0,0,0,0],
[0,0,0,0,0,0,0,0,0,0,0,0,0,0,0,0,0,0,0,0,0,0,0,0,0,0,0,0,0,0,0,0,0,0,0,0,0,0,0,0,0,0,0,0,0,0,0,0,0,0,0,0,0,0,0,0,0,0,0,0,0,0,0,0,0,0,0,0,0,0,0,0,0,0,0,0,0,0,0,0,0,0,0,0,0,0,0,0,0,0,0,0,0,0,0,0,0,0,0,0,0,0,0,0,0,0,0,0,0,0,0,0,0,0,0,0,0,0,0,0,0,0,0,0,0,0,0,0,0,0,0,0,0,0,0,0,0,0,0,0,0,0,0,0,0,0,0,0,0,0],
[0,0,0,0,0,0,0,0,0,0,0,0,0,0,0,0,0,0,0,0,0,0,0,0,0,0,0,0,0,0,0,0,0,0,0,0,0,0,0,0,0,0,0,0,0,0,0,0,0,0,0,0,0,0,0,0,0,0,0,0,0,0,0,0,0,0,0,0,0,0,0,0,0,0,0,0,0,0,0,0,0,0,0,0,0,0,0,0,0,0,0,0,0,0,0,0,0,0,0,0,0,0,0,0,0,0,0,0,0,0,0,0,0,0,0,0,0,0,0,0,0,0,0,0,0,0,0,0,0,0,0,0,0,0,0,0,0,0,0,0,0,0,0,0,0,0,0,0,0,0],
[0,0,0,0,0,0,0,0,0,0,0,0,0,0,0,0,0,0,0,0,0,0,0,0,0,0,0,0,0,0,0,0,0,0,0,0,0,0,0,0,0,0,0,0,0,0,0,0,0,0,0,0,0,0,0,0,0,0,0,0,0,0,0,0,0,0,0,0,0,0,0,0,0,0,0,0,0,0,0,0,0,0,0,0,0,0,0,0,0,0,0,0,0,0,0,0,0,0,0,0,0,0,0,0,0,0,0,0,0,0,0,0,0,0,0,0,0,0,0,0,0,0,0,0,0,0,0,0,0,0,0,0,0,0,0,0,0,0,0,0,0,0,0,0,0,0,0,0,0,0],
[0,0,0,0,0,0,0,0,0,0,0,0,0,0,0,0,0,0,0,0,0,0,0,0,0,0,0,0,0,0,0,0,0,0,0,0,0,0,0,0,0,0,0,0,0,0,0,0,0,0,0,0,0,0,0,0,0,0,0,0,0,0,0,0,0,0,0,0,0,0,0,0,0,0,0,0,0,0,0,0,0,0,0,0,0,0,0,0,0,0,0,0,0,0,0,0,0,0,0,0,0,0,0,0,0,0,0,0,0,0,0,0,0,0,0,0,0,0,0,0,0,0,0,0,0,0,0,0,0,0,0,0,0,0,0,0,0,0,0,0,0,0,0,0,0,0,0,0,0,0],
[0,0,0,0,0,0,0,0,0,0,0,0,0,0,0,0,0,0,0,0,0,0,0,0,0,0,0,0,0,0,0,0,0,0,0,0,0,0,0,0,0,0,0,0,0,0,0,0,0,0,0,0,0,0,0,0,0,0,0,0,0,0,0,0,0,0,0,0,0,0,0,0,0,0,0,0,0,0,0,0,0,0,0,0,0,0,0,0,0,0,0,0,0,0,0,0,0,0,0,0,0,0,0,0,0,0,0,0,0,0,0,0,0,0,0,0,0,0,0,0,0,0,0,0,0,0,0,0,0,0,0,0,0,0,0,0,0,0,0,0,0,0,0,0,0,0,0,0,0,0],
[0,0,0,0,0,0,0,0,0,0,0,0,0,0,0,0,0,0,0,0,0,0,0,0,0,0,0,0,0,0,0,0,0,0,0,0,0,0,0,0,0,0,0,0,0,0,0,0,0,0,0,0,0,0,0,0,0,0,0,0,0,0,0,0,0,0,0,0,0,0,0,0,0,0,0,0,0,0,0,0,0,0,0,0,0,0,0,0,0,0,0,0,0,0,0,0,0,0,0,0,0,0,0,0,0,0,0,0,0,0,0,0,0,0,0,0,0,0,0,0,0,0,0,0,0,0,0,0,0,0,0,0,0,0,0,0,0,0,0,0,0,0,0,0,0,0,0,0,0,0],
[0,0,0,0,0,0,0,0,0,0,0,0,0,0,0,0,0,0,0,0,0,0,0,0,0,0,0,0,0,0,0,0,0,0,0,0,0,0,0,0,0,0,0,0,0,0,0,0,0,0,0,0,0,0,0,0,0,0,0,0,0,0,0,0,0,0,0,0,0,0,0,0,0,0,0,0,0,0,0,0,0,0,0,0,0,0,0,0,0,0,0,0,0,0,0,0,0,0,0,0,0,0,0,0,0,0,0,0,0,0,0,0,0,0,0,0,0,0,0,0,0,0,0,0,0,0,0,0,0,0,0,0,0,0,0,0,0,0,0,0,0,0,0,0,0,0,0,0,0,0],
[0,0,0,0,0,0,0,0,0,0,0,0,0,0,0,0,0,0,0,0,0,0,0,0,0,0,0,0,0,0,0,0,0,0,0,0,0,0,0,0,0,0,0,0,0,0,0,0,0,0,0,0,0,0,0,0,0,0,0,0,0,0,0,0,0,0,0,0,0,0,0,0,0,0,0,0,0,0,0,0,0,0,0,0,0,0,0,0,0,0,0,0,0,0,0,0,0,0,0,0,0,0,0,0,0,0,0,0,0,0,0,0,0,0,0,0,0,0,0,0,0,0,0,0,0,0,0,0,0,0,0,0,0,0,0,0,0,0,0,0,0,0,0,0,0,0,0,0,0,0],
[0,0,0,0,0,0,0,0,0,0,0,0,0,0,0,0,0,0,0,0,0,0,0,0,0,0,0,0,0,0,0,0,0,0,0,0,0,0,0,0,0,0,0,0,0,0,0,0,0,0,0,0,0,0,0,0,0,0,0,0,0,0,0,0,0,0,0,0,0,0,0,0,0,0,0,0,0,0,0,0,0,0,0,0,0,0,0,0,0,0,0,0,0,0,0,0,0,0,0,0,0,0,0,0,0,0,0,0,0,0,0,0,0,0,0,0,0,0,0,0,0,0,0,0,0,0,0,0,0,0,0,0,0,0,0,0,0,0,0,0,0,0,0,0,0,0,0,0,0,0]]