[[0,0,0,0,0,0,0,0,0,0,0,0,0,0,0,0,0,0,0,0,0,0,0,0,0,0,0,0,0,0,0,0,0,0,0,0,0,0,0,0,0,0,0,0,0,0,0,0,0,0,0,0,0,0,0,0,0,0,0,0,0,0,0,0,0,0,0,0,0,0,0,0,0,0,0,0,0,0,0,0,0,0,0,0,0,0,0,0,0,0,0,0,0,0,0,0,0,0,0,0],
[0,0,0,0,0,0,0,0,0,0,0,0,0,0,0,0,0,0,0,0,0,0,0,0,0,0,0,0,0,0,0,0,0,0,0,0,0,0,0,0,0,0,0,0,0,0,0,0,0,0,0,0,0,0,0,0,0,0,0,0,0,0,0,0,0,0,0,0,0,0,0,0,0,0,0,0,0,0,0,0,0,0,0,0,0,0,0,0,0,0,0,0,0,0,0,0,0,0,0,0],
[0,0,0,0,0,0,0,0,0,0,0,0,0,0,0,0,0,0,0,0,0,0,0,0,0,0,0,0,0,0,0,0,0,0,0,0,0,0,0,0,0,0,0,0,0,0,0,0,0,0,0,0,0,0,0,0,0,0,0,0,0,0,0,0,0,0,0,0,0,0,0,0,0,0,0,0,0,0,0,0,0,0,0,0,0,0,0,0,0,0,0,0,0,0,0,0,0,0,0,0],
[0,0,0,0,0,0,0,0,0,0,0,0,0,0,0,0,0,0,0,0,0,0,0,0,0,0,0,0,0,0,0,0,0,0,0,0,0,0,0,0,0,0,0,0,0,0,0,0,0,0,0,0,0,0,0,0,0,0,0,0,0,0,0,0,0,0,0,0,0,0,0,0,0,0,0,0,0,0,0,0,0,0,0,0,0,0,0,0,0,0,0,0,0,0,0,0,0,0,0,0],
[0,0,0,0,0,0,0,0,0,0,0,0,0,0,0,0,0,0,0,0,0,0,0,0,0,0,0,0,0,0,0,0,0,0,0,0,0,0,0,0,0,0,0,0,0,0,0,0,0,0,0,0,0,0,0,0,0,0,0,0,0,0,0,0,0,0,0,0,0,0,0,0,0,0,0,0,0,0,0,0,0,0,0,0,0,0,0,0,0,0,0,0,0,0,0,0,0,0,0,0],
[0,0,0,0,0,0,0,0,0,0,0,0,0,0,0,0,0,0,0,0,0,0,0,0,0,0,0,0,0,0,0,0,0,0,0,0,0,0,0,0,0,0,0,0,0,0,0,0,0,0,0,0,0,0,0,0,0,0,0,0,0,0,0,0,0,0,0,0,0,0,0,0,0,0,0,0,0,0,0,0,0,0,0,0,0,0,0,0,0,0,0,0,0,0,0,0,0,0,0,0],
[0,0,0,0,0,0,0,0,0,0,0,0,0,0,0,0,0,0,0,0,0,0,0,0,0,0,0,0,0,0,0,0,0,0,0,0,0,0,0,0,0,0,0,0,0,0,0,0,0,0,0,0,0,0,0,0,0,0,0,0,0,0,0,0,0,0,0,0,0,0,0,0,0,0,0,0,0,0,0,0,0,0,0,0,0,0,0,0,0,0,0,0,0,0,0,0,0,0,0,0],
[0,0,0,0,0,0,0,0,0,0,0,0,0,0,0,0,0,0,0,0,0,0,0,0,0,0,0,0,0,0,0,0,0,0,0,0,0,0,0,0,0,0,0,0,0,0,0,0,0,0,0,0,0,0,0,0,0,0,0,0,0,0,0,0,0,0,0,0,0,0,0,0,0,0,0,0,0,0,0,0,0,0,0,0,0,0,0,0,0,0,0,0,0,0,0,0,0,0,0,0],
[0,0,0,0,0,0,0,0,0,0,0,0,0,0,0,0,0,0,0,0,0,0,0,0,0,0,0,0,0,0,0,0,0,0,0,0,0,0,0,0,0,0,0,0,0,0,0,0,0,0,0,0,0,0,0,0,0,0,0,0,0,0,0,0,0,0,0,0,0,0,0,0,0,0,0,0,0,0,0,0,0,0,0,0,0,0,0,0,0,0,0,0,0,0,0,0,0,0,0,0],
[0,0,0,0,0,0,0,0,0,0,0,0,0,0,0,0,0,0,0,0,0,0,0,0,0,0,0,0,0,0,0,0,0,0,0,0,0,0,0,0,0,0,0,0,0,0,0,0,0,0,0,0,0,0,0,0,0,0,0,0,0,0,0,0,0,0,0,0,0,0,0,0,0,0,0,0,0,0,0,0,0,0,0,0,0,0,0,0,0,0,0,0,0,0,0,0,0,0,0,0],
[0,0,0,0,0,0,0,0,0,0,0,0,0,0,0,0,0,0,0,0,0,0,0,0,0,0,0,0,0,0,0,0,0,0,0,0,0,0,0,0,0,0,0,0,0,0,0,0,0,0,0,0,0,0,0,0,0,0,0,0,0,0,0,0,0,0,0,0,0,0,0,0,0,0,0,0,0,0,0,0,0,0,0,0,0,0,0,0,0,0,0,0,0,0,0,0,0,0,0,0],
[0,0,0,0,0,0,0,0,0,0,0,0,0,0,0,0,0,0,0,0,0,0,0,0,0,0,0,0,0,0,0,0,0,0,0,0,0,0,0,0,0,0,0,0,0,0,0,0,0,0,0,0,0,0,0,0,0,0,0,0,0,0,0,0,0,0,0,0,0,0,0,0,0,0,0,0,0,0,0,0,0,0,0,0,0,0,0,0,0,0,0,0,0,0,0,0,0,0,0,0],
[0,0,0,0,0,0,0,0,0,0,0,0,0,0,0,0,0,0,0,0,0,0,0,0,0,0,0,0,0,0,0,0,0,0,0,0,0,0,0,0,0,0,0,0,0,0,0,0,0,0,0,0,0,0,0,0,0,0,0,0,0,0,0,0,0,0,0,0,0,0,0,0,0,0,0,0,0,0,0,0,0,0,0,0,0,0,0,0,0,0,0,0,0,0,0,0,0,0,0,0],
[0,0,0,0,0,0,0,0,0,0,0,0,0,0,0,0,0,0,0,0,0,0,0,0,0,0,0,0,0,0,0,0,0,0,0,0,0,0,0,0,0,0,0,0,0,0,0,0,0,0,0,0,0,0,0,0,0,0,0,0,0,0,0,0,0,0,0,0,0,0,0,0,0,0,0,0,0,0,0,0,0,0,0,0,0,0,0,0,0,0,0,0,0,0,0,0,0,0,0,0],
[0,0,0,0,0,0,0,0,0,0,0,0,0,0,0,0,0,0,0,0,0,0,0,0,0,0,0,0,0,0,0,0,0,0,0,0,0,0,0,0,0,0,0,0,0,0,0,0,0,0,0,0,0,0,0,0,0,0,0,0,0,0,0,0,0,0,0,0,0,0,0,0,0,0,0,0,0,0,0,0,0,0,0,0,0,0,0,0,0,0,0,0,0,0,0,0,0,0,0,0],
[0,0,0,0,0,0,0,0,0,0,0,0,0,0,0,0,0,0,0,0,0,0,0,0,0,0,0,0,0,0,0,0,0,0,0,0,0,0,0,0,0,0,0,0,0,0,0,0,0,0,0,0,0,0,0,0,0,0,13.40,13.40,13.40,0,0,0,0,0,0,0,0,0,0,0,0,0,0,0,0,0,0,0,0,0,0,0,0,0,0,0,0,0,0,0,0,0,0,0,0,0,0,0],
[0,0,0,0,0,0,0,0,0,0,0,0,0,0,0,0,0,0,0,0,0,0,0,0,0,0,0,0,0,0,0,0,0,0,0,0,0,0,0,0,0,0,0,0,0,0,0,0,0,0,0,0,0,0,0,0,0,13.40,13.40,13.40,13.40,13.40,13.40,0,0,0,13.40,13.40,13.40,13.40,0,0,0,0,0,0,0,0,0,0,0,0,0,0,0,0,0,0,0,0,0,0,0,0,0,0,0,0,0,0],
[0,0,0,0,0,0,0,0,0,0,0,0,0,0,0,0,0,0,0,0,0,0,0,0,0,0,0,0,0,0,0,14.00,14.00,14.00,14.00,14.00,14.00,14.00,0,0,14.00,0,0,0,0,0,0,0,0,0,0,0,0,0,0,13.40,13.40,13.40,13.40,13.40,13.40,13.40,13.40,13.40,13.40,13.40,13.40,13.40,13.40,13.40,13.40,13.40,13.40,13.40,13.40,13.40,13.40,13.40,0,0,0,0,0,0,0,0,0,0,0,0,0,0,0,0,0,0,0,0,0,0],
[0,0,0,0,0,0,0,0,0,0,0,0,0,0,0,0,0,0,0,0,0,0,0,0,0,0,0,0,0,14.00,14.00,14.00,14.01,14.01,14.01,14.01,14.00,14.00,14.00,14.00,14.00,14.00,14.00,0,0,0,13.40,13.40,13.40,13.40,13.40,13.40,13.40,13.40,13.40,13.40,13.40,13.40,13.40,13.40,13.40,13.40,13.40,13.40,13.40,13.40,13.40,13.40,13.40,13.40,13.40,13.40,13.40,13.40,13.40,13.40,13.40,13.40,13.40,13.40,0,0,0,0,0,0,0,0,0,0,0,0,0,0,0,0,0,0,0,0],
[0,0,0,0,0,0,0,0,0,0,0,0,0,0,0,0,0,0,0,0,0,0,0,0,0,0,0,0,0,14.00,14.00,14.01,14.02,14.01,14.01,14.01,14.01,14.01,14.00,14.00,14.00,14.00,14.00,14.00,13.98,13.63,13.44,13.40,13.40,13.40,13.40,13.40,13.40,13.40,13.40,13.40,13.40,13.40,13.40,13.40,13.40,13.40,13.40,13.40,13.40,13.40,13.40,13.40,13.40,13.40,13.40,13.40,13.40,13.40,13.40,13.40,13.40,13.40,13.40,13.40,13.40,0,0,0,0,0,0,0,0,0,0,0,0,0,0,0,0,0,0,0],
[0,0,0,0,0,0,0,0,0,0,0,0,0,0,0,0,0,0,0,0,0,0,0,0,0,0,0,0,14.00,14.00,14.00,14.01,14.02,14.02,14.02,14.02,14.02,14.02,14.00,14.00,14.00,14.00,14.00,14.00,14.00,13.82,13.45,13.40,13.40,13.40,13.40,13.40,13.40,13.40,13.40,13.40,13.40,13.40,13.40,13.40,13.40,13.40,13.40,13.40,13.40,13.40,13.40,13.40,13.40,13.40,13.40,13.40,13.40,13.40,13.40,13.40,13.40,13.40,13.40,13.40,13.40,13.40,13.40,13.40,0,0,0,0,0,0,0,0,0,0,0,0,0,0,0,0],
[0,0,0,0,0,0,0,0,0,0,0,0,0,0,0,0,0,0,0,0,0,0,0,0,0,0,0,0,14.00,14.00,14.01,14.02,14.03,14.03,14.02,14.02,14.02,14.01,14.00,14.00,14.00,14.00,14.00,14.00,14.00,13.86,13.65,13.42,13.40,13.40,13.40,13.40,13.40,13.40,13.40,13.40,13.40,13.40,13.40,13.40,13.40,13.40,13.40,13.40,13.40,13.40,13.40,13.40,13.40,13.40,13.40,13.40,13.40,13.40,13.40,13.40,13.40,13.40,13.40,13.40,13.40,13.40,13.40,13.40,13.40,13.40,0,0,0,0,0,0,0,0,0,0,0,0,0,0],
[0,0,0,0,0,0,0,0,0,0,0,0,0,0,0,0,0,0,0,0,0,0,0,0,0,0,0,14.00,14.00,14.01,14.02,14.03,14.03,14.03,14.03,14.03,14.03,14.01,14.00,14.00,14.00,14.00,14.00,14.00,14.00,13.90,13.66,13.43,13.40,13.40,13.40,13.40,13.40,13.40,13.40,13.40,13.40,13.40,13.40,13.40,13.40,13.40,13.40,13.40,13.40,13.40,13.40,13.40,13.40,13.40,13.40,13.40,13.40,13.40,13.40,13.40,13.40,13.40,13.40,13.40,13.40,13.40,13.40,13.40,13.40,13.40,13.40,0,0,0,0,0,0,0,0,0,0,0,0,0],
[0,0,0,0,0,0,0,0,0,0,0,0,0,0,0,0,0,0,0,0,0,0,0,0,0,0,0,14.00,14.00,14.01,14.02,14.03,14.04,14.04,14.04,14.04,14.03,14.01,14.00,14.00,14.00,14.00,14.00,14.00,14.00,13.92,13.66,13.47,13.40,13.40,13.40,13.40,13.40,13.40,13.40,13.40,13.40,13.40,13.40,13.40,13.40,13.40,13.40,13.40,13.40,13.40,13.40,13.40,13.40,13.40,13.40,13.40,13.40,13.40,13.40,13.40,13.40,13.40,13.40,13.40,13.40,13.40,13.40,13.40,13.41,13.40,13.40,0,0,0,0,0,0,0,0,0,0,0,0,0],
[0,0,0,0,0,0,0,0,0,0,0,0,0,0,0,0,0,0,0,0,0,0,0,0,0,0,0,14.00,14.01,14.02,14.03,14.04,14.05,14.04,14.04,14.04,14.02,14.01,14.00,14.00,14.00,14.00,14.00,14.00,14.00,13.92,13.66,13.45,13.41,13.40,13.40,13.40,13.40,13.40,13.40,13.40,13.40,13.40,13.40,13.40,13.40,13.40,13.40,13.40,13.40,13.40,13.40,13.40,13.40,13.40,13.40,13.40,13.40,13.40,13.40,13.40,13.40,13.40,13.40,13.40,13.40,13.40,13.40,13.40,13.41,13.40,13.40,0,0,0,0,0,0,0,0,0,0,0,0,0],
[0,0,0,0,0,0,0,0,0,0,0,0,0,0,0,0,0,0,0,0,0,0,0,0,0,0,14.04,14.03,14.04,14.02,14.03,14.04,14.05,14.05,14.05,14.04,14.02,14.01,14.00,14.00,14.00,14.00,14.00,14.00,14.00,13.87,13.61,13.45,13.45,13.40,13.40,13.40,13.40,13.40,13.40,13.40,13.40,13.40,13.40,13.40,13.40,13.40,13.40,13.40,13.40,13.40,13.40,13.40,13.40,13.40,13.40,13.40,13.40,13.40,13.40,13.40,13.40,13.40,13.40,13.40,13.40,13.40,13.40,13.41,13.42,13.41,13.40,13.40,0,0,0,0,0,0,0,0,0,0,0,0],
[0,0,0,0,0,0,0,0,0,0,0,0,0,0,0,0,0,0,0,0,0,0,0,0,0,0,14.07,14.08,14.10,14.07,14.04,14.05,14.06,14.06,14.05,14.04,14.02,14.01,14.00,14.00,14.00,14.00,14.00,14.00,14.00,13.76,13.50,13.44,13.41,13.40,13.40,13.40,13.40,13.40,13.40,13.40,13.40,0,0,0,0,13.40,13.40,13.40,13.40,13.40,13.40,13.40,13.40,13.40,13.40,13.40,13.40,13.40,13.40,13.40,13.40,13.40,13.40,13.40,13.40,13.40,13.40,13.41,13.42,13.41,13.40,13.40,0,0,0,0,0,0,0,0,0,0,0,0],
[0,0,0,0,0,0,0,0,0,0,0,0,0,0,0,0,0,0,0,0,0,0,0,0,0,14.25,14.17,14.21,14.24,14.14,14.10,14.06,14.06,14.06,14.05,14.03,14.02,14.01,14.00,14.00,14.00,14.00,14.00,14.00,13.96,13.70,13.47,13.43,13.40,13.40,13.40,13.40,13.40,13.40,13.40,13.40,0,0,0,0,0,0,0,13.40,0,0,13.40,13.40,13.40,13.40,13.40,13.40,13.40,13.40,13.40,13.40,13.40,13.40,13.40,13.40,13.40,13.40,13.40,13.42,13.43,13.42,13.41,13.40,0,0,0,0,0,0,0,0,0,0,0,0],
[0,0,0,0,0,0,0,0,0,0,0,0,0,0,0,0,0,0,0,0,0,0,0,0,0,14.38,14.38,14.43,14.43,14.33,14.17,14.12,14.07,14.06,14.05,14.03,14.02,14.01,14.00,14.00,14.00,14.00,14.00,0,0,0,0,0,0,13.40,13.40,13.40,13.40,13.40,13.40,13.40,0,0,0,0,0,0,0,0,0,0,0,13.40,13.40,13.40,13.40,13.40,13.40,13.40,13.40,13.40,13.40,13.40,13.40,13.40,13.40,13.40,13.41,13.42,13.43,13.42,13.41,13.40,0,0,0,0,0,0,0,0,0,0,0,0],
[0,0,0,0,0,0,0,0,0,0,0,0,0,0,0,0,0,0,0,0,0,0,0,0,14.59,14.54,14.60,14.65,14.58,14.47,14.35,14.23,14.14,14.06,14.05,14.03,14.02,14.01,14.00,14.00,14.00,14.00,14.00,0,0,0,0,0,0,0,13.40,13.40,0,0,0,0,0,0,0,0,0,0,0,0,0,0,0,0,0,0,13.40,13.40,13.40,13.40,13.40,13.40,13.40,13.40,13.40,13.40,13.40,13.40,13.41,13.43,13.44,13.43,13.42,13.40,13.40,0,0,0,0,0,0,0,0,0,0,0],
[0,0,0,0,0,0,0,0,0,0,0,0,0,0,0,0,0,0,0,0,0,0,0,14.81,14.72,14.76,14.82,14.80,14.67,14.62,14.55,14.49,14.27,14.06,14.05,14.04,14.03,14.01,14.00,14.00,0,0,0,0,0,0,0,0,0,0,0,0,0,0,0,0,0,0,0,0,0,0,0,0,0,0,0,0,0,0,0,0,13.40,13.40,13.40,13.40,13.40,13.40,13.40,13.40,13.40,13.40,13.42,13.43,13.44,13.43,13.42,13.41,13.40,13.40,0,0,0,0,0,0,0,0,0,0],
[0,0,0,0,0,0,0,0,0,0,0,0,0,0,0,0,0,0,0,0,0,0,0,14.91,14.92,14.97,15.01,15.00,14.96,14.89,14.82,14.58,14.32,14.07,14.06,14.03,14.00,14.00,0,0,0,0,0,0,0,0,0,0,0,0,0,0,0,0,0,0,0,0,0,0,0,0,0,0,0,0,0,0,0,0,0,0,0,0,0,0,0,0,0,0,0,13.40,13.42,13.43,13.45,13.44,13.43,13.43,13.45,13.40,13.40,0,0,0,0,0,0,0,0,0],
[0,0,0,0,0,0,0,0,0,0,0,0,0,0,0,0,0,0,0,0,0,0,0,15.10,15.12,15.16,15.15,15.14,15.12,15.10,14.92,14.62,14.37,14.17,14.03,14.00,14.00,0,0,0,0,0,0,0,0,0,0,0,0,0,0,0,0,0,0,0,0,0,0,0,0,0,0,0,0,0,0,0,0,0,0,0,0,0,0,0,0,0,0,0,13.40,13.40,13.40,13.44,13.45,13.44,13.43,13.45,13.49,13.47,13.40,0,0,0,0,0,0,0,0,0],
[0,0,0,0,0,0,0,0,0,0,0,0,0,0,0,0,0,0,0,0,0,0,0,15.29,15.31,15.30,15.29,15.28,15.26,15.24,15.06,14.68,14.49,0,0,0,0,0,0,0,0,0,0,0,0,0,0,0,0,0,0,0,0,0,0,0,0,0,0,0,0,0,0,0,0,0,0,0,0,0,0,0,0,0,0,0,0,0,0,0,13.40,13.40,13.40,13.44,13.46,13.45,13.45,13.47,13.52,13.54,13.48,13.40,0,0,0,0,0,0,0,0],
[0,0,0,0,0,0,0,0,0,0,0,0,0,0,0,0,0,0,0,0,0,0,0,15.40,15.42,15.43,15.43,15.42,15.40,15.35,15.11,14.80,0,0,0,0,0,0,0,0,0,0,0,0,0,0,0,0,0,0,0,0,0,0,0,0,0,0,0,0,0,0,0,0,0,0,0,0,0,0,0,0,0,0,0,0,0,0,0,0,0,13.40,13.40,13.42,13.46,13.46,13.49,13.60,13.73,13.91,13.81,0,0,0,0,0,0,0,0,0],
[0,0,0,0,0,0,0,0,0,0,0,0,0,0,0,0,0,0,0,15.60,15.60,15.54,0,15.40,15.42,15.43,15.44,15.44,15.45,15.46,15.27,15.11,0,0,0,0,0,0,0,0,0,0,0,0,0,0,0,0,0,0,0,0,0,0,0,0,0,0,0,0,0,0,0,0,0,0,0,0,0,0,0,0,0,0,0,0,0,0,0,0,0,0,13.40,13.41,13.47,13.53,13.69,13.84,13.96,14.07,14.14,0,0,0,0,0,0,0,0,0],
[0,0,0,0,0,0,0,0,0,0,0,0,0,0,0,0,0,0,0,15.56,15.54,15.48,15.40,15.40,15.40,15.40,15.40,15.40,15.40,15.41,15.45,0,0,0,0,0,0,0,0,0,0,0,0,0,0,0,0,0,0,0,0,0,0,0,0,0,0,0,0,0,0,0,0,0,0,0,0,0,0,0,0,0,0,0,0,0,0,0,0,0,0,0,0,0,13.61,13.79,13.94,14.07,14.14,14.14,14.14,14.14,14.14,0,0,0,0,0,0,0],
[0,0,0,0,0,0,0,0,0,0,0,0,0,0,0,0,0,0,0,15.50,15.48,15.40,15.40,15.40,15.40,15.40,15.40,15.40,15.40,15.40,15.40,0,0,0,0,0,0,0,0,0,0,0,0,0,0,0,0,0,0,0,0,0,0,0,0,0,0,0,0,0,0,0,0,0,0,0,0,0,0,0,0,0,0,0,0,0,0,0,0,0,0,0,0,0,0,14.02,14.14,14.14,14.14,14.14,14.14,14.14,14.14,14.14,0,0,0,0,0,0],
[0,0,0,0,0,0,0,0,0,0,0,0,0,0,0,0,0,0,0,15.44,15.40,15.40,15.40,15.40,15.40,15.40,15.40,15.40,15.40,15.40,15.40,0,0,0,0,0,0,0,0,0,0,0,0,0,0,0,0,0,0,0,0,0,0,0,0,0,0,0,0,0,0,0,0,0,0,0,0,0,0,0,0,0,0,0,0,0,0,0,0,0,0,0,0,0,0,0,14.14,14.14,14.14,14.14,14.14,14.14,14.14,14.14,14.14,0,0,0,0,0],
[0,0,0,0,0,0,0,0,0,0,0,0,0,0,0,0,0,0,0,15.40,15.40,15.40,15.40,15.40,15.40,15.40,15.40,15.40,15.40,15.40,15.40,15.40,0,0,0,0,0,0,0,0,0,0,0,0,0,0,0,0,0,0,0,0,0,0,0,0,0,0,0,0,0,0,0,0,0,0,0,0,0,0,0,0,0,0,0,0,0,0,0,0,0,0,0,0,0,0,14.14,14.14,14.14,14.14,14.14,14.14,14.14,14.14,14.14,14.14,0,0,0,0],
[0,0,0,0,0,0,0,0,0,0,0,0,0,0,0,0,0,0,15.40,15.40,15.40,15.40,15.40,15.40,15.40,15.40,15.40,15.40,15.40,15.40,15.40,15.40,15.40,0,0,0,0,0,0,0,0,0,0,0,0,0,0,0,0,0,0,0,0,0,0,0,0,0,0,0,0,0,0,0,0,0,0,0,0,0,0,0,0,0,0,0,0,0,0,0,0,0,0,0,0,0,14.14,14.14,14.14,14.14,14.14,14.14,14.14,14.14,14.14,14.14,14.14,0,0,0],
[0,0,0,0,0,0,0,0,0,0,0,0,0,0,0,0,0,0,15.40,15.40,15.40,15.40,15.40,15.40,15.40,15.40,15.40,15.40,15.40,15.40,15.40,15.40,15.40,0,0,0,0,0,0,0,0,0,0,0,0,0,0,0,0,0,0,0,0,0,0,0,0,0,0,0,0,0,0,0,0,0,0,0,0,0,0,0,0,0,0,0,0,0,0,0,0,0,0,0,0,0,14.14,14.14,14.14,14.14,14.14,14.14,14.14,14.14,14.14,14.14,14.14,0,0,0],
[0,0,0,0,0,0,0,0,0,0,0,0,0,0,0,0,0,0,15.40,15.40,15.40,15.40,15.40,15.40,15.40,15.40,15.40,15.40,15.40,15.40,15.40,15.40,15.40,0,0,0,0,0,0,0,0,0,0,0,0,0,0,0,0,0,0,0,0,0,0,0,0,0,0,0,0,0,0,0,0,0,0,0,0,0,0,0,0,0,0,0,0,0,0,0,0,0,0,0,0,0,0,14.14,14.14,14.14,14.14,14.14,14.14,14.14,14.14,14.14,14.14,0,0,0],
[0,0,0,0,0,0,0,0,0,0,0,0,0,0,0,0,0,0,15.40,15.40,15.40,15.40,15.40,15.40,15.40,15.40,15.40,15.40,15.40,15.40,15.40,15.40,15.40,0,0,0,0,0,0,0,0,0,0,0,0,0,0,0,0,0,0,0,0,0,0,0,0,0,0,0,0,0,0,0,0,0,0,0,0,0,0,0,0,0,0,0,0,0,0,0,0,0,0,0,0,0,0,14.14,14.14,14.14,14.14,14.14,14.14,14.14,14.14,14.14,14.14,0,0,0],
[0,0,0,0,0,0,0,0,0,0,0,0,0,0,0,0,0,0,15.40,15.40,15.40,15.40,15.40,15.40,15.40,15.40,15.40,15.40,15.40,15.40,15.40,15.40,15.40,0,0,0,0,0,0,0,0,0,0,0,0,0,0,0,0,0,0,0,0,0,0,0,0,0,0,0,0,0,0,0,0,0,0,0,0,0,0,0,0,0,0,0,0,0,0,0,0,0,0,0,0,0,0,14.14,14.14,14.14,14.14,14.14,14.14,14.14,14.14,14.14,14.14,0,0,0],
[0,0,0,0,0,0,0,0,0,0,0,0,0,0,0,0,0,15.40,15.40,15.40,15.40,15.40,15.40,15.40,15.40,15.40,15.40,15.40,15.40,15.40,15.40,15.40,15.40,0,0,0,0,0,0,0,0,0,0,0,0,0,0,0,0,0,0,0,0,0,0,0,0,0,0,0,0,0,0,0,0,0,0,0,0,0,0,0,0,0,0,0,0,0,0,0,0,0,0,0,0,0,0,0,14.14,14.14,14.14,14.14,14.14,14.14,14.14,14.14,14.14,0,0,0],
[0,0,0,0,0,0,0,0,0,0,0,0,0,0,0,0,0,15.40,15.40,15.40,15.40,15.40,15.40,15.40,15.40,15.40,15.40,15.40,15.40,15.40,15.40,15.40,15.40,0,0,0,0,0,0,0,0,0,0,0,0,0,0,0,0,0,0,0,0,0,0,0,0,0,0,0,0,0,0,0,0,0,0,0,0,0,0,0,0,0,0,0,0,0,0,0,0,0,0,0,0,0,0,0,14.14,14.14,14.14,14.14,14.14,14.14,14.14,14.14,0,0,0,0],
[0,0,0,0,0,0,0,0,0,0,0,0,0,0,0,0,0,15.40,15.40,15.40,15.40,15.40,15.40,15.40,15.40,15.40,15.40,15.40,15.40,15.40,15.40,15.40,15.41,0,0,0,0,0,0,0,0,0,0,0,0,0,0,0,0,0,0,0,0,0,0,0,0,0,0,0,0,0,0,0,0,0,0,0,0,0,0,0,0,0,0,0,0,0,0,0,0,0,0,0,0,0,0,0,0,0,14.14,14.14,14.14,14.14,14.14,0,0,0,0,0],
[0,0,0,0,0,0,0,0,0,0,0,0,0,0,0,0,0,15.40,15.40,15.40,15.40,15.40,15.40,15.40,15.40,15.40,15.40,15.40,15.40,15.40,15.40,15.40,15.42,15.43,0,0,0,0,0,0,0,0,0,0,0,0,0,0,0,0,0,0,0,0,15.47,15.47,0,0,0,0,0,0,0,0,0,0,0,0,0,0,0,0,0,0,0,0,0,0,0,0,0,0,0,0,0,0,0,0,0,0,0,0,0,0,0,0,0,0,0,0],
[0,0,0,0,0,0,0,0,0,0,0,0,0,0,0,0,0,15.40,15.40,15.40,15.40,15.40,15.40,15.40,15.40,15.40,15.40,15.40,15.40,15.40,15.40,15.40,15.42,15.44,15.45,0,0,0,0,0,0,0,0,0,0,0,0,0,0,0,0,0,15.47,15.47,15.47,15.47,15.47,15.47,15.47,15.47,0,0,0,0,0,0,0,0,0,0,0,0,0,0,0,0,0,0,0,0,0,0,0,0,0,0,0,0,0,0,0,0,0,0,0,0,0,0,0,0],
[0,0,0,0,0,0,0,0,0,0,0,0,0,0,0,0,15.40,15.40,15.40,15.40,15.40,15.40,15.40,15.40,15.40,15.40,15.40,15.40,15.40,15.40,15.40,15.40,15.41,15.44,15.46,15.62,15.86,0,0,0,0,0,0,0,0,0,0,0,0,0,0,15.47,15.47,15.47,15.47,15.47,15.47,15.47,15.47,15.47,15.47,15.47,0,0,0,0,0,0,0,0,0,0,0,0,0,0,0,0,0,0,0,0,0,0,0,0,0,0,0,0,0,0,0,0,0,0,0,0,0,0],
[0,0,0,0,0,0,0,0,0,0,0,0,0,0,0,0,0,15.40,15.40,15.40,15.40,15.40,15.40,15.40,15.40,15.40,15.40,15.40,15.40,15.40,15.40,15.40,15.41,15.44,15.46,15.67,15.91,16.15,16.39,16.58,16.75,0,0,0,0,0,0,0,15.47,0,0,15.47,15.47,15.47,15.47,15.47,15.47,15.47,15.47,15.47,15.47,15.47,15.47,0,0,0,0,0,0,0,0,0,0,0,0,0,0,0,0,0,0,0,0,0,0,0,0,0,0,0,0,0,0,0,0,0,0,0,0,0],
[0,0,0,0,0,0,0,0,0,0,0,0,0,0,0,0,0,0,15.40,15.40,15.40,15.40,15.40,15.40,15.40,15.40,15.40,15.40,15.40,15.40,15.40,15.40,15.40,15.43,15.45,15.76,15.99,16.22,16.46,16.63,16.79,16.82,16.67,16.50,0,0,0,15.47,15.47,15.47,15.47,15.47,15.47,15.47,15.47,15.47,15.47,15.47,15.47,15.47,15.47,15.47,15.47,15.47,0,0,0,0,0,0,0,0,0,0,0,0,0,0,0,0,0,0,0,0,0,0,0,0,0,0,0,0,0,0,0,0,0,0,0,0],
[0,0,0,0,0,0,0,0,0,0,0,0,0,0,0,0,0,0,0,15.40,15.40,15.40,15.40,15.40,15.40,15.40,15.40,15.40,15.40,15.40,15.40,15.40,15.40,15.43,15.53,15.84,16.07,16.31,16.52,16.69,16.86,16.79,16.63,16.46,16.21,15.94,15.66,15.47,15.47,15.47,15.47,15.47,15.47,15.47,15.47,15.47,15.47,15.47,15.47,15.47,15.47,15.47,15.47,15.47,0,0,0,0,0,0,0,0,0,0,0,0,0,0,0,0,0,0,0,0,0,0,0,0,0,0,0,0,0,0,0,0,0,0,0,0],
[0,0,0,0,0,0,0,0,0,0,0,0,0,0,0,0,0,0,0,15.40,15.40,15.40,15.40,15.40,15.40,15.40,15.40,15.40,15.40,15.40,15.40,15.40,15.40,15.42,15.65,15.91,16.15,16.39,16.58,16.75,16.85,16.76,16.59,16.43,16.15,15.87,15.55,15.47,15.47,15.47,15.47,15.47,15.47,15.47,15.47,15.47,15.47,15.47,15.47,15.47,15.47,15.47,15.47,15.47,0,0,0,0,0,0,0,0,0,0,0,0,0,0,0,0,0,0,0,0,0,0,0,0,0,0,0,0,0,0,0,0,0,0,0,0],
[0,0,0,0,0,0,0,0,0,0,0,0,0,0,0,0,0,0,0,15.40,15.40,15.40,15.40,15.40,15.40,15.40,15.40,15.40,15.40,15.40,15.40,15.40,15.40,15.41,15.72,15.98,16.24,16.47,16.64,16.81,16.82,16.72,16.55,16.37,16.09,15.81,15.57,15.47,15.47,15.47,15.47,15.47,15.47,15.47,15.47,15.47,15.47,15.47,15.47,15.47,15.47,15.47,15.47,15.47,0,0,0,0,0,0,0,0,0,0,0,0,0,0,0,0,0,0,0,0,0,0,0,0,0,0,0,0,0,0,0,0,0,0,0,0],
[0,0,0,0,0,0,0,0,0,0,0,0,0,0,0,0,0,0,0,0,0,0,15.40,15.40,15.40,15.40,15.40,15.40,15.40,15.40,15.40,15.40,15.40,15.52,15.79,16.05,16.31,16.53,16.70,16.87,16.79,16.68,16.53,16.31,16.02,15.75,15.47,15.47,15.47,15.47,15.47,15.47,15.47,15.47,15.47,15.47,15.47,15.47,15.47,15.47,15.47,15.47,15.47,15.47,15.47,15.47,0,0,0,0,0,0,0,0,0,0,0,0,0,0,0,0,0,0,0,0,0,0,0,0,0,0,0,0,0,0,0,0,0,0],
[0,0,0,0,0,0,0,0,0,0,0,0,0,0,0,0,0,0,0,0,0,0,15.40,15.40,15.40,15.40,15.40,15.40,15.40,15.40,15.40,15.40,15.40,0,15.86,16.12,16.38,16.58,16.74,16.85,16.74,16.63,16.49,16.23,15.96,15.73,15.47,15.47,15.47,15.47,15.47,15.47,15.47,15.47,15.47,15.47,15.47,15.47,15.47,15.47,15.47,15.47,15.47,15.47,15.47,15.47,0,0,0,0,0,0,0,0,0,0,0,0,0,0,0,0,0,0,0,0,0,0,0,0,0,0,0,0,0,0,0,0,0,0],
[0,0,0,0,0,0,0,0,0,0,0,0,0,0,0,0,0,0,0,0,0,0,0,15.40,15.40,15.40,15.40,15.40,15.40,15.40,15.40,15.40,0,0,0,0,0,0,16.78,16.81,16.69,16.57,16.43,16.16,15.90,15.64,15.47,15.47,15.47,15.47,15.47,15.47,15.47,15.47,15.47,15.47,15.47,15.47,15.47,15.47,15.47,15.47,15.47,15.47,15.47,15.47,0,0,0,0,0,0,0,0,0,0,0,0,0,0,0,0,0,0,0,0,0,0,0,0,0,0,0,0,0,0,0,0,0,0],
[0,0,0,0,0,0,0,0,0,0,0,0,0,0,0,0,0,0,0,0,0,0,0,0,0,0,0,0,0,0,0,0,0,0,0,0,0,0,0,0,0,0,16.36,16.10,15.84,15.58,15.47,15.47,15.47,15.47,15.47,15.47,15.47,15.47,15.47,15.47,15.47,15.47,15.47,15.47,15.47,15.47,15.47,15.47,15.47,15.47,15.47,0,0,0,0,0,0,0,0,0,0,0,0,0,0,0,0,0,0,0,0,0,0,0,0,0,0,0,0,0,0,0,0,0],
[0,0,0,0,0,0,0,0,0,0,0,0,0,0,0,0,0,0,0,0,0,0,0,0,0,0,0,0,0,0,0,0,0,0,0,0,0,0,0,0,0,0,0,0,0,15.47,15.47,15.47,15.47,15.47,15.47,15.47,15.47,15.47,15.47,15.47,15.47,15.47,15.47,15.47,15.47,15.47,15.47,15.47,15.47,15.47,0,0,0,0,0,0,0,0,0,0,0,0,0,0,0,0,0,0,0,0,0,0,0,0,0,0,0,0,0,0,0,0,0,0],
[0,0,0,0,0,0,0,0,0,0,0,0,0,0,0,0,0,0,0,0,0,0,0,0,0,0,0,0,0,0,0,0,0,0,0,0,0,0,0,0,0,0,0,0,0,15.47,15.47,15.47,15.47,15.47,15.47,15.47,15.47,15.47,15.47,15.47,15.47,15.47,15.47,15.47,15.47,15.47,15.47,15.47,15.47,15.47,0,0,0,0,0,0,0,0,0,0,0,0,0,0,0,0,0,0,0,0,0,0,0,0,0,0,0,0,0,0,0,0,0,0],
[0,0,0,0,0,0,0,0,0,0,0,0,0,0,0,0,0,0,0,0,0,0,0,0,0,0,0,0,0,0,0,0,0,0,0,0,0,0,0,0,0,0,0,0,0,15.47,15.47,15.47,15.47,15.47,15.47,15.47,15.47,15.47,15.47,15.47,15.47,15.47,15.47,15.47,15.47,15.47,15.47,15.47,15.47,15.47,0,0,0,0,0,0,0,0,0,0,0,0,0,0,0,0,0,0,0,0,0,0,0,0,0,0,0,0,0,0,0,0,0,0],
[0,0,0,0,0,0,0,0,0,0,0,0,0,0,0,0,0,0,0,0,0,0,0,0,0,0,0,0,0,0,0,0,0,0,0,0,0,0,0,0,0,0,0,0,0,15.47,15.47,15.47,15.47,15.47,15.47,15.47,15.47,15.47,15.47,15.47,15.47,15.47,15.47,15.47,15.47,15.47,15.47,15.47,15.47,15.47,0,0,0,0,0,0,0,0,0,0,0,0,0,0,0,0,0,0,0,0,0,0,0,0,0,0,0,0,0,0,0,0,0,0],
[0,0,0,0,0,0,0,0,0,0,0,0,0,0,0,0,0,0,0,0,0,0,0,0,0,0,0,0,0,0,0,0,0,0,0,0,0,0,0,0,0,0,0,0,0,0,15.47,15.47,15.47,15.47,15.47,15.47,15.47,15.47,15.47,15.47,15.47,15.47,15.47,15.47,15.47,15.47,15.47,15.47,15.47,15.47,0,0,0,0,0,0,0,0,0,0,0,0,0,0,0,0,0,0,0,0,0,0,0,0,0,0,0,0,0,0,0,0,0,0],
[0,0,0,0,0,0,0,0,0,0,0,0,0,0,0,0,0,0,0,0,0,0,0,0,0,0,0,0,0,0,0,0,0,0,0,0,0,0,0,0,0,0,0,0,0,0,0,15.47,15.47,15.47,15.47,15.47,15.47,15.47,15.47,15.47,15.47,15.47,15.47,15.47,15.47,15.47,15.47,15.47,15.47,15.47,0,0,0,0,0,0,0,0,0,0,0,0,0,0,0,0,0,0,0,0,0,0,0,0,0,0,0,0,0,0,0,0,0,0],
[0,0,0,0,0,0,0,0,0,0,0,0,0,0,0,0,0,0,0,0,0,0,0,0,0,0,0,0,0,0,0,0,0,0,0,0,0,0,0,0,0,0,0,0,0,0,0,0,15.47,15.47,15.47,15.47,15.47,15.47,15.47,15.45,15.47,15.47,15.47,15.47,15.47,15.47,15.47,15.47,15.47,0,0,0,0,0,0,0,0,0,0,0,0,0,0,0,0,0,0,0,0,0,0,0,0,0,0,0,0,0,0,0,0,0,0,0],
[0,0,0,0,0,0,0,0,0,0,0,0,0,0,0,0,0,0,0,0,0,0,0,0,0,0,0,0,0,0,0,0,0,0,0,0,0,0,0,0,0,0,0,0,0,0,0,0,0,0,0,0,0,20.54,20.54,15.42,15.45,15.46,20.54,0,15.47,15.47,15.47,15.47,0,0,0,0,0,0,0,0,0,0,0,0,0,0,0,0,0,0,0,0,0,0,0,0,0,0,0,0,0,0,0,0,0,0,0,0],
[0,0,0,0,0,0,0,0,0,0,0,0,0,0,0,0,0,0,0,0,0,0,0,0,0,0,0,0,0,0,0,0,0,0,0,0,0,0,0,0,0,0,0,0,0,0,0,0,0,0,0,0,0,20.55,20.55,15.39,15.43,15.45,15.45,20.67,20.73,20.71,0,0,0,0,0,0,0,0,0,0,0,0,0,0,0,0,0,0,0,0,0,0,0,0,0,0,0,0,0,0,0,0,0,0,0,0,0,0],
[0,0,0,0,0,0,0,0,0,0,0,0,0,0,0,0,0,0,0,0,0,0,0,0,0,0,0,0,0,0,0,0,0,0,0,0,0,0,0,0,0,0,0,0,0,0,0,0,0,0,0,0,0,20.57,20.57,15.35,15.39,15.43,15.44,20.65,20.71,20.71,20.69,20.68,20.70,20.74,20.78,20.81,20.82,20.83,20.84,20.85,20.86,20.83,20.78,0,0,0,0,0,0,0,0,0,0,0,0,0,0,0,0,0,0,0,0,0,0,0,0,0],
[0,0,0,0,0,0,0,0,0,0,0,0,0,0,0,0,0,0,0,0,0,0,0,0,0,0,0,0,0,0,0,0,0,0,0,0,0,0,0,0,0,0,0,0,0,0,0,0,0,0,0,0,0,20.59,20.59,15.32,15.36,15.42,15.43,20.59,20.60,20.68,20.67,20.64,20.64,20.65,20.67,20.68,20.70,20.71,20.72,20.73,20.62,20.51,20.58,20.45,0,0,0,0,0,0,0,0,0,0,0,0,0,0,0,0,0,0,0,0,0,0,0,0],
[0,0,0,0,0,0,0,0,0,0,0,0,0,0,0,0,0,0,0,0,0,0,0,0,0,0,0,0,0,0,0,0,0,0,0,0,0,0,0,0,0,0,0,0,0,0,0,0,0,0,0,0,0,20.60,20.61,15.29,15.33,15.39,15.42,0,20.56,20.54,20.51,20.45,20.48,20.51,20.54,20.56,20.58,20.60,20.47,20.30,20.13,20.18,20.26,20.25,0,0,0,0,0,0,0,0,0,0,0,0,0,0,0,0,0,0,0,0,0,0,0,0],
[0,0,0,0,0,0,0,0,0,0,0,0,0,0,0,0,0,0,0,0,0,0,0,0,0,0,0,0,0,0,0,0,0,0,0,0,0,0,0,0,0,0,0,0,0,0,0,0,0,0,0,0,0,21.08,21.08,15.25,15.30,15.36,15.41,0,0,20.48,20.35,20.29,20.33,20.37,20.41,20.45,20.42,20.30,19.99,19.80,19.77,19.85,19.92,20.00,19.92,0,0,0,0,0,0,0,0,0,0,0,0,0,0,0,0,0,0,0,0,0,0,0],
[0,0,0,0,0,0,0,0,0,0,0,0,0,0,0,0,0,0,0,0,0,0,0,0,0,0,0,0,0,0,0,0,0,0,0,0,0,0,0,0,0,0,0,0,0,0,0,0,0,0,0,0,0,21.56,21.56,15.22,15.26,15.33,15.40,15.40,0,0,0,20.29,0,0,0,0,0,0,19.65,19.33,19.36,19.47,19.56,19.66,19.74,0,0,0,0,0,0,0,0,0,0,0,0,0,0,0,0,0,0,0,0,0,0,0],
[0,0,0,0,0,0,0,0,0,0,0,0,0,0,0,0,0,0,0,0,0,0,0,0,0,0,0,0,0,0,0,0,0,0,0,0,0,0,0,0,0,0,0,0,0,0,0,0,0,0,0,0,0,22.04,22.04,15.21,15.25,15.33,15.38,15.46,15.65,15.83,16.01,16.19,0,0,0,0,0,0,0,18.83,18.96,19.13,19.26,19.39,19.49,0,0,0,0,0,0,0,0,0,0,0,0,0,0,0,0,0,0,0,0,0,0,0],
[0,0,0,0,0,0,0,0,0,0,0,0,0,0,0,0,0,0,0,0,0,0,0,0,0,0,0,0,0,0,0,0,0,0,0,0,0,0,0,0,0,0,0,0,0,0,0,0,0,0,0,0,0,22.07,22.07,22.07,15.27,15.35,15.44,15.57,15.74,15.90,16.07,16.24,16.40,16.58,16.80,17.13,17.56,18.02,18.25,18.46,18.64,18.82,18.99,19.17,19.26,0,0,0,0,0,0,0,0,0,0,0,0,0,0,0,0,0,0,0,0,0,0,0],
[0,0,0,0,0,0,0,0,0,0,0,0,0,0,0,0,0,0,0,0,0,0,0,0,0,0,0,0,0,0,0,0,0,0,0,0,0,0,0,0,0,0,0,0,0,0,0,0,0,0,0,0,0,22.07,22.07,22.07,15.31,15.36,15.45,15.61,15.78,15.95,16.12,16.30,16.46,16.63,16.86,17.24,17.65,18.01,18.17,18.32,18.47,18.65,18.82,18.98,0,0,0,0,0,0,0,0,0,0,0,0,0,0,0,0,0,0,0,0,0,0,0,0],
[0,0,0,0,0,0,0,0,0,0,0,0,0,0,0,0,0,0,0,0,0,0,0,0,0,0,0,0,0,0,0,0,0,0,0,0,0,0,0,0,0,0,0,0,0,0,0,0,0,0,0,0,0,22.07,22.07,22.07,22.07,15.37,15.49,15.66,15.83,16.00,16.16,16.33,16.50,16.66,16.92,17.40,17.67,17.84,18.01,18.17,18.32,18.48,18.65,18.77,0,0,0,0,0,0,0,0,0,0,0,0,0,0,0,0,0,0,0,0,0,0,0,0],
[0,0,0,0,0,0,0,0,0,0,0,0,0,0,0,0,0,0,0,0,0,0,0,0,0,0,0,0,0,0,0,0,0,0,0,0,0,0,0,0,0,0,0,22.07,22.07,22.07,0,0,0,22.07,0,0,0,22.07,22.07,22.07,22.07,15.40,15.52,15.69,15.86,16.03,16.20,16.36,16.53,16.70,16.82,17.30,17.47,17.64,17.80,17.97,18.14,18.31,18.47,0,0,0,0,0,0,0,0,0,0,0,0,0,0,0,0,0,0,0,0,0,0,0,0,0],
[0,0,0,0,0,0,0,0,0,0,0,0,0,0,0,0,0,0,0,0,0,0,0,0,0,0,0,0,0,0,0,0,0,0,0,0,0,0,0,0,22.07,22.07,22.07,22.07,22.07,22.07,22.07,22.07,22.07,22.07,22.07,22.07,22.07,22.07,22.07,22.07,22.07,22.07,22.07,22.07,22.07,22.07,22.07,22.07,22.07,16.71,16.99,17.26,17.43,17.60,17.78,17.95,18.12,18.29,0,0,0,0,0,0,0,0,0,0,0,0,0,0,0,0,0,0,0,0,0,0,0,0,0,0],
[0,0,0,0,0,0,0,0,0,0,0,0,0,0,0,0,0,0,0,0,0,0,0,0,0,0,0,0,0,0,0,0,0,0,0,0,0,0,0,22.07,22.07,22.07,22.07,22.07,22.07,22.07,22.07,22.07,22.07,22.07,22.07,22.07,22.07,22.07,22.07,22.07,22.07,22.07,22.07,22.07,22.07,22.07,22.07,22.07,22.07,22.07,22.07,22.07,22.07,22.07,22.07,22.07,22.07,22.07,0,0,0,0,0,0,0,0,0,0,0,0,0,0,0,0,0,0,0,0,0,0,0,0,0,0],
[0,0,0,0,0,0,0,0,0,0,0,0,0,0,0,0,0,0,0,0,0,0,0,0,0,0,0,0,0,0,0,0,0,0,0,0,0,0,22.07,22.07,22.07,22.07,22.07,22.07,22.07,22.07,22.07,22.07,22.07,22.07,22.07,22.07,22.07,22.07,22.07,22.07,22.07,22.07,22.07,22.07,22.07,22.07,22.07,22.07,22.07,22.07,22.07,22.07,22.07,22.07,22.07,22.07,22.07,22.07,22.07,0,0,0,0,0,0,0,0,0,0,0,0,0,0,0,0,0,0,0,0,0,0,0,0,0],
[0,0,0,0,0,0,0,0,0,0,0,0,0,0,0,0,0,0,0,0,0,0,0,0,0,0,0,0,0,0,0,0,0,0,0,0,0,22.07,22.07,22.07,22.07,22.07,22.07,22.07,22.07,22.07,22.07,22.07,22.07,22.07,22.07,22.07,22.07,22.07,22.07,22.07,22.07,22.07,22.07,22.07,22.07,22.07,22.07,22.07,22.07,22.07,22.07,22.07,22.07,22.07,22.07,22.07,22.07,22.07,22.07,22.07,22.07,22.07,22.07,22.07,22.07,22.07,0,0,0,0,0,0,0,0,0,0,0,0,0,0,0,0,0,0],
[0,0,0,0,0,0,0,0,0,0,0,0,0,0,0,0,0,0,0,0,0,0,0,0,0,0,0,0,0,0,0,0,0,0,0,0,22.07,22.07,22.07,22.07,22.07,22.07,22.07,22.07,22.07,22.07,22.07,22.07,22.07,22.07,22.07,22.07,22.07,22.07,22.07,22.07,22.07,22.07,22.07,22.07,22.07,22.07,22.07,22.07,22.07,22.07,22.07,22.07,22.07,22.07,22.07,22.07,22.07,22.07,22.07,22.07,22.07,22.07,22.07,22.07,22.07,22.07,22.07,22.07,22.07,22.07,22.07,22.07,22.07,0,0,0,0,0,0,0,0,0,0,0],
[0,0,0,0,0,0,0,0,0,0,0,0,0,0,0,0,0,0,0,0,0,0,0,0,0,0,0,0,0,0,0,0,0,0,0,0,22.07,22.07,22.07,22.07,22.07,22.07,22.07,22.07,22.07,22.07,22.07,22.07,22.07,22.07,22.07,22.07,22.07,22.07,22.07,22.07,22.07,22.07,22.07,22.07,22.07,22.07,22.07,22.07,22.07,22.07,22.07,22.07,22.07,22.07,22.07,22.07,22.07,22.07,22.07,22.07,22.07,22.07,22.07,22.07,22.07,22.07,22.07,22.07,22.07,22.07,22.07,22.07,22.07,22.07,22.07,22.07,0,0,0,0,0,0,0,0],
[0,0,0,0,0,0,0,0,0,0,0,0,0,0,0,0,0,0,0,0,0,0,0,0,0,0,0,0,0,0,0,0,0,0,0,0,22.07,22.07,22.07,22.07,22.07,22.07,22.07,22.07,22.07,22.07,22.07,22.07,22.07,22.07,22.07,22.07,22.07,22.07,22.07,22.07,22.07,22.07,22.07,22.07,22.07,22.07,22.07,22.07,22.07,22.07,22.07,22.07,22.07,22.07,22.07,22.07,22.07,22.07,22.07,22.07,22.07,22.07,22.07,22.07,22.07,22.07,22.07,22.07,22.07,22.07,22.07,22.07,22.07,22.07,22.07,22.07,22.07,0,0,0,0,0,0,0],
[0,0,0,0,0,0,0,0,0,0,0,0,0,0,0,0,0,0,0,0,0,0,0,0,0,0,0,0,0,0,0,0,0,0,0,0,0,22.07,22.07,22.07,22.07,22.07,22.07,22.07,22.07,22.07,22.07,22.07,22.07,22.07,22.07,22.07,22.07,22.07,22.07,22.07,22.07,22.07,22.07,22.07,22.07,22.07,22.07,22.07,22.07,22.07,22.07,22.07,22.07,22.07,22.07,22.07,22.07,22.07,22.07,22.07,22.07,22.07,22.07,22.07,22.07,22.07,22.07,22.07,22.07,22.07,22.07,22.07,22.07,22.07,22.07,22.07,22.07,22.07,0,0,0,0,0,0],
[0,0,0,0,0,0,0,0,0,0,0,0,0,0,0,0,0,0,0,0,0,0,0,0,0,0,0,0,0,0,0,0,0,0,0,0,0,0,22.07,22.07,22.07,22.07,22.07,22.07,22.07,22.07,22.07,22.07,22.07,22.07,22.07,22.07,22.07,22.07,22.07,22.07,22.07,22.07,22.07,22.07,22.07,22.07,22.07,22.07,22.07,22.07,22.07,22.07,22.07,22.07,22.07,22.07,22.07,22.07,22.07,22.07,22.07,22.07,22.07,22.07,22.07,22.07,22.07,22.07,22.07,22.07,22.07,22.07,22.07,22.07,22.07,22.07,22.07,22.07,0,0,0,0,0,0],
[0,0,0,0,0,0,0,0,0,0,0,0,0,0,0,0,0,0,0,0,0,0,0,0,0,0,0,0,0,0,0,0,0,0,0,0,0,22.07,22.07,22.07,22.07,22.07,22.07,22.07,22.07,22.07,22.07,22.07,22.07,22.07,22.07,22.07,22.07,22.07,22.07,22.07,22.07,22.07,22.07,22.07,22.07,22.07,22.07,22.07,22.07,22.07,22.07,22.07,22.07,22.07,22.07,22.07,22.07,22.07,22.07,22.07,22.07,22.07,22.07,22.07,22.07,22.07,22.07,22.07,22.07,22.07,22.07,22.07,22.07,22.07,22.07,22.07,22.07,22.07,22.07,0,0,0,0,0],
[0,0,0,0,0,0,0,0,0,0,0,0,0,0,0,0,0,0,0,0,0,0,0,0,0,0,0,0,0,0,0,0,0,0,0,0,0,22.07,22.07,22.07,22.07,22.07,22.07,22.07,22.07,22.07,22.07,22.07,22.07,22.07,22.07,22.07,22.07,22.07,22.07,22.07,22.07,22.07,22.07,22.07,22.07,22.07,22.07,22.07,22.07,22.07,22.07,22.07,22.07,22.07,22.07,22.07,22.07,22.07,22.07,22.07,22.07,22.07,22.07,22.07,22.07,22.07,22.07,22.07,22.07,22.07,22.07,22.07,22.07,22.07,22.07,22.07,22.07,22.07,22.07,0,0,0,0,0],
[0,0,0,0,0,0,0,0,0,0,0,0,0,0,0,0,0,0,0,0,0,0,0,0,0,0,0,0,0,0,0,0,0,0,0,0,0,22.07,22.07,22.07,22.07,22.07,22.07,22.07,22.07,22.07,22.07,22.07,22.07,22.07,22.07,22.07,22.07,22.07,22.07,22.07,22.07,22.07,22.07,22.07,22.07,22.07,22.07,22.07,22.07,22.07,22.07,22.07,22.07,22.07,22.07,22.07,22.07,22.07,22.07,22.07,22.07,22.07,22.07,22.07,22.07,22.07,22.07,22.07,22.07,22.07,22.07,22.07,22.07,22.07,22.07,22.07,22.07,22.07,22.07,22.07,0,0,0,0],
[0,0,0,0,0,0,0,0,0,0,0,0,0,0,0,0,0,0,0,0,0,0,0,0,0,0,0,0,0,0,0,0,0,0,0,0,0,22.07,22.07,22.07,22.07,22.07,22.07,22.07,22.07,22.07,22.07,22.07,22.07,22.07,22.07,22.07,22.07,22.07,22.07,22.07,22.07,22.07,22.07,22.07,22.07,22.07,22.07,22.07,22.07,22.07,22.07,22.07,22.07,22.07,22.07,22.07,22.07,22.07,22.07,22.07,22.07,22.07,22.07,22.07,22.07,22.07,22.07,22.07,22.07,22.07,22.07,22.07,22.07,22.07,22.07,22.07,22.07,22.07,22.07,22.07,22.07,0,0,0],
[0,0,0,0,0,0,0,0,0,0,0,0,0,0,0,0,0,0,0,0,0,0,0,0,0,0,0,0,0,0,0,0,0,0,0,0,0,22.07,22.07,22.07,22.07,22.07,22.07,22.07,22.07,22.07,22.07,22.07,22.07,22.07,22.07,22.07,22.07,22.07,22.07,22.07,22.07,22.07,22.07,22.07,22.07,22.07,22.07,22.07,22.07,22.07,22.07,22.07,22.07,22.07,22.07,22.07,22.07,22.07,22.07,22.07,22.07,22.07,22.07,22.07,22.07,22.07,22.07,22.07,22.07,22.07,22.07,22.07,22.07,22.07,22.07,22.07,22.07,22.07,22.07,22.07,22.07,0,0,0],
[0,0,0,0,0,0,0,0,0,0,0,0,0,0,0,0,0,0,0,0,0,0,0,0,0,0,0,0,0,0,0,0,0,0,0,0,0,22.07,22.07,22.07,22.07,22.07,22.07,22.07,22.07,22.07,22.07,22.07,22.07,22.07,22.07,22.07,22.07,22.07,22.07,22.07,22.07,22.07,22.07,22.07,22.07,22.07,22.07,22.07,22.07,22.07,22.07,22.07,22.07,22.07,22.07,22.07,22.07,22.07,22.07,22.07,22.07,22.07,22.07,22.07,22.07,22.07,22.07,22.07,22.07,22.07,22.07,22.07,22.07,22.07,22.07,22.07,22.07,22.07,22.07,22.07,22.07,0,0,0],
[0,0,0,0,0,0,0,0,0,0,0,0,0,0,0,0,0,0,0,0,0,0,0,0,0,0,0,0,0,0,0,0,0,0,0,0,0,22.07,22.07,22.07,22.07,22.07,22.07,22.07,22.07,22.07,22.07,22.07,22.07,22.07,22.07,22.07,22.07,22.07,22.07,22.07,22.07,22.07,22.07,22.07,22.07,22.07,22.07,22.07,22.07,22.07,22.07,22.07,22.07,22.07,22.07,22.07,22.07,22.07,22.07,22.07,22.07,22.07,22.07,22.07,22.07,22.07,22.07,22.07,22.07,22.07,22.07,22.07,22.07,22.07,22.07,22.07,22.07,22.07,22.07,22.07,22.07,0,0,0],
[0,0,0,0,0,0,0,0,0,0,0,0,0,0,0,0,0,0,0,0,0,0,0,0,0,0,0,0,0,0,0,0,0,0,0,0,0,22.07,22.07,22.07,22.07,22.07,22.07,22.07,22.07,22.07,22.07,22.07,22.07,22.07,22.07,22.07,22.07,22.07,22.07,22.07,22.07,22.07,22.07,22.07,22.07,22.07,22.07,22.07,22.07,22.07,22.07,22.07,22.07,22.07,22.07,22.07,22.07,22.07,22.07,22.07,22.07,22.07,22.07,22.07,22.07,22.07,22.07,22.07,22.07,22.07,22.07,22.07,22.07,22.07,22.07,22.07,22.07,22.07,22.07,22.07,0,0,0,0],
[0,0,0,0,0,0,0,0,0,0,0,0,0,0,0,0,0,0,0,0,0,0,0,0,0,0,0,0,0,0,0,0,0,0,0,0,0,22.07,22.07,22.07,22.07,22.07,22.07,22.07,22.07,22.07,22.07,22.07,22.07,22.07,22.07,22.07,22.07,22.07,22.07,22.07,22.07,22.07,22.07,22.07,22.07,22.07,22.07,22.07,22.07,22.07,22.07,22.07,22.07,22.07,22.07,22.07,22.07,22.07,22.07,22.07,22.07,22.07,22.07,22.07,22.07,22.07,22.07,22.07,22.07,22.07,22.07,22.07,22.07,22.07,22.07,22.07,22.07,22.07,22.07,0,0,0,0,0],
[0,0,0,0,0,0,0,0,0,0,0,0,0,0,0,0,0,0,0,0,0,0,0,0,0,0,0,0,0,0,0,0,0,0,0,0,0,0,22.07,22.07,22.07,22.07,22.07,22.07,22.07,22.07,22.07,22.07,22.07,22.07,22.07,22.07,22.07,22.07,22.07,22.07,22.07,22.07,22.07,22.07,22.07,22.07,22.07,22.07,22.07,22.07,22.07,22.07,22.07,22.07,22.07,22.07,22.07,22.07,22.07,22.07,22.07,22.07,22.07,22.07,22.07,22.07,22.07,22.07,22.07,22.07,22.07,22.07,22.07,22.07,22.07,22.07,22.07,0,0,0,0,0,0,0],
[0,0,0,0,0,0,0,0,0,0,0,0,0,0,0,0,0,0,0,0,0,0,0,0,0,0,0,0,0,0,0,0,0,0,0,0,0,0,0,0,22.07,22.07,22.07,22.07,22.07,22.07,22.07,22.07,22.07,22.07,22.07,22.07,22.07,22.07,22.07,22.07,22.07,22.07,22.07,22.07,22.07,22.07,22.07,22.07,22.07,22.07,22.07,22.07,22.07,22.07,22.07,22.07,22.07,22.07,22.07,22.07,22.07,22.07,22.07,22.07,22.07,22.07,22.07,22.07,22.07,22.07,22.07,22.07,0,0,0,0,0,0,0,0,0,0,0,0],
[0,0,0,0,0,0,0,0,0,0,0,0,0,0,0,0,0,0,0,0,0,0,0,0,0,0,0,0,0,0,0,0,0,0,0,0,0,0,0,0,22.07,22.07,22.07,22.07,22.07,22.07,22.07,22.07,22.07,22.07,22.07,22.07,22.07,22.07,22.07,22.07,22.07,22.07,22.07,22.07,22.07,22.07,22.07,22.07,22.07,22.07,22.07,22.07,22.07,22.07,22.07,22.07,22.07,22.07,22.07,22.07,22.07,22.07,22.07,22.07,22.07,22.07,22.07,22.07,22.07,0,0,0,0,0,0,0,0,0,0,0,0,0,0,0],
[0,0,0,0,0,0,0,0,0,0,0,0,0,0,0,0,0,0,0,0,0,0,0,0,0,0,0,0,0,0,0,0,0,0,0,0,0,0,0,0,0,22.07,22.07,22.07,22.07,22.07,22.07,22.07,22.07,22.07,22.07,22.07,22.07,22.07,22.07,22.07,22.07,22.07,22.07,22.07,22.07,22.07,22.07,22.07,22.07,22.07,22.07,22.07,22.07,22.07,22.07,22.07,22.07,22.07,22.07,22.07,22.07,22.07,22.07,22.07,22.07,22.07,22.07,0,0,0,0,0,0,0,0,0,0,0,0,0,0,0,0,0],
[0,0,0,0,0,0,0,0,0,0,0,0,0,0,0,0,0,0,0,0,0,0,0,0,0,0,0,0,0,0,0,0,0,0,0,0,0,0,0,0,0,0,0,0,0,22.07,22.07,22.07,22.07,22.07,22.09,22.07,22.07,0,0,0,0,0,22.07,22.07,22.07,22.07,22.07,22.07,22.07,0,0,0,0,0,22.07,22.07,0,0,0,0,22.07,22.07,22.07,22.07,0,0,0,0,0,0,0,0,0,0,0,0,0,0,0,0,0,0,0,0],
[0,0,0,0,0,0,0,0,0,0,0,0,0,0,0,0,0,0,0,0,0,0,0,0,0,0,0,0,0,0,0,0,0,0,0,0,0,0,0,0,0,0,0,0,0,22.07,22.07,22.07,22.07,22.14,22.18,0,0,0,0,0,0,0,0,0,0,22.07,22.07,22.07,0,0,0,0,0,0,0,0,0,0,0,0,0,0,0,0,0,0,0,0,0,0,0,0,0,0,0,0,0,0,0,0,0,0,0,0],
[0,0,0,0,0,0,0,0,0,0,0,0,0,0,0,0,0,0,0,0,0,0,0,0,0,0,0,0,0,0,0,0,0,0,0,0,0,0,0,0,0,0,0,0,0,0,22.07,22.07,22.27,22.40,22.42,22.53,0,0,0,0,0,0,0,0,0,0,0,0,0,0,0,0,0,0,0,0,0,0,0,0,0,0,0,0,0,0,0,0,0,0,0,0,0,0,0,0,0,0,0,0,0,0,0,0],
[0,0,0,0,0,0,0,0,0,0,0,0,0,0,0,0,0,0,0,0,0,0,0,0,0,0,0,0,0,0,0,0,0,0,0,0,0,0,0,0,0,0,0,0,0,0,0,0,0,22.63,22.72,22.77,0,0,0,0,0,0,0,0,0,0,0,0,0,0,0,0,0,0,0,0,0,0,0,0,0,0,0,0,0,0,0,0,0,0,0,0,0,0,0,0,0,0,0,0,0,0,0,0],
[0,0,0,0,0,0,0,0,0,0,0,0,0,0,0,0,0,0,0,0,0,0,0,0,0,0,0,0,0,0,0,0,0,0,0,0,0,0,0,0,0,0,0,0,0,0,0,0,0,22.85,22.94,23.04,23.14,0,0,0,0,0,0,0,0,0,0,0,0,0,0,0,0,0,0,0,0,0,0,0,0,0,0,0,0,0,0,25.07,25.07,25.07,25.07,25.07,0,0,0,0,0,0,0,0,0,0,0,0],
[0,0,0,0,0,0,0,0,0,0,0,0,0,0,0,0,0,0,0,0,0,0,0,0,0,0,0,0,0,0,0,0,0,0,0,0,0,0,0,0,0,0,0,0,0,0,0,0,0,0,23.24,23.34,23.37,0,0,0,0,0,0,0,0,0,0,0,0,0,0,0,0,0,0,0,0,0,0,0,0,0,0,0,0,25.07,25.07,25.07,25.07,25.07,25.07,25.07,25.07,25.07,0,0,0,0,0,0,0,0,0,0],
[0,0,0,0,0,0,0,0,0,0,0,0,0,0,0,0,0,0,0,0,0,0,0,0,0,0,0,0,0,0,0,0,0,0,0,0,0,0,0,0,0,0,0,0,0,0,0,0,0,0,0,23.62,23.66,23.74,0,0,0,0,0,0,0,0,0,0,0,0,0,0,0,0,0,0,0,0,25.07,25.07,25.07,25.07,25.07,25.07,25.07,25.07,25.07,25.07,25.07,25.07,25.07,25.07,25.07,25.07,25.07,0,0,0,0,0,0,0,0,0],
[0,0,0,0,0,0,0,0,0,0,0,0,0,0,0,0,0,0,0,0,0,0,0,0,0,0,0,0,0,0,0,0,0,0,0,0,0,0,0,0,0,0,0,0,0,0,0,0,0,0,0,23.85,23.98,23.98,24.11,0,0,0,0,0,0,0,0,0,0,0,0,0,0,0,0,0,0,0,25.07,25.07,25.07,25.07,25.07,25.07,25.07,25.07,25.07,25.07,25.07,25.07,25.07,25.07,25.07,25.07,25.07,25.07,0,0,0,0,0,0,0,0],
[0,0,0,0,0,0,0,0,0,0,0,0,0,0,0,0,0,0,0,0,0,0,0,0,0,0,0,0,0,0,0,0,0,0,0,0,0,0,0,0,0,0,0,0,0,0,0,0,0,0,0,0,24.23,24.29,24.34,0,0,0,0,0,0,0,0,0,0,0,0,0,0,0,0,0,0,25.07,25.07,25.07,25.07,25.07,25.07,25.07,25.07,25.07,25.07,25.07,25.07,25.07,25.07,25.07,25.07,25.07,25.07,25.07,25.07,0,0,0,0,0,0,0],
[0,0,0,0,0,0,0,0,0,0,0,0,0,0,0,0,0,0,0,0,0,0,0,0,0,0,0,0,0,0,0,0,0,0,0,0,0,0,0,0,0,0,0,0,0,0,0,0,0,0,0,0,24.48,24.59,24.58,24.67,0,0,25.07,25.07,25.07,25.07,25.07,25.07,25.07,25.07,25.07,0,0,0,0,25.07,25.07,25.07,25.07,25.07,25.07,25.07,25.07,25.07,25.07,25.07,25.07,25.07,25.07,25.07,25.07,25.07,25.07,25.07,25.07,25.07,25.07,25.07,0,0,0,0,0,0],
[0,0,0,0,0,0,0,0,0,0,0,0,0,0,0,0,0,0,0,0,0,0,0,0,0,0,0,0,0,0,0,0,0,0,0,0,0,0,0,0,0,0,0,0,0,0,0,0,0,0,0,0,0,24.83,24.87,24.87,25.07,25.07,25.07,25.07,25.07,25.07,25.07,25.07,25.07,25.07,25.07,25.07,25.07,25.07,25.07,25.07,25.07,25.07,25.07,25.07,25.07,25.07,25.07,25.07,25.07,25.07,25.07,25.07,25.07,25.07,25.07,25.07,25.07,25.07,25.07,25.07,25.07,25.07,0,0,0,0,0,0],
[0,0,0,0,0,0,0,0,0,0,0,0,0,0,0,0,0,0,0,0,0,0,0,0,0,0,0,0,0,0,0,0,0,0,0,0,0,0,0,0,0,0,0,0,0,0,0,0,0,0,25.07,25.07,25.07,25.07,25.07,25.07,25.07,25.07,25.07,25.07,25.07,25.07,25.07,25.07,25.07,25.07,25.07,25.07,25.07,25.07,25.07,25.07,25.07,25.07,25.07,25.07,25.07,25.07,25.07,25.07,25.07,25.07,25.07,25.07,25.07,25.07,25.07,25.07,25.07,25.07,25.07,25.07,25.07,25.07,0,0,0,0,0,0],
[0,0,0,0,0,0,0,0,0,0,0,0,0,0,0,0,0,0,0,0,0,0,0,0,0,0,0,0,0,0,0,0,0,0,0,0,0,0,0,0,0,0,0,0,0,0,0,0,0,25.07,25.07,25.07,25.07,25.07,25.07,25.07,25.07,25.07,25.07,25.07,25.07,25.07,25.07,25.07,25.07,25.07,25.07,25.07,25.07,25.07,25.07,25.07,25.07,25.07,25.07,25.07,25.07,25.07,25.07,25.07,25.07,25.07,25.07,25.07,25.07,25.07,25.07,25.07,25.07,25.07,25.07,25.07,25.07,0,0,0,0,0,0,0],
[0,0,0,0,0,0,0,0,0,0,0,0,0,0,0,0,0,0,0,0,0,0,0,0,0,0,0,0,0,0,0,0,0,0,0,0,0,0,0,0,0,0,0,0,0,0,0,0,0,25.07,25.07,25.07,25.07,25.07,25.07,25.07,25.07,25.07,25.07,25.07,25.07,25.07,25.07,25.07,25.07,25.07,25.07,25.07,25.07,25.07,25.07,25.07,25.07,25.07,25.07,25.07,25.07,25.07,25.07,25.07,25.07,25.07,25.07,25.07,25.07,25.07,25.07,25.07,25.07,25.07,25.07,25.07,25.07,0,0,0,0,0,0,0],
[0,0,0,0,0,0,0,0,0,0,0,0,0,0,0,0,0,0,0,0,0,0,0,0,0,0,0,0,0,0,0,0,0,0,0,0,0,0,0,0,0,0,0,0,0,0,0,0,0,0,0,25.07,25.07,25.07,25.07,25.07,25.07,25.07,25.07,25.07,25.07,25.07,25.07,25.07,25.07,25.07,25.07,25.07,25.07,25.07,25.07,25.07,25.07,25.07,25.07,25.07,25.07,25.07,25.07,25.07,25.07,25.07,25.07,25.07,25.07,25.07,25.07,25.07,25.07,25.07,25.07,25.07,0,0,0,0,0,0,0,0],
[0,0,0,0,0,0,0,0,0,0,0,0,0,0,0,0,0,0,0,0,0,0,0,0,0,0,0,0,0,0,0,0,0,0,0,0,0,0,0,0,0,0,0,0,0,0,0,0,0,0,0,0,0,0,0,0,0,25.07,25.07,0,0,25.07,25.07,25.07,25.07,25.07,25.07,25.07,25.07,25.07,25.07,25.07,25.07,25.07,25.07,25.07,25.07,25.07,25.07,25.07,25.07,25.07,25.07,25.07,25.07,25.07,25.07,25.07,25.07,25.07,25.07,25.07,0,0,0,0,0,0,0,0],
[0,0,0,0,0,0,0,0,0,0,0,0,0,0,0,0,0,0,0,0,0,0,0,0,0,0,0,0,0,0,0,0,0,0,0,0,0,0,0,0,0,0,0,0,0,0,0,0,25.94,25.94,0,0,0,0,0,25.94,25.94,25.94,0,0,0,0,0,25.07,25.07,25.07,25.07,25.07,25.07,25.07,25.07,25.07,25.07,25.07,25.07,25.07,25.07,25.07,25.07,25.07,25.07,25.07,25.07,25.07,25.07,25.07,25.07,25.07,25.07,25.07,25.07,25.07,0,0,0,0,0,0,0,0],
[0,0,0,0,0,0,0,0,0,0,0,0,0,0,0,0,0,0,0,0,0,0,0,0,0,0,0,0,0,0,0,0,0,0,0,0,0,0,0,0,0,0,0,0,0,0,0,25.94,25.94,25.94,25.94,25.94,25.94,25.94,25.94,25.94,25.94,25.94,25.94,25.94,0,0,0,0,25.07,25.07,25.07,25.07,25.07,25.07,25.07,25.07,25.07,25.07,25.07,25.07,25.07,25.07,25.07,25.07,25.07,25.07,25.07,25.07,25.07,25.07,25.07,25.07,25.07,25.07,25.07,25.07,0,0,0,0,0,0,0,0],
[0,0,0,0,0,0,0,0,0,0,0,0,0,0,0,0,0,0,0,0,0,0,0,0,0,0,0,0,0,0,0,0,0,0,0,0,0,0,0,0,0,0,0,0,0,25.94,25.94,25.94,25.94,25.94,25.94,25.94,25.94,25.94,25.94,25.94,25.94,25.94,25.94,25.94,25.94,0,0,0,0,25.07,25.07,25.07,25.07,25.07,25.07,25.07,25.07,25.07,25.07,25.07,25.07,25.07,25.07,25.07,25.07,25.07,25.07,25.07,25.07,25.07,25.07,25.07,25.07,25.07,25.07,25.07,0,0,0,0,0,0,0,0],
[0,0,0,0,0,0,0,0,0,0,0,0,0,0,0,0,0,0,0,0,0,0,0,0,0,0,0,0,0,0,0,0,0,0,0,0,0,0,0,0,0,0,0,25.94,25.94,25.94,25.94,25.94,25.94,25.94,25.94,25.94,25.94,25.94,25.94,25.94,25.94,25.94,25.94,25.94,25.94,0,0,0,0,25.07,25.07,25.07,25.07,25.07,25.07,25.07,25.07,25.07,25.07,25.07,25.07,25.07,25.07,25.07,25.07,25.07,25.07,25.07,25.07,25.07,25.07,25.07,25.07,25.07,25.07,25.07,0,0,0,0,0,0,0,0],
[0,0,0,0,0,0,0,0,0,0,0,0,0,0,0,0,0,0,0,0,0,0,0,0,0,0,0,0,0,0,0,0,0,0,0,0,25.94,25.94,25.94,25.94,25.94,25.94,25.94,25.94,25.94,25.94,25.94,25.94,25.94,25.94,25.94,25.94,25.94,25.94,25.94,25.94,25.94,25.94,25.94,25.94,25.94,25.94,0,0,0,0,25.07,25.07,25.07,25.07,25.07,25.07,25.07,25.07,25.07,25.07,25.07,25.07,25.07,25.07,25.07,25.07,25.07,25.07,25.07,25.07,25.07,25.07,25.07,25.07,25.07,25.07,0,0,0,0,0,0,0,0],
[0,0,0,0,0,0,0,0,0,0,0,0,0,0,0,0,0,0,0,0,0,0,0,0,0,0,0,0,0,0,0,0,0,0,0,25.94,25.94,25.94,25.94,25.94,25.94,25.94,25.94,25.94,25.94,25.94,25.94,25.94,25.94,25.94,25.94,25.94,25.94,25.94,25.94,25.94,25.94,25.94,25.94,25.94,25.94,25.94,25.96,25.79,0,0,25.07,25.07,25.07,25.07,25.07,25.07,25.07,25.07,25.07,25.07,25.07,25.07,25.07,25.07,25.07,25.07,25.07,25.07,25.07,25.07,25.07,25.07,25.07,25.07,25.07,25.07,0,0,0,0,0,0,0,0],
[0,0,0,0,0,0,0,0,0,0,0,0,0,0,0,0,0,0,0,0,0,0,0,0,0,0,0,0,0,0,0,0,0,0,25.94,25.94,25.94,25.94,25.94,25.94,25.94,25.94,25.94,25.94,25.94,25.94,25.94,25.94,25.94,25.94,25.94,25.94,25.94,25.94,25.94,25.94,25.94,25.94,25.94,25.94,25.94,25.94,25.97,25.79,25.55,25.37,25.10,25.07,25.07,25.07,25.07,25.07,25.07,25.07,25.07,25.07,25.07,25.07,25.07,25.07,25.07,25.07,25.07,25.07,25.07,25.07,25.07,25.07,25.07,25.07,25.07,25.07,25.07,0,0,0,0,0,0,0],
[0,0,0,0,0,0,0,0,0,0,0,0,0,0,0,0,0,0,0,0,0,0,0,0,0,0,0,0,0,0,0,0,0,0,25.94,25.94,25.94,25.94,25.94,25.94,25.94,25.94,25.94,25.94,25.94,25.94,25.94,25.94,25.94,25.94,25.94,25.94,25.94,25.94,25.94,25.94,25.94,25.94,25.94,25.94,25.94,25.94,25.96,25.99,25.71,25.44,25.15,25.09,25.08,25.07,25.07,25.07,25.07,25.07,25.07,25.07,25.07,25.07,25.07,25.07,25.07,25.07,25.07,25.07,25.07,25.07,25.07,25.07,25.07,25.07,25.07,25.07,25.07,0,0,0,0,0,0,0],
[0,0,0,0,0,0,0,0,0,0,0,0,0,0,0,0,0,0,0,0,0,0,0,0,0,0,0,0,0,0,0,0,0,25.94,25.94,25.94,25.94,25.94,25.94,25.94,25.94,25.94,25.94,25.94,25.94,25.94,25.94,25.94,25.94,25.94,25.94,25.94,25.94,25.94,25.94,25.94,25.94,25.94,25.94,25.94,25.94,25.94,25.96,25.99,25.94,25.70,25.35,25.13,25.10,25.09,25.08,25.07,25.07,25.07,25.07,25.07,25.07,25.07,25.07,25.07,25.07,25.07,25.07,25.07,25.07,25.07,25.07,25.07,25.07,25.07,25.07,25.07,25.07,0,0,0,0,0,0,0],
[0,0,0,0,0,0,0,0,0,0,0,0,0,0,0,0,0,0,0,0,0,0,0,0,0,0,0,0,0,0,0,0,25.94,25.94,25.94,25.94,25.94,25.94,25.94,25.94,25.94,25.94,25.94,25.94,25.94,25.94,25.94,25.94,25.94,25.94,25.94,25.94,25.94,25.94,25.94,25.94,25.94,25.94,25.94,25.94,25.94,25.94,25.96,25.99,26.00,25.82,25.51,25.28,25.11,25.10,25.09,25.09,25.08,25.07,25.07,25.07,25.07,25.07,25.07,25.07,25.07,25.07,25.07,25.07,25.07,25.07,25.07,25.07,25.07,25.07,25.07,25.07,25.07,0,0,0,0,0,0,0],
[0,0,0,0,0,0,0,0,0,0,0,0,0,0,0,0,0,0,0,0,0,0,0,0,0,0,0,0,0,0,0,0,25.94,25.94,25.94,25.94,25.94,25.94,25.94,25.94,25.94,25.94,25.94,25.94,25.94,25.94,25.94,25.94,25.94,25.94,25.94,25.94,25.94,25.94,25.94,25.94,25.94,25.94,25.94,25.94,25.94,25.94,25.96,25.98,26.00,25.86,25.67,25.45,25.13,25.12,25.11,25.10,25.09,25.09,25.08,25.07,25.07,25.07,25.07,25.07,25.07,25.07,25.07,25.07,25.07,25.07,25.07,25.07,25.07,25.07,25.07,25.07,25.07,0,0,0,0,0,0,0],
[0,0,0,0,0,0,0,0,0,0,0,0,0,0,0,0,0,0,0,0,0,0,0,0,0,0,0,0,0,0,0,25.94,25.94,25.94,25.94,25.94,25.94,25.94,25.94,25.94,25.94,25.94,25.94,25.94,25.94,25.94,25.94,25.94,25.94,25.94,25.94,25.94,25.94,25.94,25.94,25.94,25.94,25.94,25.94,25.94,25.94,25.94,25.96,25.98,26.00,25.84,25.67,25.44,25.23,25.13,25.12,25.12,25.11,25.10,25.09,25.08,25.08,25.07,25.07,25.07,25.07,25.07,25.07,25.07,25.07,25.07,25.07,25.07,25.07,25.07,25.07,25.07,25.07,0,0,0,0,0,0,0],
[0,0,0,0,0,0,0,0,0,0,0,0,0,0,0,0,0,0,0,0,0,0,0,0,0,0,0,0,0,0,0,25.94,25.94,25.94,25.94,25.94,25.94,25.94,25.94,25.94,25.94,25.94,25.94,25.94,25.94,25.94,25.94,25.94,25.94,25.94,25.94,25.94,25.94,25.94,25.94,25.94,25.94,25.94,25.94,25.94,25.94,25.94,25.95,25.98,26.00,25.80,25.66,25.37,25.20,25.11,25.12,25.12,25.12,25.11,25.11,25.10,25.09,25.08,25.08,25.07,25.07,25.07,25.07,25.07,25.07,25.07,25.07,25.07,25.07,25.07,25.07,25.07,25.07,0,0,0,0,0,0,0],
[0,0,0,0,0,0,0,0,0,0,0,0,0,0,0,0,0,0,0,0,0,0,0,0,0,0,0,0,0,0,0,25.94,25.94,25.94,25.94,25.94,25.94,25.94,25.94,25.94,25.94,25.94,25.94,25.94,25.94,25.94,25.94,25.94,25.94,25.94,25.94,25.94,25.94,25.94,25.94,25.94,25.94,25.94,25.94,25.94,25.94,25.94,25.95,25.97,25.97,25.75,25.58,25.28,25.13,25.07,25.10,25.10,25.10,25.10,25.10,25.10,25.10,25.10,25.09,25.08,25.07,25.07,25.07,25.07,25.07,25.07,25.07,25.07,25.07,25.07,25.07,25.07,25.07,0,0,0,0,0,0,0],
[0,0,0,0,0,0,0,0,0,0,0,0,0,0,0,0,0,0,0,0,0,0,0,0,0,0,0,0,0,0,0,25.94,25.94,25.94,25.94,25.94,25.94,25.94,25.94,25.94,25.94,25.94,25.94,25.94,25.94,25.94,25.94,25.94,25.94,25.94,25.94,25.94,25.94,25.94,25.94,25.94,25.94,25.94,25.94,25.94,25.94,25.94,25.95,25.98,25.94,25.72,25.50,25.26,25.11,25.10,25.08,25.08,25.09,25.09,25.09,25.09,25.09,25.09,25.09,25.09,25.09,25.08,25.07,25.07,25.07,25.07,25.07,25.07,25.07,25.07,25.07,25.07,0,0,0,0,0,0,0,0],
[0,0,0,0,0,0,0,0,0,0,0,0,0,0,0,0,0,0,0,0,0,0,0,0,0,0,0,0,0,0,25.94,25.94,25.94,25.94,25.94,25.94,25.94,25.94,25.94,25.94,25.94,25.94,25.94,25.94,25.94,25.94,25.94,25.94,25.94,25.94,25.94,25.94,25.94,25.94,25.94,25.94,25.94,25.94,25.94,25.94,25.94,25.94,25.95,25.98,25.92,25.73,25.48,25.25,25.11,25.09,25.08,25.07,25.07,25.07,25.07,25.07,25.07,25.07,25.07,25.07,25.07,25.07,25.07,25.07,25.07,25.07,25.07,0,25.07,25.07,0,0,0,0,0,0,0,0,0,0],
[0,0,0,0,0,0,0,0,0,0,0,0,0,0,0,0,0,0,0,0,0,0,0,0,0,0,0,0,0,0,25.94,25.94,25.94,25.94,25.94,25.94,25.94,25.94,25.94,25.94,25.94,25.94,25.94,25.94,25.94,25.94,25.94,25.94,25.94,25.94,25.94,25.94,25.94,25.94,25.94,25.94,25.94,25.94,25.94,25.94,25.94,25.94,25.95,25.97,25.91,25.75,25.56,0,0,25.07,25.07,25.07,25.07,25.07,25.07,25.07,25.07,25.07,25.07,25.07,25.08,25.08,25.09,25.07,25.07,0,0,0,0,0,0,0,0,0,0,0,0,0,0,0],
[0,0,0,0,0,0,0,0,0,0,0,0,0,0,0,0,0,0,0,0,0,0,0,0,0,0,0,0,0,0,0,25.94,25.94,25.94,25.94,25.94,25.94,25.94,25.94,25.94,25.94,25.94,25.94,25.94,25.94,25.94,25.94,25.94,25.94,25.94,25.94,25.94,25.94,25.94,25.94,25.94,25.94,25.94,25.94,25.94,25.94,25.94,25.94,25.94,25.90,25.83,0,0,0,0,0,0,0,0,0,25.07,25.07,25.07,25.20,25.19,25.19,25.20,25.22,0,0,0,0,0,0,0,0,0,0,0,0,0,0,0,0,0],
[0,0,0,0,0,0,0,0,0,0,0,0,0,0,0,0,0,0,0,0,0,0,0,0,0,0,0,0,0,0,0,25.94,25.94,25.94,25.94,25.94,25.94,25.94,25.94,25.94,25.94,25.94,25.94,25.94,25.94,25.94,25.94,25.94,25.94,25.94,25.94,25.94,25.94,25.94,25.94,25.94,25.94,25.94,25.94,25.94,25.94,25.94,25.94,0,0,0,0,0,0,0,0,0,0,0,0,0,0,0,25.64,25.63,25.62,25.62,25.64,0,0,0,0,0,0,0,0,0,0,0,0,0,0,0,0,0],
[0,0,0,0,0,0,0,0,0,0,0,0,0,0,0,0,0,0,0,0,0,0,0,0,0,0,0,0,0,0,0,0,25.94,0,0,0,0,25.94,25.94,25.94,25.94,25.94,25.94,25.94,25.94,25.94,25.94,25.94,25.94,25.94,25.94,25.94,25.94,25.94,25.94,25.94,25.94,25.94,25.94,25.94,25.94,25.94,0,0,0,0,0,0,0,0,0,0,0,0,0,0,0,0,26.26,26.24,26.23,26.25,26.28,0,0,0,0,0,0,0,0,0,0,0,0,0,0,0,0,0],
[0,0,0,0,0,0,0,0,0,0,0,0,0,0,0,0,0,0,0,0,0,0,0,0,0,0,0,0,0,0,0,0,0,0,0,0,0,0,25.94,25.94,25.94,25.94,25.94,25.94,25.94,25.94,25.94,25.94,25.94,25.94,25.94,25.94,25.94,25.94,25.94,25.94,25.94,25.94,25.94,25.94,25.94,25.94,0,0,0,0,0,0,0,0,0,0,0,0,0,0,0,0,26.45,26.46,26.46,26.46,26.45,0,0,0,0,0,0,0,0,0,0,0,0,0,0,0,0,0],
[0,0,0,0,0,0,0,0,0,0,0,0,0,0,0,0,0,0,0,0,0,0,0,0,0,0,0,0,0,0,0,0,0,0,0,0,0,0,0,25.94,25.94,25.94,25.94,25.94,25.94,0,0,0,25.94,25.94,25.94,25.94,25.94,25.94,25.94,25.94,25.94,25.94,25.94,25.94,25.94,0,0,0,0,0,0,0,0,0,0,0,0,0,0,0,0,26.40,26.40,26.40,26.40,26.40,26.40,26.40,0,0,0,0,0,0,0,0,0,0,0,0,0,0,0,0],
[0,0,0,0,0,0,0,0,0,0,0,0,0,0,0,0,0,0,0,0,0,0,0,0,0,0,0,0,0,0,0,0,0,0,0,0,0,0,0,0,0,0,0,0,0,0,0,0,25.94,25.94,25.94,25.94,25.94,25.94,25.94,25.94,25.94,25.94,25.94,0,0,0,0,0,0,0,0,0,0,0,0,0,0,0,0,0,0,26.40,26.40,26.40,26.40,26.40,26.40,26.40,0,0,0,0,0,0,0,0,0,0,0,0,0,0,0,0],
[0,0,0,0,0,0,0,0,0,0,0,0,0,0,0,0,0,0,0,0,0,0,0,0,0,0,0,0,0,0,0,0,0,0,0,0,0,0,0,0,0,0,0,0,0,0,0,0,25.94,25.94,25.94,25.94,25.94,25.94,25.94,25.94,0,0,0,0,0,0,0,0,0,0,0,0,0,0,0,0,0,0,0,0,0,26.40,26.40,26.40,26.40,26.40,26.40,26.40,0,0,0,0,0,0,0,0,0,0,0,0,0,0,0,0],
[0,0,0,0,0,0,0,0,0,0,0,0,0,0,0,0,0,0,0,0,0,0,0,0,0,0,0,0,0,0,0,0,0,0,0,0,0,0,0,0,0,0,0,0,0,0,0,0,0,0,25.94,25.94,25.94,25.94,25.94,0,0,0,0,0,0,0,0,0,0,0,0,0,0,0,0,0,0,0,0,0,0,26.40,26.40,26.40,26.40,26.40,26.40,26.40,0,0,0,0,0,0,0,0,0,0,0,0,0,0,0,0],
[0,0,0,0,0,0,0,0,0,0,0,0,0,0,0,0,0,0,0,0,0,0,0,0,0,0,0,0,0,0,0,0,0,0,0,0,0,0,0,0,0,0,0,0,0,0,0,0,0,0,0,0,0,0,0,0,0,0,0,0,0,0,0,0,0,0,0,0,0,0,0,0,0,0,0,0,0,26.40,26.40,26.40,26.40,26.40,26.40,26.40,0,0,0,0,0,0,0,0,0,0,0,0,0,0,0,0],
[0,0,0,0,0,0,0,0,0,0,0,0,0,0,0,0,0,0,0,0,0,0,0,0,0,0,0,0,0,0,0,0,0,0,0,0,0,0,0,0,0,0,0,0,0,0,0,0,0,0,0,0,0,0,0,0,0,0,0,0,0,0,0,0,0,0,0,0,0,0,0,0,0,0,0,0,0,26.40,26.40,26.40,26.40,26.40,26.40,26.40,0,0,0,0,0,0,0,0,0,0,0,0,0,0,0,0],
[0,0,0,0,0,0,0,0,0,0,0,0,0,0,0,0,0,0,0,0,0,0,0,0,0,0,0,0,0,0,0,0,0,0,0,0,0,0,0,0,0,0,0,0,0,0,0,0,0,0,0,0,0,0,0,0,0,0,0,0,0,0,0,0,0,0,0,0,0,0,0,0,0,0,0,0,0,0,0,26.40,26.40,26.40,0,0,0,0,0,0,0,0,0,0,0,0,0,0,0,0,0,0],
[0,0,0,0,0,0,0,0,0,0,0,0,0,0,0,0,0,0,0,0,0,0,0,0,0,0,0,0,0,0,0,0,0,0,0,0,0,0,0,0,0,0,0,0,0,0,0,0,0,0,0,0,0,0,0,0,0,0,0,0,0,0,0,0,0,0,0,0,0,0,0,0,0,0,0,0,0,0,0,0,0,0,0,0,0,0,0,0,0,0,0,0,0,0,0,0,0,0,0,0],
[0,0,0,0,0,0,0,0,0,0,0,0,0,0,0,0,0,0,0,0,0,0,0,0,0,0,0,0,0,0,0,0,0,0,0,0,0,0,0,0,0,0,0,0,0,0,0,0,0,0,0,0,0,0,0,0,0,0,0,0,0,0,0,0,0,0,0,0,0,0,0,0,0,0,0,0,0,0,0,0,0,0,0,0,0,0,0,0,0,0,0,0,0,0,0,0,0,0,0,0],
[0,0,0,0,0,0,0,0,0,0,0,0,0,0,0,0,0,0,0,0,0,0,0,0,0,0,0,0,0,0,0,0,0,0,0,0,0,0,0,0,0,0,0,0,0,0,0,0,0,0,0,0,0,0,0,0,0,0,0,0,0,0,0,0,0,0,0,0,0,0,0,0,0,0,0,0,0,0,0,0,0,0,0,0,0,0,0,0,0,0,0,0,0,0,0,0,0,0,0,0],
[0,0,0,0,0,0,0,0,0,0,0,0,0,0,0,0,0,0,0,0,0,0,0,0,0,0,0,0,0,0,0,0,0,0,0,0,0,0,0,0,0,0,0,0,0,0,0,0,0,0,0,0,0,0,0,0,0,0,0,0,0,0,0,0,0,0,0,0,0,0,0,0,0,0,0,0,0,0,0,0,0,0,0,0,0,0,0,0,0,0,0,0,0,0,0,0,0,0,0,0],
[0,0,0,0,0,0,0,0,0,0,0,0,0,0,0,0,0,0,0,0,0,0,0,0,0,0,0,0,0,0,0,0,0,0,0,0,0,0,0,0,0,0,0,0,0,0,0,0,0,0,0,0,0,0,0,0,0,0,0,0,0,0,0,0,0,0,0,0,0,0,0,0,0,0,0,0,0,0,0,0,0,0,0,0,0,0,0,0,0,0,0,0,0,0,0,0,0,0,0,0]]