[[0,0,0,0,0,0,0,0,0,0,0,0,0,0,0,0,0,0,0,0,0,0,0,0,0,0,0,0,0,0,0,0,0,0,0,0,0,0,0,0,0,0,0,0,0,0,0,0,0,0,0,0,0,0,0,0,0,0,0,0,0,0,0,0,0,0,0,0,0,0,0,0,0,0,0,0,0,0,0,0,0,0,0,0,0,0,0,0,0,0,0,0,0,0,0,0,0,0,0,0,0,0,0,0,0,0,0,0,0,0,0,0,0,0,0,0,0,0,0,0,0,0,0,0,0,0,0,0,0,0],
[0,0,0,0,0,0,0,0,0,0,0,0,0,0,0,0,0,0,0,0,0,0,0,0,0,0,0,0,0,0,0,0,0,0,0,0,0,0,0,0,0,0,0,0,0,0,0,0,0,0,0,0,0,0,0,0,0,0,0,0,0,0,0,0,0,0,0,0,0,0,0,0,0,0,0,0,0,0,0,0,0,0,0,0,0,0,0,0,0,0,0,0,0,0,0,0,0,0,0,0,0,0,0,0,0,0,0,0,0,0,0,0,0,0,0,0,0,0,0,0,0,0,0,0,0,0,0,0,0,0],
[0,0,0,0,0,0,0,0,0,0,0,0,0,0,0,0,0,0,0,0,0,0,0,0,0,0,0,0,0,0,0,0,0,0,0,0,0,0,0,0,0,0,0,0,0,0,0,0,0,0,0,0,0,0,0,0,0,0,0,0,0,0,0,0,0,0,0,0,0,0,0,0,0,0,0,0,0,0,0,0,0,0,0,0,0,0,0,0,0,0,0,0,0,0,0,0,0,0,0,0,0,0,0,0,0,0,0,0,0,0,0,0,0,0,0,0,0,0,0,0,0,0,0,0,0,0,0,0,0,0],
[0,0,0,0,0,0,0,0,0,0,0,0,0,0,0,0,0,0,0,0,0,0,0,0,0,0,0,0,0,0,0,0,0,0,0,0,0,0,0,0,0,0,0,0,0,0,0,0,0,0,0,0,0,0,0,0,0,0,0,0,0,0,0,0,0,0,0,0,0,0,0,0,0,0,0,0,0,0,0,0,0,0,0,0,0,0,0,0,0,0,0,0,0,0,0,0,0,0,0,0,0,0,0,0,0,0,0,0,0,0,0,0,0,0,0,0,0,0,0,0,0,0,0,0,0,0,0,0,0,0],
[0,0,0,0,0,0,0,0,0,0,0,0,0,0,0,0,0,0,0,0,0,0,0,0,0,0,0,0,0,0,0,0,0,0,0,0,0,0,0,0,0,0,0,0,0,0,0,0,0,0,0,0,0,0,0,0,0,0,0,0,0,0,0,0,0,0,0,0,0,0,0,0,0,0,0,0,0,0,0,0,0,0,0,0,0,0,0,0,0,0,0,0,0,0,0,0,0,0,0,0,0,0,0,0,0,0,0,0,0,0,0,0,0,0,0,0,0,0,0,0,0,0,0,0,0,0,0,0,0,0],
[0,0,0,0,0,0,0,0,0,0,0,0,0,0,0,0,0,0,0,0,0,0,0,0,0,0,0,0,0,0,0,0,0,0,0,0,0,0,0,0,0,0,0,0,0,0,0,0,0,0,0,0,0,0,0,0,0,0,0,0,0,0,0,0,0,0,0,0,0,0,0,0,0,0,0,0,0,0,0,0,0,0,0,0,0,0,0,0,0,0,0,0,0,0,0,0,0,0,0,0,0,0,0,0,0,0,0,0,0,0,0,0,0,0,0,0,0,0,0,0,0,0,0,0,0,0,0,0,0,0],
[0,0,0,0,0,0,0,0,0,0,0,0,0,0,0,0,0,0,0,0,0,0,0,0,0,0,0,0,0,0,0,0,0,0,0,0,0,0,0,0,0,0,0,0,0,0,0,0,0,0,0,0,0,0,0,0,0,0,0,0,0,0,0,0,0,0,0,0,0,0,0,0,0,0,0,0,0,0,0,0,0,0,0,0,0,0,0,0,0,0,0,0,0,0,0,0,0,0,0,0,0,0,0,0,0,0,0,0,0,0,0,0,0,0,0,0,0,0,0,0,0,0,0,0,0,0,0,0,0,0],
[0,0,0,0,0,0,0,0,0,0,0,0,0,0,0,0,0,0,0,0,0,0,0,0,0,0,0,0,0,0,0,0,0,0,0,0,0,0,0,0,0,0,0,0,0,0,0,0,0,0,0,0,0,0,0,0,0,0,0,0,0,0,0,0,0,0,0,0,0,0,0,0,0,0,0,0,0,0,0,0,0,0,0,0,0,0,0,0,0,0,0,0,0,0,0,0,0,0,0,0,0,0,0,0,0,0,0,0,0,0,0,0,0,0,0,0,0,0,0,0,0,0,0,0,0,0,0,0,0,0],
[0,0,0,0,0,0,0,0,0,0,0,0,0,0,0,0,0,0,0,0,0,0,0,0,0,0,0,0,0,0,0,0,0,0,0,0,0,0,0,0,0,0,0,0,0,0,0,0,0,0,0,0,0,0,0,0,0,0,0,0,0,0,0,0,0,0,0,0,0,0,0,0,0,0,0,0,0,0,0,0,0,0,0,0,0,0,0,0,0,0,0,0,0,0,0,0,0,0,0,0,0,0,0,0,0,0,0,0,0,0,0,0,0,0,0,0,0,0,0,0,0,0,0,0,0,0,0,0,0,0],
[0,0,0,0,0,0,0,0,0,0,0,0,0,0,0,0,0,0,0,0,0,0,0,0,0,0,0,0,0,0,0,0,0,0,0,0,0,0,0,0,0,0,0,0,0,0,0,0,0,0,0,0,0,0,0,0,0,0,0,0,0,0,0,0,0,0,0,0,0,0,0,0,0,0,0,0,0,0,0,0,0,0,0,0,0,0,0,0,0,0,0,0,0,0,0,0,0,0,0,0,0,0,0,0,0,0,0,0,0,0,0,0,0,0,0,0,0,0,0,0,0,0,0,0,0,0,0,0,0,0],
[0,0,0,0,0,0,0,0,0,0,0,0,0,0,0,0,0,0,0,0,0,0,0,0,0,0,0,0,0,0,0,0,0,0,0,0,0,0,0,0,0,0,0,0,0,0,0,0,0,0,0,0,0,0,0,0,0,0,0,0,0,0,0,0,0,0,0,0,0,0,0,0,0,0,0,0,0,0,0,0,0,0,0,0,0,0,0,0,0,0,0,0,0,0,0,0,0,0,0,0,0,0,0,0,0,0,0,0,0,0,0,0,0,0,0,0,0,0,0,0,0,0,0,0,0,0,0,0,0,0],
[0,0,0,0,0,0,0,0,0,0,0,0,0,0,0,0,0,0,0,0,0,0,0,0,0,0,0,0,0,0,0,0,0,0,0,0,0,0,0,0,0,0,0,0,0,0,0,0,0,0,0,0,0,0,0,0,0,0,0,0,0,0,0,0,0,0,0,0,0,0,0,0,0,0,0,0,0,0,0,0,0,0,0,0,0,0,0,0,0,0,0,0,0,0,0,0,0,0,0,0,0,0,0,0,0,0,0,0,0,0,0,0,0,0,0,0,0,0,0,0,0,0,0,0,0,0,0,0,0,0],
[0,0,0,0,0,0,0,0,0,0,0,0,0,0,0,0,0,0,0,0,0,0,0,0,0,0,0,0,0,0,0,0,0,0,0,0,0,0,0,0,0,0,0,0,0,0,0,0,0,0,0,0,0,0,0,0,0,0,0,0,0,0,0,0,0,0,0,0,0,0,0,0,0,0,0,0,0,0,0,0,0,0,0,0,0,0,0,0,0,0,0,0,0,0,0,0,0,0,0,0,0,0,0,0,0,0,0,0,0,0,0,0,0,0,0,0,0,0,0,0,0,0,0,0,0,0,0,0,0,0],
[0,0,0,0,0,0,0,0,0,0,0,0,0,0,0,0,0,0,0,0,0,0,0,0,0,0,0,0,0,0,0,0,0,0,0,0,0,0,0,0,0,0,0,0,0,0,0,0,0,0,0,0,0,0,0,0,0,0,0,0,0,0,0,0,0,0,0,0,0,0,0,0,0,0,0,0,0,0,0,0,0,0,0,0,0,0,0,0,0,0,0,0,0,0,0,0,0,0,0,0,0,0,0,0,0,0,0,0,0,0,0,0,0,0,0,0,0,0,0,0,0,0,0,0,0,0,0,0,0,0],
[0,0,0,0,0,0,0,0,0,0,0,0,0,0,0,0,0,0,0,0,0,0,0,0,0,0,0,0,0,0,0,0,0,0,0,0,0,0,0,0,0,0,0,0,0,0,0,0,0,0,0,0,0,0,0,0,0,0,0,0,0,0,0,0,0,0,0,0,0,0,0,0,0,0,0,0,0,0,0,0,0,0,0,0,0,0,0,0,0,0,0,0,0,0,0,0,0,0,0,0,0,0,0,0,0,0,0,0,0,0,0,0,0,0,0,0,0,0,0,0,0,0,0,0,0,0,0,0,0,0],
[0,0,0,0,0,0,0,0,0,0,0,0,0,0,0,0,0,0,0,0,0,0,0,0,0,0,0,0,0,0,0,0,0,0,0,0,0,0,0,0,0,0,0,0,0,0,0,0,0,0,0,0,0,0,0,0,0,0,0,0,0,0,0,0,0,0,0,0,0,0,0,0,0,0,0,0,0,0,0,0,0,0,0,0,0,0,0,0,35.30,35.30,35.30,35.30,35.30,35.30,35.30,35.30,0,0,0,0,0,0,0,0,0,0,0,0,0,0,0,0,0,0,0,0,0,0,0,0,0,0,0,0,0,0,0,0,0,0],
[0,0,0,0,0,0,0,0,0,0,0,0,0,0,0,0,0,0,0,0,0,0,0,0,0,0,0,0,0,0,0,0,0,0,0,0,0,0,0,0,0,0,0,0,0,0,0,0,0,0,0,0,0,0,0,0,0,0,0,0,0,0,0,0,0,0,0,0,0,0,0,0,0,0,0,0,0,0,0,0,0,0,0,0,0,0,35.30,35.30,35.30,35.30,35.30,35.30,35.30,35.30,35.30,35.30,35.30,0,0,0,0,0,0,0,0,0,0,0,0,0,0,0,0,0,0,0,0,0,0,0,0,0,0,0,0,0,0,0,0,0],
[0,0,0,0,0,0,0,0,0,0,0,0,0,0,0,0,0,0,0,0,0,0,0,0,0,0,0,0,0,0,0,0,0,0,0,0,0,0,0,0,0,0,0,0,0,0,0,0,0,0,0,0,0,0,0,0,0,0,0,0,0,0,0,0,0,0,0,0,0,0,0,0,0,0,0,0,0,0,0,0,0,0,0,0,0,0,35.30,35.30,35.30,35.30,35.30,35.30,35.30,35.30,35.30,35.30,35.30,35.30,0,0,0,0,0,0,0,0,0,0,0,0,0,0,0,0,0,0,0,0,0,0,0,0,0,0,0,0,0,0,0,0],
[0,0,0,0,0,0,0,0,0,0,0,0,0,0,0,0,0,0,0,0,0,0,0,0,0,0,0,0,0,0,0,0,0,0,0,0,0,0,0,0,0,0,0,0,0,0,0,0,0,0,0,0,0,0,0,0,0,0,0,0,0,0,0,0,0,0,0,0,0,0,0,0,0,0,0,0,0,0,0,0,0,0,0,0,0,0,35.30,35.30,35.30,35.30,35.30,35.30,35.30,35.30,35.30,35.30,35.30,35.30,35.30,0,0,0,0,0,0,0,0,0,0,0,0,0,0,0,0,0,0,0,0,0,0,0,0,0,0,0,0,0,0,0],
[0,0,0,0,0,0,0,0,0,0,0,0,0,0,0,0,0,0,0,0,0,0,0,0,0,0,0,0,0,0,0,0,0,0,0,0,0,0,0,0,0,0,0,0,0,0,0,0,0,0,0,0,0,0,0,0,0,0,0,0,0,0,0,0,0,0,0,0,0,0,0,0,0,0,0,0,0,0,0,0,0,0,0,0,0,35.30,35.30,35.30,35.30,35.30,35.30,35.30,35.30,35.30,35.30,35.30,35.30,35.30,35.30,35.30,35.30,0,0,0,0,0,0,0,0,0,0,0,0,0,0,0,0,0,0,0,0,0,0,0,0,0,0,0,0,0],
[0,0,0,0,0,0,0,0,0,0,0,0,0,0,0,0,0,0,0,0,0,0,0,0,0,0,0,0,0,0,0,0,0,0,0,0,0,0,0,0,0,0,0,0,0,0,0,0,0,0,0,0,0,0,0,0,0,0,0,0,0,0,0,0,0,0,0,0,0,0,0,0,0,0,0,0,0,0,0,0,0,0,0,0,35.30,35.30,35.30,35.30,35.30,35.30,35.30,35.30,35.30,35.30,35.30,35.30,35.30,35.30,35.30,35.30,35.30,0,0,0,0,0,0,0,0,0,0,0,0,0,0,0,0,0,0,0,0,0,0,0,0,0,0,0,0,0],
[0,0,0,0,0,0,0,0,0,0,0,0,0,0,0,0,0,0,0,0,0,0,0,0,0,0,0,0,0,0,0,0,0,0,0,0,0,0,0,0,0,0,0,0,0,0,0,0,0,0,0,0,0,0,0,0,0,0,0,0,0,0,0,0,0,0,0,0,0,0,0,0,0,0,0,0,0,0,0,0,0,0,0,35.30,35.30,35.30,35.30,35.30,35.30,35.30,35.30,35.30,35.30,35.30,35.30,35.30,35.30,35.30,35.30,35.30,35.30,0,0,0,0,0,0,0,0,0,0,0,0,0,0,0,0,0,0,0,0,0,0,0,0,0,0,0,0,0],
[0,0,0,0,0,0,0,0,0,0,0,0,0,0,0,0,0,0,0,0,0,0,0,0,0,0,0,0,0,0,0,0,0,0,0,0,0,0,0,0,0,0,0,0,0,0,0,0,0,0,0,0,0,0,0,0,0,0,0,0,0,0,0,0,0,0,0,0,0,0,0,0,0,0,0,0,0,0,0,0,0,0,35.30,35.30,35.30,35.30,35.30,35.30,35.30,35.30,35.30,35.30,35.30,35.30,35.30,35.30,35.30,35.30,35.30,35.30,35.30,0,0,0,0,0,0,0,0,0,0,0,0,0,0,0,0,0,0,0,0,0,0,0,0,0,0,0,0,0],
[0,0,0,0,0,0,0,0,0,0,0,0,0,0,0,0,0,0,0,0,0,0,0,0,0,0,0,0,0,0,0,0,0,0,0,0,0,0,0,0,0,0,0,0,0,0,0,0,0,0,0,0,0,0,0,0,0,0,0,0,0,0,0,0,0,0,0,0,0,0,0,0,0,0,0,0,0,0,0,0,0,35.30,35.30,35.30,35.30,35.30,35.30,35.30,35.30,35.30,35.30,35.30,35.30,35.30,35.30,35.30,35.30,35.30,35.30,35.30,35.30,0,0,0,0,0,0,0,0,0,0,0,0,0,0,0,0,0,0,0,0,0,0,0,0,0,0,0,0,0],
[0,0,0,0,0,0,0,0,0,0,0,0,0,0,0,0,0,0,0,0,0,0,0,0,0,0,0,0,0,0,0,0,0,0,0,0,0,0,0,0,0,0,0,0,0,0,0,0,0,0,0,0,0,0,0,0,0,0,0,0,0,0,0,0,0,0,0,0,0,0,0,0,0,0,0,0,0,0,0,0,0,35.30,35.30,35.30,35.30,35.30,35.30,35.30,35.30,35.30,35.30,35.30,35.30,35.30,35.30,35.30,35.30,35.30,35.30,35.30,35.30,0,0,0,0,0,0,0,0,0,0,0,0,0,0,0,0,0,0,0,0,0,0,0,0,0,0,0,0,0],
[0,0,0,0,0,0,0,0,0,0,0,0,0,0,0,0,0,0,0,0,0,0,0,0,0,0,0,0,0,0,0,0,0,0,0,0,0,0,0,0,0,0,0,0,0,0,0,0,0,0,0,0,0,0,0,0,0,0,0,0,0,0,0,0,0,0,0,0,0,0,0,0,0,0,0,0,0,0,0,0,35.30,35.30,35.30,35.30,35.30,35.30,35.30,35.30,35.30,35.30,35.30,35.30,35.30,35.30,35.30,35.30,35.30,35.30,35.30,35.30,35.30,35.30,0,0,0,0,0,0,0,0,0,0,0,0,0,0,0,0,0,0,0,0,0,0,0,0,0,0,0,0],
[0,0,0,0,0,0,0,0,0,0,0,0,0,0,0,0,0,0,0,0,0,0,0,0,0,0,0,0,0,0,0,0,0,0,0,0,0,0,0,0,0,0,0,0,0,0,0,0,0,0,0,0,0,0,0,0,0,0,0,0,0,0,0,0,0,0,0,0,0,0,0,0,0,0,0,0,0,0,0,35.30,35.30,35.30,35.30,35.30,35.30,35.30,35.30,35.30,35.30,35.30,35.30,35.30,35.30,35.30,35.30,35.30,35.30,35.30,35.30,35.30,35.30,35.30,0,0,0,0,0,0,0,0,0,0,0,0,0,0,0,0,0,0,0,0,0,0,0,0,0,0,0,0],
[0,0,0,0,0,0,0,0,0,0,0,0,0,0,0,0,0,0,0,0,0,0,0,0,0,0,0,0,0,0,0,0,0,0,0,0,0,0,0,0,0,0,0,0,0,0,0,0,0,0,0,0,0,0,0,0,0,0,0,0,0,0,0,0,0,0,0,0,0,0,0,0,0,0,0,0,0,0,35.30,35.30,35.30,35.30,35.30,35.30,35.30,35.30,35.30,35.30,35.30,35.30,35.30,35.30,35.30,35.30,35.30,35.30,35.30,35.30,35.30,35.30,35.30,35.30,35.30,0,0,0,0,0,0,0,0,0,0,0,0,0,0,0,0,0,0,0,0,0,0,0,0,0,0,0],
[0,0,0,0,0,0,0,0,0,0,0,0,0,0,0,0,0,0,0,0,0,0,0,0,0,0,0,0,0,0,0,0,0,0,0,0,0,0,0,0,0,0,0,0,0,0,0,0,0,0,0,0,0,0,0,0,0,0,0,0,0,0,0,0,0,0,0,0,0,0,0,0,0,0,0,0,0,0,35.30,35.30,35.30,35.30,35.30,35.30,35.30,35.30,35.30,35.30,35.30,35.30,35.30,35.30,35.30,35.30,35.30,35.30,35.30,35.30,35.30,35.30,35.30,35.30,35.30,0,0,0,0,0,0,0,0,0,0,0,0,0,0,0,0,0,0,0,0,0,0,0,0,0,0,0],
[0,0,0,0,0,0,0,0,0,0,0,0,0,0,0,0,0,0,0,0,0,0,0,0,0,0,0,0,0,0,0,0,0,0,0,0,0,0,0,0,0,0,0,0,0,0,0,0,0,0,0,0,0,0,0,0,0,0,0,0,0,0,0,0,0,0,0,0,0,0,0,0,0,0,0,0,0,0,35.30,35.30,35.30,35.30,35.30,35.30,35.30,35.30,35.30,35.30,35.30,35.30,35.30,35.30,35.30,35.30,35.30,35.30,35.30,35.30,35.30,35.30,35.30,35.30,35.30,0,0,0,0,0,0,0,0,0,0,0,0,0,0,0,0,0,0,0,0,0,0,0,0,0,0,0],
[0,0,0,0,0,0,0,0,0,0,0,0,0,0,0,0,0,0,0,0,0,0,0,0,0,0,0,0,0,0,0,0,0,0,0,0,0,0,0,0,0,0,0,0,0,0,0,0,0,0,0,0,0,0,0,0,0,0,0,0,0,0,0,0,0,0,0,0,0,0,0,0,0,0,0,0,0,35.30,35.30,35.30,35.30,35.30,35.30,35.30,35.30,35.30,35.30,35.30,35.30,35.30,35.30,35.30,35.30,35.30,35.30,35.30,35.30,35.30,35.30,35.30,35.30,35.30,35.30,0,0,0,0,0,0,0,0,0,0,0,0,0,0,0,0,0,0,0,0,0,0,0,0,0,0,0],
[0,0,0,0,0,0,0,0,0,0,0,0,0,0,0,0,0,0,0,0,0,0,0,0,0,0,0,0,0,0,0,0,0,0,0,0,0,0,0,0,0,0,0,0,0,0,0,0,0,0,0,0,0,0,0,0,0,0,0,0,0,0,0,0,0,0,0,0,0,0,0,0,0,0,0,0,0,35.30,35.30,35.30,35.30,35.30,35.30,35.30,35.30,35.30,35.30,35.30,35.30,35.30,35.30,0,35.30,35.30,35.30,35.30,35.30,35.30,35.30,35.30,35.30,35.30,35.30,0,0,0,0,0,0,0,0,0,0,0,0,0,0,0,0,0,0,0,0,0,0,0,0,0,0,0],
[0,0,0,0,0,0,0,0,0,0,0,0,0,0,0,0,0,0,0,0,0,0,0,0,0,0,0,0,0,0,0,0,0,0,0,0,0,0,0,0,0,0,0,0,0,0,0,0,0,0,0,0,0,0,0,0,0,0,0,0,0,0,0,0,0,0,0,0,0,0,0,0,0,0,0,0,0,35.30,35.30,35.30,35.30,35.30,35.30,35.30,35.30,35.30,35.30,35.30,35.30,35.30,35.30,35.30,35.30,35.30,35.30,35.30,35.30,35.30,35.30,35.30,35.30,35.30,35.30,0,0,0,0,0,0,0,0,0,0,0,0,0,0,0,0,0,0,0,0,0,0,0,0,0,0,0],
[0,0,0,0,0,0,0,0,0,0,0,0,0,0,0,0,0,0,0,0,0,0,0,0,0,0,0,0,0,0,0,0,0,0,0,0,0,0,0,0,0,0,0,0,0,0,0,0,0,0,0,0,0,0,0,0,0,0,0,0,0,0,0,0,0,0,0,0,0,0,0,0,0,0,0,0,0,35.30,35.30,35.30,35.30,35.30,35.30,35.30,35.30,35.30,35.30,35.30,35.30,35.30,35.30,35.30,35.30,35.30,35.30,35.30,35.30,35.30,35.30,35.30,35.30,35.30,35.30,0,0,0,0,0,0,0,0,0,0,0,0,0,0,0,0,0,0,0,0,0,0,0,0,0,0,0],
[0,0,0,0,0,0,0,0,0,0,0,0,0,0,0,0,0,0,0,0,0,0,0,0,0,0,0,0,0,0,0,0,0,0,0,0,0,0,0,0,0,0,0,0,0,0,0,0,0,0,0,0,0,0,0,0,0,0,0,0,0,0,0,0,0,0,0,0,0,0,0,0,0,0,0,0,0,35.30,35.30,35.30,35.30,35.30,35.30,35.30,35.30,35.30,35.30,35.30,35.30,35.30,35.30,35.30,35.30,35.30,35.30,35.30,35.30,35.30,35.30,35.30,35.30,35.30,35.30,0,0,0,0,0,0,0,0,0,0,0,0,0,0,0,0,0,0,0,0,0,0,0,0,0,0,0],
[0,0,0,0,0,0,0,0,0,0,0,0,0,0,0,0,0,0,0,0,0,0,0,0,0,0,0,0,0,0,0,0,0,0,0,0,0,0,0,0,0,0,0,0,0,0,0,0,0,0,0,0,0,0,0,0,0,0,0,0,0,0,0,0,0,0,0,0,0,0,0,0,0,0,0,0,0,35.30,35.30,35.30,35.30,35.30,35.30,35.30,35.30,35.30,35.30,35.30,35.30,35.30,35.30,35.30,35.30,35.30,35.30,35.30,35.30,35.30,35.30,35.30,35.30,35.30,35.30,35.30,35.30,0,0,0,0,0,0,0,0,0,0,0,0,0,0,0,0,0,0,0,0,0,0,0,0,0],
[0,0,0,0,0,0,0,0,0,0,0,0,0,0,0,0,0,0,0,0,0,0,0,0,0,0,0,0,0,0,0,0,0,0,0,0,0,0,0,0,0,0,0,0,0,0,0,0,0,0,0,0,0,0,0,0,0,0,0,0,0,0,0,0,0,0,0,0,0,0,0,0,0,0,0,0,0,35.30,35.30,35.30,35.30,35.30,35.30,35.30,35.30,35.30,35.30,35.30,35.30,35.30,35.30,35.30,35.30,35.30,35.30,35.30,35.30,35.30,35.30,35.30,35.30,35.30,35.30,35.30,35.30,35.30,0,0,0,0,0,0,0,0,0,0,0,0,0,0,0,0,0,0,0,0,0,0,0,0],
[0,0,0,0,0,0,0,0,0,0,0,0,0,0,0,0,0,0,0,0,0,0,0,0,0,0,0,0,0,0,0,0,0,0,0,0,0,0,0,0,0,0,0,0,0,0,0,0,0,0,0,0,0,0,0,0,0,0,0,0,0,0,0,0,0,0,0,0,0,0,0,0,0,0,0,0,0,35.30,35.30,35.30,35.30,35.30,35.30,35.30,35.30,35.30,35.30,35.30,35.30,35.30,35.30,35.30,35.30,35.30,35.30,35.30,35.30,35.30,35.30,35.30,35.30,35.30,35.30,35.30,35.30,35.30,0,0,0,0,0,0,0,0,0,0,0,0,0,0,0,0,0,0,0,0,0,0,0,0],
[0,0,0,0,0,0,0,0,0,0,0,0,0,0,0,0,0,0,0,0,0,0,0,0,0,0,0,0,0,0,0,0,0,0,0,0,0,0,0,0,0,0,0,0,0,0,0,0,0,0,0,0,0,0,0,0,0,0,0,0,0,0,0,0,0,0,0,0,0,0,0,0,0,0,0,0,0,0,35.30,35.30,35.30,35.30,35.30,35.30,35.30,35.30,35.30,35.30,35.30,35.30,35.30,35.30,35.30,35.30,35.30,35.30,35.30,35.30,35.30,35.30,35.30,35.30,35.30,35.30,35.30,35.30,35.30,0,0,0,0,0,0,0,0,0,0,0,0,0,0,0,0,0,0,0,0,0,0,0],
[0,0,0,0,0,0,0,0,0,0,0,0,0,0,0,0,0,0,0,0,0,0,0,0,0,0,0,0,0,0,0,0,0,0,0,0,0,0,0,0,0,0,0,0,0,0,0,0,0,0,0,0,0,0,0,0,0,0,0,0,0,0,0,0,0,0,0,0,0,0,0,0,0,0,0,0,0,0,35.30,35.30,35.30,35.30,35.30,35.30,35.30,35.30,35.30,35.30,35.30,35.30,35.30,35.30,35.30,35.30,35.30,35.30,35.30,35.30,35.30,35.30,35.30,35.30,35.30,35.30,35.30,35.30,35.30,0,0,0,0,0,0,0,0,0,0,0,0,0,0,0,0,0,0,0,0,0,0,0],
[0,0,0,0,0,0,0,0,0,0,0,0,0,0,0,0,0,0,0,0,0,0,0,0,0,0,0,0,0,0,0,0,0,0,0,0,0,0,0,0,0,0,0,0,0,0,0,0,0,0,0,0,0,0,0,0,0,0,0,0,0,0,0,0,0,0,0,0,0,0,0,0,0,0,0,0,0,0,0,35.30,35.30,35.30,35.30,35.30,35.30,35.30,35.30,35.30,35.30,35.30,35.30,35.30,35.30,35.30,35.30,35.30,35.30,35.30,35.30,35.30,35.30,35.30,35.30,35.30,35.30,35.30,35.30,0,0,0,0,0,0,0,0,0,0,0,0,0,0,0,0,0,0,0,0,0,0,0],
[0,0,0,0,0,0,0,0,0,0,0,0,0,0,0,0,0,0,0,0,0,0,0,0,0,0,0,0,0,0,0,0,0,0,0,0,0,0,0,0,0,0,0,0,0,0,0,0,0,0,0,0,0,0,0,0,0,0,0,0,0,0,0,0,0,0,0,0,0,0,0,0,0,0,0,0,0,0,0,0,35.30,35.30,35.30,35.30,35.30,35.30,35.30,35.30,35.30,35.30,35.30,35.30,35.30,35.30,35.30,35.30,35.30,35.30,35.30,35.30,35.30,35.30,35.30,35.30,35.30,35.30,35.30,35.30,0,0,0,0,0,0,0,0,0,0,0,0,0,0,0,0,0,0,0,0,0,0],
[0,0,0,0,0,0,0,0,0,0,0,0,0,0,0,0,0,0,0,0,0,0,0,0,0,0,0,0,0,0,0,0,0,0,0,0,0,0,0,0,0,0,0,0,0,0,0,0,0,0,0,0,0,0,0,0,0,0,0,0,0,0,0,0,0,0,0,0,0,0,0,0,0,0,0,0,0,0,0,0,35.30,35.30,35.30,35.30,35.30,35.30,35.30,35.30,35.30,35.30,35.30,35.30,35.30,35.30,35.30,35.30,35.30,35.30,35.30,35.30,35.30,35.30,35.30,35.30,35.30,35.30,35.30,0,0,0,0,0,0,0,0,0,0,0,0,0,0,0,0,0,0,0,0,0,0,0],
[0,0,0,0,0,0,0,0,0,0,0,0,0,0,0,0,0,0,0,0,0,0,0,0,0,0,0,0,0,0,0,0,0,0,0,0,0,0,0,0,0,0,0,0,0,0,0,0,0,0,0,0,0,0,0,0,0,0,0,0,0,0,0,0,0,0,0,0,0,0,0,0,0,0,0,0,0,0,0,0,0,35.30,35.30,35.30,35.30,35.30,35.30,35.30,35.30,35.30,35.30,35.30,35.30,35.30,35.30,35.30,35.30,35.30,35.30,35.30,35.30,35.30,35.30,35.30,35.30,35.30,0,0,0,0,0,0,0,0,0,0,0,0,0,0,0,0,0,0,0,0,0,0,0,0],
[0,0,0,0,0,0,0,0,0,0,0,0,0,0,0,0,0,0,0,0,0,0,0,0,0,0,0,0,0,0,0,0,0,0,0,0,0,0,0,0,0,0,0,0,0,0,0,0,0,0,0,0,0,0,0,0,0,0,0,0,0,0,0,0,0,0,0,0,0,0,0,0,0,0,0,0,0,0,0,0,0,0,35.30,35.30,35.30,35.30,35.30,35.30,35.30,35.30,35.30,35.30,35.30,35.30,35.30,35.30,0,0,0,0,0,0,0,0,0,0,0,0,0,0,0,0,0,0,0,0,0,0,0,0,0,0,0,0,0,0,0,0,0,0],
[0,0,0,0,0,0,0,0,0,0,0,0,0,0,0,0,0,0,0,0,0,0,0,0,0,0,0,0,0,0,0,0,0,0,0,0,0,0,0,0,0,0,0,0,0,0,0,0,0,0,0,0,0,0,0,0,0,0,0,0,0,0,0,0,0,0,0,0,0,0,0,0,0,0,0,0,0,0,0,0,0,0,0,35.30,35.30,35.30,35.30,35.30,35.30,35.30,35.31,35.30,0,0,0,0,0,0,0,0,0,0,0,0,0,0,0,0,0,0,0,0,0,0,0,0,0,0,0,0,0,0,0,0,0,0,0,0,0,0],
[0,0,0,0,0,0,0,0,0,0,0,0,0,0,0,0,0,0,0,0,0,0,0,0,0,0,0,0,0,0,0,0,0,0,0,0,0,0,0,0,0,0,0,0,0,0,0,0,0,0,0,0,0,0,0,0,0,0,0,0,0,0,0,0,0,0,0,0,0,0,0,0,0,0,0,0,0,0,0,0,0,0,0,0,35.30,35.31,35.31,35.32,35.33,35.34,35.35,35.35,0,0,0,0,0,0,0,0,0,0,0,0,0,0,0,0,0,0,0,0,0,0,0,0,0,0,0,0,0,0,0,0,0,0,0,0,0,0],
[0,0,0,0,0,0,0,0,0,0,0,0,0,0,0,0,0,0,0,0,0,0,0,0,0,0,0,0,0,0,0,0,0,0,0,0,0,0,0,0,0,0,0,0,0,0,0,0,0,0,0,0,0,0,0,0,0,0,0,0,0,0,0,0,0,0,0,0,0,0,0,0,0,0,0,0,0,0,0,0,0,0,0,0,0,35.35,35.36,35.36,35.37,35.38,35.34,35.32,0,0,0,0,0,0,0,0,0,0,0,0,0,0,0,0,0,0,0,0,0,0,0,0,0,0,0,0,0,0,0,0,0,0,0,0,0,0],
[0,0,0,0,0,0,0,0,0,0,0,0,0,0,0,0,0,0,0,0,0,0,0,0,0,0,0,0,0,0,0,0,0,0,0,0,0,0,0,0,0,0,0,0,0,0,0,0,0,0,0,0,0,0,0,0,0,0,0,0,0,0,0,0,0,0,0,0,0,0,0,0,0,0,0,0,0,0,0,0,0,0,0,0,0,35.21,35.12,34.98,35.04,35.01,34.97,34.96,0,0,0,0,0,0,0,0,0,0,0,0,0,0,0,0,0,0,0,0,0,0,0,0,0,0,0,0,0,0,0,0,0,0,0,0,0,0],
[0,0,0,0,0,0,0,0,0,0,0,0,0,0,0,0,0,0,0,0,0,0,0,0,0,0,0,0,0,0,0,0,0,0,0,0,0,0,0,0,0,0,0,0,0,0,0,0,0,0,0,0,0,0,0,0,0,0,0,0,0,0,0,0,0,0,0,0,0,0,0,0,0,0,0,0,0,0,0,0,0,0,0,0,0,34.51,34.28,34.38,34.38,34.34,34.28,34.27,0,0,0,0,0,0,0,0,0,0,0,0,0,0,0,0,0,0,0,0,0,0,0,0,0,0,0,0,0,0,0,0,0,0,0,0,0,0],
[0,0,0,0,0,0,0,0,0,0,0,0,0,0,0,0,0,0,0,0,0,0,0,0,0,0,0,0,0,0,0,0,0,0,0,0,0,0,0,0,0,0,0,0,0,0,0,0,0,0,0,0,0,0,0,0,0,0,0,0,0,0,0,0,0,0,0,0,0,0,0,0,0,0,0,0,0,0,0,0,0,0,0,0,0,33.78,33.79,33.77,33.72,33.69,33.66,33.66,0,0,0,0,0,0,0,0,0,0,0,0,0,0,0,0,0,0,0,0,0,0,0,0,0,0,0,0,0,0,0,0,0,0,0,0,0,0],
[0,0,0,0,0,0,0,0,0,0,0,0,0,0,0,0,0,0,0,0,0,0,0,0,0,0,0,0,0,0,0,0,0,0,0,0,0,0,0,0,0,0,0,0,0,0,0,0,0,0,0,0,0,0,0,0,0,0,0,0,0,0,0,0,0,0,0,0,0,0,0,0,0,0,0,0,0,0,0,0,0,0,0,0,0,33.24,33.25,33.30,33.26,33.23,33.23,33.23,0,0,0,0,0,0,0,0,0,0,0,0,0,0,0,0,0,0,0,0,0,0,0,0,0,0,0,0,0,0,0,0,0,0,0,0,0,0],
[0,0,0,0,0,0,0,0,0,0,0,0,0,0,0,0,0,0,0,0,0,0,0,0,0,0,0,0,0,0,0,0,0,0,0,0,0,0,0,0,0,0,0,0,0,0,0,0,0,0,0,0,0,0,0,0,0,0,0,0,0,0,0,0,0,0,0,0,0,0,0,0,0,0,0,0,0,0,0,0,0,0,0,0,0,32.82,32.84,32.82,32.79,32.80,32.80,32.80,0,0,0,0,0,0,0,0,0,0,0,0,0,0,0,0,0,0,0,0,0,0,0,0,0,0,0,0,0,0,0,0,0,0,0,0,0,0],
[0,0,0,0,0,0,0,0,0,0,0,0,0,0,0,0,0,0,0,0,0,0,0,0,0,0,0,0,0,0,0,0,0,0,0,0,0,0,0,0,0,0,0,0,0,0,0,0,0,0,0,0,0,0,0,0,0,0,0,0,0,0,0,0,0,0,0,0,0,0,0,0,0,0,0,0,0,0,0,0,0,0,0,0,0,32.52,32.52,32.49,32.47,32.48,32.50,32.50,0,0,0,0,0,0,0,0,0,0,0,0,0,0,0,0,0,0,0,0,0,0,0,0,0,0,0,0,0,0,0,0,0,0,0,0,0,0],
[0,0,0,0,0,0,0,0,0,0,0,0,0,0,0,0,0,0,0,0,0,0,0,0,0,0,0,0,0,0,0,0,0,0,0,0,0,0,0,0,0,0,0,0,0,0,0,0,0,0,0,0,0,0,0,0,0,0,0,0,0,0,0,0,0,0,0,0,0,0,0,0,0,0,0,0,0,0,0,0,0,0,0,0,0,32.40,32.39,32.39,32.38,32.37,32.39,32.39,0,0,0,0,0,0,0,0,0,0,0,0,0,0,0,0,0,0,0,0,0,0,0,0,0,0,0,0,0,0,0,0,0,0,0,0,0,0],
[0,0,0,0,0,0,0,0,0,0,0,0,0,0,0,0,0,0,0,0,0,0,0,0,0,0,0,0,0,0,0,0,0,0,0,0,0,0,0,0,0,0,0,0,0,0,0,0,0,0,0,0,0,0,0,0,0,0,0,0,0,0,0,0,0,0,0,0,0,0,0,0,0,0,0,0,0,0,0,0,0,0,0,0,0,32.31,32.31,32.30,32.29,32.27,32.27,32.27,0,0,0,0,0,0,0,0,0,0,0,0,0,0,0,0,0,0,0,0,0,0,0,0,0,0,0,0,0,0,0,0,0,0,0,0,0,0],
[0,0,0,0,0,0,0,0,0,0,0,0,0,0,0,0,0,0,0,0,0,0,0,0,0,0,0,0,0,0,0,0,0,0,0,0,0,0,0,0,0,0,0,0,0,0,0,0,0,0,0,0,0,0,0,0,0,0,0,0,0,0,0,0,0,0,0,0,0,0,0,0,0,0,0,0,0,0,0,0,0,0,0,0,0,32.22,32.22,32.22,32.22,32.22,32.22,32.22,32.22,0,0,0,0,0,0,0,0,0,0,0,0,0,0,0,0,0,0,0,0,0,0,0,0,0,0,0,0,0,0,0,0,0,0,0,0,0],
[0,0,0,0,0,0,0,0,0,0,0,0,0,0,0,0,0,0,0,0,0,0,0,0,0,0,0,0,0,0,0,0,0,0,0,0,0,0,0,0,0,0,0,0,0,0,0,0,0,0,0,0,0,0,0,0,0,0,0,0,0,0,0,0,0,0,0,0,0,0,0,0,0,0,0,0,0,0,0,0,0,0,0,32.22,32.22,32.22,32.22,32.22,32.22,32.22,32.22,32.22,32.22,32.22,0,0,0,0,0,0,0,0,0,0,0,0,0,0,0,0,0,0,0,0,0,0,0,0,0,0,0,0,0,0,0,0,0,0,0,0],
[0,0,0,0,0,0,0,0,0,0,0,0,0,0,0,0,0,0,0,0,0,0,0,0,0,0,0,0,0,0,0,0,0,0,0,0,0,0,0,0,0,0,0,0,0,0,0,0,0,0,0,0,0,0,0,0,0,0,0,0,0,0,0,0,0,0,0,0,0,0,0,0,0,0,0,0,0,0,0,0,0,0,32.22,32.22,32.22,32.22,32.22,32.22,32.22,32.22,32.22,32.22,32.22,32.22,32.22,0,0,0,0,0,0,0,0,0,0,0,0,0,0,0,0,0,0,0,0,0,0,0,0,0,0,0,0,0,0,0,0,0,0,0],
[0,0,0,0,0,0,0,0,0,0,0,0,0,0,0,0,0,0,0,0,0,0,0,0,0,0,0,0,0,0,0,0,0,0,0,0,0,0,0,0,0,0,0,0,0,0,0,0,0,0,0,0,0,0,0,0,0,0,0,0,0,0,0,0,0,0,0,0,0,0,0,0,0,0,0,0,0,0,0,0,0,32.22,32.22,32.22,32.22,32.22,32.22,32.22,32.22,32.22,32.22,32.22,32.22,32.22,32.22,0,0,0,0,0,0,0,0,0,0,0,0,0,0,0,0,0,0,0,0,0,0,0,0,0,0,0,0,0,0,0,0,0,0,0],
[0,0,0,0,0,0,0,0,0,0,0,0,0,0,0,0,0,0,0,0,0,0,0,0,0,0,0,0,0,0,0,0,0,0,0,0,0,0,0,0,0,0,0,0,0,0,0,0,0,0,0,0,0,0,0,0,0,0,0,0,0,0,0,0,0,0,0,0,0,0,0,0,0,0,0,0,0,0,0,0,32.22,32.22,32.22,32.22,32.22,32.22,32.22,32.22,32.22,32.22,32.22,32.22,32.22,32.22,0,0,0,0,0,0,0,0,0,0,0,0,0,0,0,0,0,0,0,0,0,0,0,0,0,0,0,0,0,0,0,0,0,0,0,0],
[0,0,0,0,0,0,0,0,0,0,0,0,0,0,0,0,0,0,0,0,0,0,0,0,0,0,0,0,0,0,0,0,0,0,0,0,0,0,0,0,0,0,0,0,0,0,0,0,0,0,0,0,0,0,0,0,0,0,0,0,0,0,0,0,0,0,0,0,0,0,0,0,0,0,0,0,0,0,0,0,32.22,32.22,32.22,32.22,32.22,32.22,32.22,32.22,32.22,32.22,32.22,32.22,32.22,32.22,0,0,0,0,0,0,0,0,0,0,0,0,0,0,0,0,0,0,0,0,0,0,0,0,0,0,0,0,0,0,0,0,0,0,0,0],
[0,0,0,0,0,0,0,0,0,0,0,0,0,0,0,0,0,0,0,0,0,0,0,0,0,0,0,0,0,0,0,0,0,0,0,0,0,0,0,0,0,0,0,0,0,0,0,0,0,0,0,0,0,0,0,0,0,0,0,0,0,0,0,0,0,0,0,0,0,0,0,0,0,0,0,0,0,0,0,32.22,32.22,32.22,32.22,32.22,32.22,32.22,32.22,32.22,32.22,32.22,32.22,32.22,32.22,32.22,0,0,0,0,0,0,0,0,0,0,0,0,0,0,0,0,0,0,0,0,0,0,0,0,0,0,0,0,0,0,0,0,0,0,0,0],
[0,0,0,0,0,0,0,0,0,0,0,0,0,0,0,0,0,0,0,0,0,0,0,0,0,0,0,0,0,0,0,0,0,0,0,0,0,0,0,0,0,0,0,0,0,0,0,0,0,0,0,0,0,0,0,0,0,0,0,0,0,0,0,0,0,0,0,0,0,0,0,0,0,0,0,0,0,0,0,32.22,32.22,32.22,32.22,32.22,32.22,32.22,32.22,32.22,32.22,32.22,32.22,32.22,32.22,32.22,0,0,0,0,0,0,0,0,0,0,0,0,0,0,0,0,0,0,0,0,0,0,0,0,0,0,0,0,0,0,0,0,0,0,0,0],
[0,0,0,0,0,0,0,0,0,0,0,0,0,0,0,0,0,0,0,0,0,0,0,0,0,0,0,0,0,0,0,0,0,0,0,0,0,0,0,0,0,0,0,0,0,0,0,0,0,0,0,0,0,0,0,0,0,0,0,0,0,0,0,0,0,0,0,0,0,0,0,0,0,0,0,0,0,0,32.22,32.22,32.22,32.22,32.22,32.22,32.22,32.22,32.22,32.22,32.22,32.22,32.22,32.22,32.22,32.22,32.22,0,0,0,0,0,0,0,0,0,0,0,0,0,0,0,0,0,0,0,0,0,0,0,0,0,0,0,0,0,0,0,0,0,0,0],
[0,0,0,0,0,0,0,0,0,0,0,0,0,0,0,0,0,0,0,0,0,0,0,0,0,0,0,0,0,0,0,0,0,0,0,0,0,0,0,0,0,0,0,0,0,0,0,0,0,0,0,0,0,0,0,0,0,0,0,0,0,0,0,0,0,0,0,0,0,0,0,0,0,0,0,0,0,0,32.22,32.22,32.22,32.22,32.22,32.22,32.22,32.22,32.22,32.22,32.22,32.22,32.22,32.22,32.22,32.22,32.22,0,0,0,0,0,0,0,0,0,0,0,0,0,0,0,0,0,0,0,0,0,0,0,0,0,0,0,0,0,0,0,0,0,0,0],
[0,0,0,0,0,0,0,0,0,0,0,0,0,0,0,0,0,0,0,0,0,0,0,0,0,0,0,0,0,0,0,0,0,0,0,0,0,0,0,0,0,0,0,0,0,0,0,0,0,0,0,0,0,0,0,0,0,0,0,0,0,0,0,0,0,0,0,0,0,0,0,0,0,0,0,0,0,32.22,32.22,32.22,32.22,32.22,32.22,32.22,32.22,32.22,32.22,32.22,32.22,32.22,32.22,32.22,32.22,32.22,32.22,0,0,0,0,0,0,0,0,0,0,0,0,0,0,0,0,0,0,0,0,0,0,0,0,0,0,0,0,0,0,0,0,0,0,0],
[0,0,0,0,0,0,0,0,0,0,0,0,0,0,0,0,0,0,0,0,0,0,0,0,0,0,0,0,0,0,0,0,0,0,0,0,0,0,0,0,0,0,0,0,0,0,0,0,0,0,0,0,0,0,0,0,0,0,0,0,0,0,0,0,0,0,0,0,0,0,0,0,0,0,0,0,0,32.22,32.22,32.22,32.22,32.22,32.22,32.22,32.22,32.22,32.22,32.22,32.22,32.22,32.22,32.22,32.22,32.22,32.22,0,0,0,0,0,0,0,0,0,0,0,0,0,0,0,0,0,0,0,0,0,0,0,0,0,0,0,0,0,0,0,0,0,0,0],
[0,0,0,0,0,0,0,0,0,0,0,0,0,0,0,0,0,0,0,0,0,0,0,0,0,0,0,0,0,0,0,0,0,0,0,0,0,0,0,0,0,0,0,0,0,0,0,0,0,0,0,0,0,0,0,0,0,0,0,0,0,0,0,0,0,0,0,0,0,0,0,0,0,0,0,0,32.22,32.22,32.22,32.22,32.22,32.22,32.22,32.22,32.22,32.22,32.22,32.22,32.22,32.22,32.22,32.22,32.22,32.22,0,0,0,0,0,0,0,0,0,0,0,0,0,0,0,0,0,0,0,0,0,0,0,0,0,0,0,0,0,0,0,0,0,0,0,0],
[0,0,0,0,0,0,0,0,0,0,0,0,0,0,0,0,0,0,0,0,0,0,0,0,0,0,0,0,0,0,28.38,28.38,0,0,0,0,0,0,0,0,0,0,0,0,0,0,0,0,0,0,0,0,0,0,0,0,0,0,0,0,0,0,0,0,0,0,0,0,0,0,0,0,0,0,0,0,32.22,32.22,32.22,32.22,32.22,32.22,32.22,32.22,32.22,32.22,32.22,32.22,32.22,32.22,32.22,32.22,32.22,32.22,0,0,0,0,0,0,0,0,0,0,0,0,0,0,0,0,0,0,0,0,0,0,0,0,0,0,0,0,0,0,0,0,0,0,0,0],
[0,0,0,0,0,0,0,0,0,0,0,0,0,0,0,0,0,0,0,0,0,0,0,0,0,0,0,0,28.38,28.38,28.38,28.38,28.38,28.38,0,0,0,0,0,0,0,0,0,0,0,0,0,0,0,0,0,0,0,0,0,0,0,0,0,0,0,0,0,0,0,0,0,0,0,0,0,0,0,0,0,32.22,32.22,32.22,32.22,32.22,32.22,32.22,32.22,32.22,32.22,32.22,32.22,32.22,32.22,32.22,32.22,32.22,32.22,32.22,0,0,0,0,0,0,0,0,0,0,0,0,0,0,0,0,0,0,0,0,0,0,0,0,0,0,0,0,0,0,0,0,0,0,0,0],
[0,0,0,0,0,0,0,0,0,0,0,0,0,0,0,0,0,0,0,0,0,0,0,0,0,0,0,28.38,28.38,28.38,28.38,28.38,28.38,28.38,28.38,0,0,0,0,0,0,0,0,0,0,0,0,0,0,0,0,0,0,0,0,0,0,0,0,0,0,0,0,0,0,0,0,0,0,0,0,0,0,0,0,32.22,32.22,32.22,32.22,32.22,32.22,32.22,32.22,32.22,32.22,32.22,32.22,32.22,32.22,32.22,32.22,32.22,32.22,32.22,0,0,0,0,0,0,0,0,0,0,0,0,0,0,0,0,0,0,0,0,0,0,0,0,0,0,0,0,0,0,0,0,0,0,0,0],
[0,0,0,0,0,0,0,0,0,0,0,0,0,0,0,0,0,0,0,0,0,0,0,0,0,0,0,28.38,28.38,28.38,28.38,28.38,28.38,28.38,28.38,28.38,0,0,0,0,0,0,0,0,0,0,0,0,0,0,0,0,0,0,0,0,0,0,0,0,0,0,0,0,0,0,0,0,0,0,0,0,0,0,32.22,32.22,32.22,32.22,32.22,32.22,32.22,32.22,32.22,32.22,32.22,32.22,32.22,32.22,32.22,32.22,32.22,32.22,32.22,32.22,0,0,0,0,0,0,0,0,0,0,0,0,0,0,0,0,0,0,0,0,0,0,0,0,0,0,0,0,0,0,0,0,0,0,0,0],
[0,0,0,0,0,0,0,0,0,0,0,0,0,0,0,0,0,0,0,0,0,0,0,0,0,0,28.38,28.38,28.38,28.38,28.38,28.38,28.38,28.38,28.38,28.38,28.38,0,0,0,0,0,0,0,0,0,0,0,0,0,0,0,0,0,0,0,0,0,0,0,0,0,0,0,0,0,0,0,0,0,0,0,0,0,32.22,32.22,32.22,32.22,32.22,32.22,32.22,32.22,32.22,32.22,32.22,32.22,32.22,32.22,32.22,32.22,32.22,32.22,32.22,32.22,0,0,0,0,0,0,0,0,0,0,0,0,0,0,0,0,0,0,0,0,0,0,0,0,0,0,0,0,0,0,0,0,0,0,0,0],
[0,0,0,0,0,0,0,0,0,0,0,0,0,0,0,0,0,0,0,0,0,0,0,0,0,0,28.38,28.38,28.38,28.38,28.38,28.38,28.38,28.38,28.38,28.38,28.38,28.38,0,0,0,0,0,0,0,0,0,0,0,0,0,0,0,0,0,0,0,0,0,0,0,0,0,0,0,0,0,0,0,0,0,0,0,0,32.22,32.22,32.22,32.22,32.22,32.22,32.22,32.22,32.22,32.22,32.22,32.22,32.22,32.22,32.22,32.22,32.22,32.22,32.22,32.22,32.24,32.27,32.30,0,0,0,0,0,0,0,0,0,0,0,0,0,0,0,0,0,0,0,0,0,0,0,0,0,0,0,0,0,0,0,0,0],
[0,0,0,0,0,0,0,0,0,0,0,0,0,0,0,0,0,0,0,0,28.38,28.38,0,0,0,0,28.38,28.38,28.38,28.38,28.38,28.38,28.38,28.38,28.38,28.38,28.38,28.38,28.38,0,0,0,0,0,0,0,0,0,0,0,0,0,0,0,0,0,0,0,0,0,0,0,0,0,0,0,0,0,0,0,0,0,0,0,32.22,32.22,32.22,32.23,32.23,32.23,32.24,32.24,32.25,32.25,32.25,32.26,32.26,32.27,32.27,32.27,32.28,32.28,32.29,32.29,32.29,32.30,32.27,31.92,31.15,30.53,30.38,0,0,0,0,0,0,0,0,0,0,0,0,0,0,0,0,0,0,0,0,0,0,0,0,0,0,0,0,0],
[0,0,0,0,0,0,0,0,0,0,0,0,0,0,0,0,0,0,28.38,28.38,28.38,28.38,28.38,28.38,28.38,28.38,28.38,28.38,28.38,28.38,28.38,28.38,28.38,28.38,28.38,28.38,28.38,28.38,28.38,28.38,0,0,0,0,0,0,0,0,0,0,0,0,0,0,0,0,0,0,0,0,0,0,0,0,0,0,0,0,0,0,0,0,0,0,32.22,32.22,32.22,32.23,32.23,32.23,32.24,32.24,32.25,32.25,32.25,32.26,32.26,32.26,32.27,32.27,32.28,32.28,32.28,32.29,32.28,32.29,32.29,31.98,31.19,30.53,30.38,0,0,0,0,0,0,0,0,0,0,0,0,0,0,0,0,0,0,0,0,0,0,0,0,0,0,0,0,0],
[0,0,0,0,0,0,0,0,0,0,0,0,0,0,0,0,28.38,28.38,28.38,28.38,28.38,28.38,28.38,28.38,28.38,28.38,28.38,28.38,28.38,28.38,28.38,28.38,28.38,28.38,28.38,28.38,28.38,28.38,28.38,0,0,0,0,0,0,0,0,0,0,0,0,0,0,0,0,0,0,0,0,0,0,0,0,0,0,0,0,0,0,0,0,0,0,0,0,32.22,32.22,32.22,32.23,32.23,32.24,32.24,32.24,32.25,32.25,32.26,32.26,32.26,32.27,32.27,32.27,32.27,32.28,32.27,32.23,32.26,32.29,32.05,31.32,30.61,0,0,0,0,0,0,0,0,0,0,0,0,0,0,0,0,0,0,0,0,0,0,0,0,0,0,0,0,0,0],
[0,0,0,0,0,0,0,0,0,0,0,0,0,0,0,28.38,28.38,28.38,28.38,28.38,28.38,28.38,28.38,28.38,28.38,28.38,28.38,28.38,28.38,28.38,28.38,28.38,28.38,28.38,28.38,28.38,28.38,28.38,28.38,0,0,0,0,0,0,0,0,0,0,0,0,0,0,0,0,0,0,0,0,0,0,0,0,0,0,0,0,0,0,0,0,0,0,0,0,32.22,32.22,32.22,32.23,32.23,32.24,32.24,32.24,32.25,32.25,32.25,32.25,32.26,32.26,32.26,32.26,32.25,32.22,32.22,32.22,0,0,0,0,0,0,0,0,0,0,0,0,0,0,0,0,0,0,0,0,0,0,0,0,0,0,0,0,0,0,0,0,0,0,0],
[0,0,0,0,0,0,0,0,0,0,0,0,0,0,28.38,28.38,28.38,28.38,28.38,28.38,28.38,28.38,28.38,28.38,28.38,28.38,28.38,28.38,28.38,28.38,28.38,28.38,28.38,28.38,28.38,28.38,28.38,28.38,28.38,0,0,0,0,0,0,0,0,0,0,0,0,0,0,0,0,0,0,0,0,0,0,0,0,0,0,0,0,0,0,0,0,0,0,0,0,32.22,32.22,32.22,32.23,32.23,32.23,32.24,32.24,32.24,32.24,32.24,32.25,32.25,32.25,32.22,32.22,32.22,32.22,32.22,0,0,0,0,0,0,0,0,0,0,0,0,0,0,0,0,0,0,0,0,0,0,0,0,0,0,0,0,0,0,0,0,0,0,0,0],
[0,0,0,0,0,0,0,0,0,0,0,0,0,0,28.38,28.38,28.38,28.38,28.38,28.38,28.38,28.38,28.38,28.38,28.38,28.38,28.38,28.38,28.38,28.38,28.38,28.38,28.38,28.38,28.38,28.38,28.38,28.38,28.38,28.38,0,0,0,0,0,0,0,0,0,0,0,0,0,0,0,0,0,0,0,0,0,0,0,0,0,0,0,0,0,0,0,0,0,0,0,32.22,32.22,32.22,32.22,32.22,32.23,32.23,32.23,32.23,32.23,32.24,32.24,32.22,32.22,32.22,32.22,32.22,32.22,32.22,0,0,0,0,0,0,0,0,0,0,0,0,0,0,0,0,0,0,0,0,0,0,0,0,0,0,0,0,0,0,0,0,0,0,0,0],
[0,0,0,0,0,0,0,0,0,0,0,0,0,28.38,28.38,28.38,28.38,28.38,28.38,28.38,28.38,28.38,28.38,28.38,28.38,28.38,28.38,28.38,28.38,28.38,28.38,28.38,28.38,28.38,28.38,28.38,28.38,28.38,28.38,28.38,28.38,0,0,0,0,0,0,0,0,0,0,0,0,0,0,0,0,0,0,0,0,0,0,0,0,0,0,0,0,0,0,0,0,0,32.22,32.22,32.22,32.22,32.22,32.22,32.22,32.22,32.22,32.22,32.23,32.22,32.22,32.22,32.22,32.22,32.22,32.22,32.22,32.22,0,0,0,0,0,0,0,0,0,0,0,0,0,0,0,0,0,0,0,0,0,0,0,0,0,0,0,0,0,0,0,0,0,0,0,0],
[0,0,0,0,0,0,0,0,0,0,0,0,0,28.38,28.38,28.38,28.38,28.38,28.38,28.38,28.38,28.38,28.38,28.38,28.38,28.38,28.38,28.38,28.38,28.38,28.38,28.38,28.38,28.38,28.38,28.38,28.38,28.38,28.38,28.38,28.38,28.38,0,0,0,0,0,0,0,0,0,0,0,0,0,0,0,0,0,0,0,0,0,0,0,0,0,0,0,0,0,0,0,32.22,32.22,32.22,32.22,32.22,32.22,32.22,32.22,32.22,32.22,32.22,32.22,32.22,32.22,32.22,32.22,32.22,32.22,32.22,32.22,32.22,32.22,0,0,0,0,0,0,0,0,0,0,0,0,0,0,0,0,0,0,0,0,0,0,0,0,0,0,0,0,0,0,0,0,0,0,0],
[0,0,0,0,0,0,0,0,0,0,0,0,28.38,28.38,28.38,28.38,28.38,28.38,28.38,28.38,28.38,28.38,28.38,28.38,28.38,28.38,28.38,28.38,28.38,28.38,28.38,28.38,28.38,28.38,28.38,28.38,28.38,28.38,28.38,28.38,28.38,28.38,0,0,0,0,0,0,0,0,0,0,0,0,0,0,0,0,0,0,0,0,0,0,0,0,0,0,0,0,0,0,32.22,32.22,32.22,32.22,32.22,32.22,32.22,32.22,32.22,32.22,32.22,32.22,32.22,32.22,32.22,32.22,32.22,32.22,32.22,32.22,32.22,32.22,32.22,32.22,0,0,0,0,0,0,0,0,0,0,0,0,0,0,0,0,0,0,0,0,0,0,0,0,0,0,0,0,0,0,0,0,0,0],
[0,0,0,0,0,0,0,0,0,0,0,28.38,28.38,28.38,28.38,28.38,28.38,28.38,28.38,28.38,28.38,28.38,28.38,28.38,28.38,28.38,28.38,28.38,28.38,28.38,28.38,28.38,28.38,28.38,28.38,28.38,28.38,28.38,28.38,28.38,28.38,28.38,0,0,0,0,0,0,0,0,0,0,0,0,0,0,0,0,0,0,0,0,0,0,0,0,0,0,0,0,32.26,32.24,32.22,32.22,32.22,32.22,32.22,32.22,32.22,32.22,32.22,32.22,32.22,32.22,32.22,32.22,32.22,32.22,32.22,32.22,32.22,32.22,32.22,32.22,32.22,32.22,0,0,0,0,0,0,0,0,0,0,0,0,0,0,0,0,0,0,0,0,0,0,0,0,0,0,0,0,0,0,0,0,0,0],
[0,0,0,0,0,0,0,0,0,0,0,28.38,28.38,28.38,28.38,28.38,28.38,28.38,28.38,28.38,28.38,28.38,28.38,28.38,28.38,28.38,28.38,28.38,28.38,28.38,28.38,28.38,28.38,28.38,28.38,28.38,28.38,28.38,28.38,28.38,28.38,28.38,28.38,0,0,0,0,0,0,0,0,0,0,0,0,0,0,0,0,0,0,0,0,0,0,0,0,0,32.30,32.28,32.26,32.24,32.23,32.22,32.22,32.22,32.22,32.22,32.22,32.22,32.22,32.22,32.22,32.22,32.22,32.22,32.22,32.22,32.22,32.22,32.22,32.22,32.22,32.22,32.22,32.22,32.22,0,0,0,0,0,0,0,0,0,0,0,0,0,0,0,0,0,0,0,0,0,0,0,0,0,0,0,0,0,0,0,0,0],
[0,0,0,0,0,0,0,0,0,0,28.38,28.38,28.38,28.38,28.38,28.38,28.38,28.38,28.38,28.38,28.38,28.38,28.38,28.38,28.38,28.38,28.38,28.38,28.38,28.38,28.38,28.38,28.38,28.38,28.38,28.38,28.38,28.38,28.38,28.38,28.38,28.38,28.38,28.38,28.38,0,0,0,0,0,0,0,0,0,0,0,0,0,0,0,0,0,0,0,0,0,31.69,32.02,32.25,32.29,32.27,32.25,32.23,32.22,32.22,32.22,32.22,32.22,32.22,32.22,32.22,32.22,32.22,32.22,32.22,32.22,32.22,32.22,32.22,32.22,32.22,32.22,32.22,32.22,32.22,32.22,32.22,32.22,0,0,0,0,0,0,0,0,0,0,0,0,0,0,0,0,0,0,0,0,0,0,0,0,0,0,0,0,0,0,0,0],
[0,0,0,0,0,0,0,0,0,0,28.38,28.38,28.38,28.38,28.38,28.38,28.38,28.38,28.38,28.38,28.38,28.38,28.38,28.38,28.38,28.38,28.38,28.38,28.38,28.38,28.38,28.38,28.38,28.38,28.38,28.38,28.38,28.38,28.38,28.38,28.38,28.38,28.38,28.38,28.38,28.38,28.38,28.38,28.38,28.38,28.38,0,0,0,0,0,0,0,0,0,0,0,0,0,30.88,31.19,31.53,31.89,32.21,32.29,32.27,32.25,32.24,32.23,32.22,32.22,32.22,32.22,32.22,32.22,32.22,32.22,32.22,32.22,32.22,32.22,32.22,32.22,32.22,32.22,32.22,32.22,32.22,32.22,32.22,32.22,32.22,32.22,32.22,32.22,0,0,0,0,0,0,32.22,32.22,32.22,32.22,0,0,0,0,0,0,0,0,0,0,0,0,0,0,0,0,0,0,0,0],
[0,0,0,0,0,0,0,0,0,0,0,28.38,28.38,28.38,28.38,28.38,28.38,28.38,28.38,28.38,28.38,28.38,28.38,28.38,28.38,28.38,28.38,28.38,28.38,28.38,28.38,28.38,28.38,28.38,28.38,28.38,28.38,28.38,28.38,28.38,28.38,28.38,28.38,28.38,28.38,28.38,28.39,28.38,28.38,28.38,28.38,28.38,0,0,0,0,0,0,0,0,0,0,30.12,30.42,30.73,31.06,31.42,31.78,32.14,32.29,32.28,32.26,32.25,32.23,32.22,32.22,32.22,32.22,32.22,32.22,32.22,32.22,32.22,32.22,32.22,32.22,32.22,32.22,32.22,32.22,32.22,32.22,32.22,32.22,32.22,32.22,32.22,32.22,32.22,32.22,32.22,0,0,0,0,32.22,32.22,32.22,32.22,32.22,32.22,32.22,32.22,0,0,0,0,0,0,0,0,0,0,0,0,0,0,0,0,0],
[0,0,0,0,0,0,0,0,0,0,0,0,28.38,28.38,28.38,28.38,28.38,28.38,28.38,28.38,28.38,28.38,28.38,28.38,28.38,28.38,28.38,28.38,28.38,28.38,28.38,28.38,28.38,28.38,28.38,28.38,28.38,28.38,28.38,28.38,28.38,28.38,28.38,28.38,28.38,28.38,28.38,28.39,28.40,28.41,28.41,28.38,28.38,28.38,28.38,28.38,0,0,0,0,29.36,29.66,29.97,30.29,30.62,30.94,31.30,31.66,32.02,32.30,32.28,32.27,32.25,32.24,32.22,32.22,32.22,32.22,32.22,32.22,32.22,32.22,32.22,32.22,32.22,32.22,32.22,32.22,32.22,32.22,32.22,32.22,32.22,32.22,32.22,32.22,32.22,32.22,32.22,32.22,32.22,32.22,32.22,0,32.22,32.22,32.22,32.22,32.22,32.22,32.22,32.22,32.22,32.22,32.22,0,0,0,0,0,0,0,0,0,0,0,0,0,0,0],
[0,0,0,0,0,0,0,0,0,0,0,0,28.38,28.38,28.38,28.38,28.38,28.38,28.38,28.38,28.38,28.38,28.38,28.38,28.38,28.38,28.38,28.38,28.38,28.38,28.38,28.38,28.38,28.38,28.38,28.38,28.38,28.38,28.38,28.38,28.38,28.38,28.38,28.38,28.38,28.38,28.38,28.39,28.40,28.40,28.41,28.42,28.43,28.43,28.44,28.42,28.40,28.43,28.46,28.90,29.21,29.53,29.86,30.18,30.50,30.82,31.18,31.54,31.90,32.26,32.29,32.27,32.26,32.24,32.23,32.22,32.22,32.22,32.22,32.22,32.22,32.22,32.22,32.22,32.22,32.22,32.22,32.22,32.22,32.22,32.22,32.22,32.22,32.22,32.22,32.22,32.22,32.22,32.22,32.22,32.22,32.22,32.22,32.22,32.22,32.22,32.22,32.22,32.22,32.22,32.22,32.22,32.22,32.22,32.22,0,0,0,0,0,0,0,0,0,0,0,0,0,0,0],
[0,0,0,0,0,0,0,0,0,0,0,0,28.38,28.38,28.38,28.38,28.38,28.38,28.38,28.38,28.38,28.38,28.38,28.38,28.38,28.38,28.38,28.38,28.38,28.38,28.38,28.38,28.38,28.38,28.38,28.38,28.38,28.38,28.38,28.38,28.38,28.38,28.38,28.38,28.38,28.38,28.38,28.38,28.39,28.40,28.41,28.42,28.42,28.43,28.44,28.44,28.45,28.46,28.47,28.77,29.09,29.42,29.74,30.06,30.39,30.71,31.06,31.42,31.78,32.14,32.30,32.28,32.27,32.25,32.23,32.22,32.22,0,32.22,32.22,32.22,32.22,32.22,32.22,32.22,32.22,32.22,32.22,32.22,32.22,32.22,32.22,32.22,32.22,32.22,32.22,32.22,32.22,32.22,32.22,32.22,32.22,32.22,32.22,32.22,32.22,32.22,32.22,32.22,32.22,32.22,32.22,32.22,32.22,32.22,0,0,0,0,0,0,0,0,0,0,0,0,0,0,0],
[0,0,0,0,0,0,0,0,0,0,0,0,28.38,28.38,28.38,28.38,28.38,28.38,28.38,28.38,28.38,28.38,28.38,28.38,28.38,28.38,28.38,28.38,28.38,28.38,28.38,28.38,28.38,28.38,28.38,28.38,28.38,28.38,28.38,28.38,28.38,28.38,28.38,28.38,28.38,28.38,28.38,28.38,28.39,28.40,28.40,28.41,28.42,28.43,28.43,28.44,28.45,28.46,28.46,28.65,28.98,29.30,29.62,29.95,30.27,30.59,30.95,31.30,31.66,32.00,32.25,32.27,32.25,32.23,32.22,32.22,0,0,0,32.22,32.22,32.22,32.22,32.22,32.22,32.22,32.22,32.22,32.22,32.22,32.22,32.22,32.22,32.22,32.22,32.22,32.22,32.22,32.22,32.22,32.22,32.22,32.22,32.22,32.22,32.22,32.22,32.22,32.22,32.22,32.22,32.22,32.22,32.22,32.22,0,0,0,0,0,0,0,0,0,0,0,0,0,0,0],
[0,0,0,0,0,0,0,0,0,0,0,0,28.38,28.38,28.38,28.38,28.38,28.38,28.38,28.38,28.38,28.38,28.38,28.38,28.38,28.38,28.38,28.38,28.38,28.38,28.38,28.38,28.38,28.38,28.38,28.38,28.38,28.38,28.38,28.38,28.38,28.38,28.38,28.38,28.38,28.38,28.38,28.38,28.38,28.39,28.40,28.41,28.42,28.43,28.43,28.44,28.45,28.45,28.46,28.47,28.86,29.18,29.51,29.83,30.15,30.48,30.83,31.19,31.54,31.82,32.11,32.24,32.22,32.22,0,0,0,0,0,0,32.22,32.22,32.22,32.22,32.22,32.22,32.22,32.22,32.22,32.22,32.22,32.22,32.22,32.22,32.22,32.22,32.22,32.22,32.22,32.22,32.22,32.22,32.22,32.22,32.22,32.22,32.22,32.22,32.22,32.22,32.22,32.22,32.22,32.22,32.22,0,0,0,0,0,0,0,0,0,0,0,0,0,0,0],
[0,0,0,0,0,0,0,0,0,0,0,0,28.38,28.38,28.38,28.38,28.38,28.38,28.38,28.38,28.38,28.38,28.38,28.38,28.38,28.38,28.38,28.38,28.38,28.38,28.38,28.38,28.38,28.38,28.38,28.38,28.38,28.38,28.38,28.38,28.38,28.38,28.38,28.38,28.38,28.38,28.38,28.38,28.38,28.39,28.39,28.40,28.41,28.42,28.43,28.44,28.44,28.45,28.46,28.47,28.74,29.07,29.39,29.71,30.04,30.36,30.72,31.07,31.36,31.65,31.93,32.22,32.22,0,0,0,0,0,0,0,0,0,32.22,32.22,32.22,32.22,32.22,32.22,32.22,32.22,32.22,32.22,32.22,32.22,32.22,32.22,32.22,32.22,32.22,32.22,32.22,32.22,32.22,32.22,32.22,32.22,32.22,32.22,32.22,32.22,32.22,32.22,32.22,32.22,32.22,0,0,0,0,0,0,0,0,0,0,0,0,0,0,0],
[0,0,0,0,0,0,0,0,0,0,0,0,28.38,28.38,28.38,28.38,28.38,28.38,28.38,28.38,28.38,28.38,28.38,28.38,28.38,28.38,28.38,28.38,28.38,28.38,28.38,28.38,28.38,28.38,28.38,28.38,28.38,28.38,28.38,28.38,28.38,28.38,28.38,28.38,28.38,28.38,28.38,28.38,28.38,28.38,28.39,28.40,28.41,28.42,28.42,28.43,28.44,28.45,28.46,28.46,28.63,28.95,29.27,29.60,29.92,30.24,30.60,30.91,31.19,31.48,31.78,32.08,0,0,0,0,0,0,0,0,0,0,0,0,0,32.22,32.22,32.22,32.22,32.22,32.22,32.22,32.22,32.22,32.22,32.22,32.22,32.22,32.22,32.22,32.22,32.22,32.22,32.22,32.22,32.22,32.22,32.22,32.22,32.22,32.22,32.22,32.22,32.22,32.22,0,0,0,0,0,0,0,0,0,0,0,0,0,0,0],
[0,0,0,0,0,0,0,0,0,0,0,0,28.38,28.38,28.38,28.38,28.38,28.38,28.38,28.38,28.38,28.38,28.38,28.38,28.38,28.38,28.38,28.38,28.38,28.38,28.38,28.38,28.38,28.38,28.38,28.38,28.38,28.38,28.38,28.38,28.38,28.38,28.38,28.38,28.38,28.38,28.38,28.38,28.38,28.38,28.39,28.39,28.40,28.41,28.42,28.43,28.44,28.45,28.45,28.46,28.47,28.83,29.16,29.48,29.80,30.13,30.45,30.74,31.04,0,0,0,0,0,0,0,0,0,0,0,0,0,0,0,0,0,0,32.22,32.22,32.22,32.22,32.22,32.22,32.22,32.22,32.22,32.22,32.22,32.22,32.22,32.22,32.22,32.22,32.22,32.22,32.22,32.22,32.22,32.22,32.22,32.22,32.22,32.22,32.22,0,0,0,0,0,0,0,0,0,0,0,0,0,0,0,0],
[0,0,0,0,0,0,0,0,0,0,0,0,28.38,28.38,28.38,28.38,28.38,28.38,28.38,28.38,28.38,28.38,28.38,28.38,28.38,28.38,28.38,28.38,28.38,28.38,28.38,28.38,28.38,28.38,28.38,28.38,28.38,28.38,28.38,28.38,28.38,28.38,28.38,28.38,28.38,28.38,28.38,28.38,28.38,28.38,28.38,28.39,28.40,28.41,28.42,28.42,28.43,28.44,28.45,28.46,28.47,28.72,29.04,29.36,29.69,30.00,30.31,0,0,0,0,0,0,0,0,0,0,0,0,0,0,0,0,0,0,0,0,0,0,32.22,32.22,32.22,32.22,32.22,32.22,32.22,32.22,32.22,32.22,32.22,32.22,32.22,32.22,32.22,32.22,32.22,32.22,0,0,0,0,0,0,0,0,0,0,0,0,0,0,0,0,0,0,0,0,0,0,0],
[0,0,0,0,0,0,0,0,0,0,0,0,28.38,28.38,28.38,28.38,28.38,28.38,28.38,28.38,28.38,28.38,28.38,28.38,28.38,28.38,28.38,28.38,28.38,28.38,28.38,28.38,28.38,28.38,28.38,28.38,28.38,28.38,28.38,28.38,28.38,28.38,28.38,28.38,28.38,28.38,28.38,28.38,28.38,28.38,28.38,28.38,28.39,28.40,28.41,28.42,28.43,28.44,28.45,28.45,28.46,28.60,28.92,29.23,29.54,0,0,0,0,0,0,0,0,0,0,0,0,0,0,0,0,0,0,0,0,0,0,0,0,0,0,32.22,32.22,32.22,32.22,32.22,32.22,32.22,32.22,32.22,32.22,32.22,32.22,0,0,0,0,0,0,0,0,0,0,0,0,0,0,0,0,0,0,0,0,0,0,0,0,0,0,0],
[0,0,0,0,0,0,0,0,0,0,0,0,28.38,28.38,28.38,28.38,28.38,28.38,28.38,28.38,28.38,28.38,28.38,28.38,28.38,28.38,28.38,28.38,28.38,28.38,28.38,28.38,28.38,28.38,28.38,28.38,28.38,28.38,28.38,28.38,28.38,28.38,28.38,28.38,28.38,28.38,28.38,28.38,28.38,28.38,28.38,28.38,28.39,28.40,28.41,28.41,28.42,28.43,28.44,28.45,28.46,28.46,28.78,0,0,0,0,0,0,0,0,0,0,0,0,0,0,0,0,0,0,0,0,0,0,0,0,0,0,0,0,0,0,32.22,32.22,32.22,32.22,32.22,32.22,32.22,0,0,0,0,0,0,0,0,0,0,0,0,0,0,0,0,0,0,0,0,0,0,0,0,0,0,0,0,0,0],
[0,0,0,0,0,0,0,0,0,0,0,0,28.38,28.38,28.38,28.38,28.38,28.38,28.38,28.38,28.38,28.38,28.38,28.38,28.38,28.38,28.38,28.38,28.38,28.38,28.38,28.38,28.38,28.38,28.38,28.38,28.38,28.38,28.38,28.38,28.38,28.38,28.38,28.38,28.38,28.38,28.38,28.38,28.38,28.38,28.38,28.38,28.38,28.39,28.40,28.41,28.42,28.43,28.44,28.44,28.44,28.45,0,0,0,0,0,0,0,0,0,0,0,0,0,0,0,0,0,0,0,0,0,0,0,0,0,0,0,0,0,0,0,0,32.22,32.22,32.22,32.22,0,0,0,0,0,0,0,0,0,0,0,0,0,0,0,0,0,0,0,0,0,0,0,0,0,0,0,0,0,0,0,0],
[0,0,0,0,0,0,0,0,0,0,0,0,28.38,28.38,28.38,28.38,28.38,28.38,28.38,28.38,28.38,28.38,28.38,28.38,28.38,28.38,28.38,28.38,28.38,28.38,28.38,28.38,28.38,28.38,28.38,28.38,28.38,28.38,28.38,0,0,0,0,0,28.38,28.38,28.38,28.38,28.38,28.38,28.38,28.38,28.38,28.39,28.40,28.41,28.41,28.42,28.42,28.43,28.43,0,0,0,0,0,0,0,0,0,0,0,0,0,0,0,0,0,0,0,0,0,0,0,0,0,0,0,0,0,0,0,0,0,0,0,0,0,0,0,0,0,0,0,0,0,0,0,0,0,0,0,0,0,0,0,0,0,0,0,0,0,0,0,0,0,0,0,0,0],
[0,0,0,0,0,0,0,0,0,0,0,0,28.38,28.38,28.38,28.38,28.38,28.38,28.38,28.38,28.38,28.38,28.38,28.38,28.38,28.38,28.38,28.38,28.38,28.38,28.38,28.38,28.38,28.38,28.38,28.38,28.38,0,0,0,0,0,0,0,0,0,0,28.38,28.38,28.38,28.38,28.38,28.38,28.38,28.39,28.40,28.40,28.41,28.41,28.41,0,0,0,0,0,0,0,0,0,0,0,0,0,0,0,0,0,0,0,0,0,0,0,0,0,0,0,0,0,0,0,0,0,0,0,0,0,0,0,0,0,0,0,0,0,0,0,0,0,0,0,0,0,0,0,0,0,0,0,0,0,0,0,0,0,0,0,0,0,0],
[0,0,0,0,0,0,0,0,0,0,0,0,28.38,28.38,28.38,28.38,28.38,28.38,28.38,28.38,28.38,28.38,28.38,28.38,28.38,28.38,28.38,28.38,28.38,28.38,28.38,28.38,28.38,28.38,28.44,28.50,28.55,0,0,0,0,0,0,0,0,0,0,0,0,0,0,28.38,28.38,28.38,28.38,28.39,28.39,28.39,28.39,28.40,0,0,0,0,0,0,0,0,0,0,0,0,0,0,0,0,0,0,0,0,0,0,0,0,0,0,0,0,0,0,0,0,0,0,0,0,0,0,0,0,0,0,0,0,0,0,0,0,0,0,0,0,0,0,0,0,0,0,0,0,0,0,0,0,0,0,0,0,0,0],
[0,0,0,0,0,0,0,0,0,0,0,0,28.38,28.38,28.38,28.38,28.38,28.38,28.38,28.38,28.38,28.38,28.38,28.38,28.38,28.38,28.38,28.38,28.38,28.38,28.38,28.38,28.43,28.50,28.54,28.57,28.61,28.54,0,0,0,0,0,0,0,0,0,0,0,0,0,0,0,0,0,28.38,28.38,28.38,28.38,0,0,0,0,0,0,0,0,0,0,0,0,0,0,0,0,0,0,0,0,0,0,0,0,0,0,0,0,0,0,0,0,0,0,0,0,0,0,0,0,0,0,0,0,0,0,0,0,0,0,0,0,0,0,0,0,0,0,0,0,0,0,0,0,0,0,0,0,0,0,0],
[0,0,0,0,0,0,0,0,0,0,0,0,28.38,28.38,28.38,28.38,28.38,28.38,28.38,28.38,28.38,28.38,28.38,28.38,28.38,28.38,28.38,28.38,28.38,28.38,28.38,28.48,28.55,28.57,28.59,28.62,28.50,28.20,0,0,0,0,0,0,0,0,0,0,0,0,0,0,0,0,0,0,0,0,0,0,0,0,0,0,0,0,0,0,0,0,0,0,0,0,0,0,0,0,0,0,0,0,0,0,0,0,0,0,0,0,0,0,0,0,0,0,0,0,0,0,0,0,0,0,0,0,0,0,0,0,0,0,0,0,0,0,0,0,0,0,0,0,0,0,0,0,0,0,0,0],
[0,0,0,0,0,0,0,0,0,0,0,28.38,28.38,28.38,28.38,28.38,28.38,28.38,28.38,28.38,28.38,28.38,28.38,28.38,28.38,28.38,28.38,28.38,0,0,0,28.55,28.55,28.58,28.57,28.35,28.03,27.70,27.52,0,0,0,0,0,0,0,0,0,0,0,0,0,0,0,0,0,0,0,0,0,0,0,0,0,0,0,0,0,0,0,0,0,0,0,0,0,0,0,0,0,0,0,0,0,0,0,0,0,0,0,0,0,0,0,0,0,0,0,0,0,0,0,0,0,0,0,0,0,0,0,0,0,0,0,0,0,0,0,0,0,0,0,0,0,0,0,0,0,0,0],
[0,0,0,0,0,0,0,0,0,0,28.38,28.38,28.38,28.38,28.38,28.38,28.38,28.38,28.38,28.38,28.38,28.38,28.38,28.38,28.38,28.38,28.38,0,0,0,0,0,28.51,28.42,28.14,27.79,27.64,27.42,27.23,0,0,0,0,0,0,0,0,0,0,0,0,0,0,0,0,0,0,0,0,0,0,0,0,0,0,0,0,0,0,0,0,0,0,0,0,0,0,0,0,0,0,0,0,0,0,0,0,0,0,0,0,0,0,0,0,0,0,0,0,0,0,0,0,0,0,0,0,0,0,0,0,0,0,0,0,0,0,0,0,0,0,0,0,0,0,0,0,0,0,0],
[0,0,0,0,0,0,0,0,0,0,28.38,28.38,28.38,28.38,28.38,28.38,28.38,28.38,28.38,28.38,28.38,28.38,28.38,28.38,28.38,28.38,0,0,0,0,0,0,28.27,27.99,27.72,27.50,27.34,27.14,26.94,26.76,0,0,0,0,0,0,0,0,0,0,0,0,0,0,0,0,0,0,0,0,0,0,0,0,0,0,0,0,0,0,0,0,0,0,0,0,0,0,0,0,0,0,0,0,0,0,0,0,0,0,0,0,0,0,0,0,0,0,0,0,0,0,0,0,0,0,0,0,0,0,0,0,0,0,0,0,0,0,0,0,0,0,0,0,0,0,0,0,0,0],
[0,0,0,0,0,0,0,0,0,0,28.38,28.38,28.38,28.38,28.38,28.38,28.38,28.38,28.38,28.38,28.38,28.38,28.38,28.38,28.38,28.38,0,0,0,0,0,0,0,27.59,27.40,27.21,27.03,26.85,26.70,26.52,0,0,0,0,0,0,0,0,0,0,0,0,0,0,0,0,0,0,0,0,0,0,0,0,0,0,0,0,0,0,0,0,0,0,0,0,0,0,0,0,0,0,0,0,0,0,0,0,0,0,0,0,0,0,0,0,0,0,0,0,0,0,0,0,0,0,0,0,0,0,0,0,0,0,0,0,0,0,0,0,0,0,0,0,0,0,0,0,0,0],
[0,0,0,0,0,0,0,0,0,0,28.38,28.38,28.38,28.38,28.38,28.38,28.38,28.38,28.38,28.38,28.38,28.38,28.38,28.38,28.38,28.38,0,0,0,0,0,0,0,0,27.09,26.90,26.74,26.62,26.47,26.31,26.18,0,0,0,0,0,0,0,0,0,0,0,0,0,0,0,0,0,0,0,0,0,0,0,0,0,0,0,0,0,0,0,0,0,0,0,0,0,0,0,0,0,0,0,0,0,0,0,0,0,0,0,0,0,0,0,0,0,0,0,0,0,0,0,0,0,0,0,0,0,0,0,0,0,0,0,0,0,0,0,0,0,0,0,0,0,0,0,0,0],
[0,0,0,0,0,0,0,0,0,0,28.38,28.38,28.38,28.38,28.38,28.38,28.38,28.38,28.38,28.38,28.38,28.38,28.38,28.38,28.38,28.38,0,0,0,0,0,0,0,0,26.79,26.63,26.53,26.39,26.24,26.12,26.01,25.91,0,0,0,0,0,0,0,0,0,0,0,0,0,0,0,0,0,0,0,0,0,0,0,0,0,0,0,0,0,0,0,0,0,0,0,0,0,0,0,0,0,0,0,0,0,0,0,0,0,0,0,0,0,0,0,0,0,0,0,0,0,0,0,0,0,0,0,0,0,0,0,0,0,0,0,0,0,0,0,0,0,0,0,0,0,0,0,0],
[0,0,0,0,0,0,0,0,0,0,0,28.38,28.38,28.38,28.38,28.38,28.38,28.38,28.38,28.38,28.38,28.38,28.38,28.38,28.38,28.38,0,0,0,0,0,0,0,0,0,26.43,26.31,26.18,26.06,25.94,25.84,25.74,0,0,0,0,0,0,0,0,0,0,0,0,0,0,0,0,0,0,0,0,0,0,0,0,0,0,0,0,0,0,0,0,0,0,0,0,0,0,0,0,0,0,0,0,0,0,0,0,0,0,0,0,0,0,0,0,0,0,0,0,0,0,0,0,0,0,0,0,0,0,0,0,0,0,0,0,0,0,0,0,0,0,0,0,0,0,0,0],
[0,0,0,0,0,0,0,0,0,0,0,28.38,28.38,28.38,28.38,28.38,28.38,28.38,28.38,28.38,28.38,28.38,28.38,28.38,28.38,28.38,28.38,0,0,0,0,0,0,0,0,0,26.13,26.01,25.89,25.77,25.67,25.57,25.48,0,0,0,0,0,0,0,0,0,0,0,0,0,0,0,0,0,0,0,0,0,0,0,0,0,0,0,0,0,0,0,0,0,0,0,0,0,0,0,0,0,0,0,0,0,0,0,0,0,0,0,0,0,0,0,0,0,0,0,0,0,0,0,0,0,0,0,0,0,0,0,0,0,0,0,0,0,0,0,0,0,0,0,0,0,0,0],
[0,0,0,0,0,0,0,0,0,0,0,0,28.38,28.38,28.38,28.38,28.38,28.38,28.38,28.38,28.38,28.38,28.38,28.38,28.38,28.38,28.38,0,0,0,0,0,0,0,0,0,25.94,25.83,25.71,25.59,25.49,25.40,25.31,0,0,0,0,0,0,0,0,0,0,0,0,0,0,0,0,0,0,0,0,0,0,0,0,0,0,0,0,0,0,0,0,0,0,0,0,0,0,0,0,0,0,0,0,0,0,0,0,0,0,0,0,0,0,0,0,0,0,0,0,0,0,0,0,0,0,0,0,0,0,0,0,0,0,0,0,0,0,0,0,0,0,0,0,0,0,0],
[0,0,0,0,0,0,0,0,0,0,0,0,0,0,28.38,28.38,28.38,28.38,28.38,28.38,28.38,28.38,28.38,28.38,28.38,28.38,28.38,0,0,0,0,0,0,0,0,0,0,25.65,25.54,25.41,25.32,25.23,25.13,25.04,0,0,0,0,0,0,0,0,0,0,0,0,0,0,0,0,0,0,0,0,0,0,0,0,0,0,0,0,0,0,0,0,0,0,0,0,0,0,0,0,0,0,0,0,0,0,0,0,0,0,0,0,0,0,0,0,0,0,0,0,0,0,0,0,0,0,0,0,0,0,0,0,0,0,0,0,0,0,0,0,0,0,0,0,0,0],
[0,0,0,0,0,0,0,0,0,0,0,0,0,0,0,0,28.38,28.38,28.38,28.38,28.38,28.38,28.38,28.38,28.38,28.38,28.38,0,0,0,0,0,0,0,0,0,0,25.47,25.36,25.24,25.15,25.05,24.96,24.88,24.88,0,0,0,0,0,0,0,0,0,0,0,0,0,0,0,0,0,0,0,0,0,0,0,0,0,0,0,0,0,0,0,0,0,0,0,0,0,0,0,0,0,0,0,0,0,0,0,0,0,0,0,0,0,0,0,0,0,0,0,0,0,0,0,0,0,0,0,0,0,0,0,0,0,0,0,0,0,0,0,0,0,0,0,0,0],
[0,0,0,0,0,0,0,0,0,0,0,0,0,0,0,0,0,28.38,28.38,28.38,28.38,28.38,28.38,28.38,28.38,28.38,28.38,0,0,0,0,0,0,0,0,0,0,0,25.18,25.07,24.97,24.92,24.91,24.89,24.88,0,0,0,0,0,0,0,24.97,24.97,0,0,0,0,0,0,0,0,0,0,0,0,0,0,0,0,0,0,0,0,0,0,0,0,0,0,0,0,0,0,0,0,0,0,0,0,0,0,0,0,0,0,0,0,0,0,0,0,0,0,0,0,0,0,0,0,0,0,0,0,0,0,0,0,0,0,0,0,0,0,0,0,0,0,0,0],
[0,0,0,0,0,0,0,0,0,0,0,0,0,0,0,0,0,0,0,28.38,28.38,28.38,28.38,28.38,28.38,0,0,0,0,0,0,0,0,0,0,0,0,0,24.99,24.96,24.94,24.93,24.91,24.89,24.89,24.91,0,0,0,24.97,24.97,24.97,24.97,24.97,24.97,24.97,24.97,0,0,0,0,0,0,0,0,0,0,0,0,0,0,0,0,0,0,0,0,0,0,0,0,0,0,0,0,0,0,0,0,0,0,0,0,0,0,0,0,0,0,0,0,0,0,0,0,0,0,0,0,0,0,0,0,0,0,0,0,0,0,0,0,0,0,0,0,0,0,0,0,0],
[0,0,0,0,0,0,0,0,0,0,0,0,0,0,0,0,0,0,0,0,28.38,28.38,28.38,28.38,0,0,0,0,0,0,0,0,0,0,0,0,0,0,0,24.94,24.93,24.92,24.90,24.89,24.91,24.93,24.95,24.97,24.97,24.97,24.97,24.97,24.97,24.97,24.97,24.97,24.97,24.97,0,0,0,0,0,0,0,0,0,0,0,0,0,0,0,0,0,0,0,0,0,0,0,0,0,0,0,0,0,0,0,0,0,0,0,0,0,0,0,0,0,0,0,0,0,0,0,0,0,0,0,0,0,0,0,0,0,0,0,0,0,0,0,0,0,0,0,0,0,0,0,0],
[0,0,0,0,0,0,0,0,0,0,0,0,0,0,0,0,0,0,0,0,0,0,0,0,0,0,0,0,0,0,0,0,0,0,0,0,0,0,0,0,24.92,24.90,24.89,24.90,24.93,24.95,24.97,24.97,24.97,24.97,24.97,24.97,24.97,24.97,24.97,24.97,24.97,24.97,0,0,0,0,0,0,0,0,0,0,0,0,0,0,0,0,0,0,0,0,0,0,0,0,0,0,0,0,0,0,0,0,0,0,0,0,0,0,0,0,0,0,0,0,0,0,0,0,0,0,0,0,0,0,0,0,0,0,0,0,0,0,0,0,0,0,0,0,0,0,0,0],
[0,0,0,0,0,0,0,0,0,0,0,0,0,0,0,0,0,0,0,0,0,0,0,0,0,0,0,0,0,0,0,0,0,0,0,0,0,0,0,0,24.90,24.89,24.89,24.92,24.94,24.96,24.97,24.97,24.97,24.97,24.97,24.97,24.97,24.97,24.97,24.97,24.97,24.97,24.97,0,0,0,0,0,0,0,0,0,0,0,0,0,0,0,0,0,0,0,0,0,0,0,0,0,0,0,0,0,0,0,0,0,0,0,0,0,0,0,0,0,0,0,0,0,0,0,0,0,0,0,0,0,0,0,0,0,0,0,0,0,0,0,0,0,0,0,0,0,0,0],
[0,0,0,0,0,0,0,0,0,0,0,0,0,0,0,0,0,0,0,0,0,0,0,0,0,0,0,0,0,0,0,0,0,0,0,0,0,0,0,0,0,24.89,24.91,24.93,24.96,24.97,24.97,24.97,24.97,24.97,24.97,24.97,24.97,24.97,24.97,24.97,24.97,24.97,24.97,24.97,0,0,0,0,0,0,0,0,0,0,0,0,0,0,0,0,0,0,0,0,0,0,0,0,0,0,0,0,0,0,0,0,0,0,0,0,0,0,0,0,0,0,0,0,0,0,0,0,0,0,0,0,0,0,0,0,0,0,0,0,0,0,0,0,0,0,0,0,0,0],
[0,0,0,0,0,0,0,0,0,0,0,0,0,0,0,0,0,0,0,0,0,0,0,0,0,0,0,0,0,0,0,0,0,0,0,0,0,0,0,0,0,24.91,24.93,24.95,24.97,24.97,24.97,24.97,24.97,24.97,24.97,24.97,24.97,24.97,24.97,24.97,24.97,24.97,24.97,24.97,0,0,0,0,0,0,0,0,0,0,0,0,0,0,0,0,0,0,0,0,0,0,0,0,0,0,0,0,0,0,0,0,0,0,0,0,0,0,0,0,0,0,0,0,0,0,0,0,0,0,0,0,0,0,0,0,0,0,0,0,0,0,0,0,0,0,0,0,0,0],
[0,0,0,0,0,0,0,0,0,0,0,0,0,0,0,0,0,0,0,0,0,0,0,0,0,0,0,0,0,0,0,0,0,0,0,0,0,0,0,0,0,0,24.94,24.96,24.97,24.97,24.97,24.97,24.97,24.97,24.97,24.97,24.97,24.97,24.97,24.97,24.97,24.97,24.97,24.97,0,0,0,0,0,0,0,0,0,0,0,0,0,0,0,0,0,0,0,0,0,0,0,0,0,0,0,0,0,0,0,0,0,0,0,0,0,0,0,0,0,0,0,0,0,0,0,0,0,0,0,0,0,0,0,0,0,0,0,0,0,0,0,0,0,0,0,0,0,0],
[0,0,0,0,0,0,0,0,0,0,0,0,0,0,0,0,0,0,0,0,0,0,0,0,0,0,0,0,0,0,0,0,0,0,0,0,0,0,0,0,0,0,24.96,24.97,24.97,24.97,24.97,24.97,24.97,24.97,24.97,24.97,24.97,24.97,24.97,24.97,24.97,24.97,24.97,24.97,0,0,0,0,0,0,0,0,0,0,0,0,0,0,0,0,0,0,0,0,0,0,0,0,0,0,0,0,0,0,0,0,0,0,0,0,0,0,0,0,0,0,0,0,0,0,0,0,0,0,0,0,0,0,0,0,0,0,0,0,0,0,0,0,0,0,0,0,0,0],
[0,0,0,0,0,0,0,0,0,0,0,0,0,0,0,0,0,0,0,0,0,0,0,0,0,0,0,0,0,0,0,0,0,0,0,0,0,0,0,0,0,0,24.97,24.97,24.97,24.97,24.97,24.97,24.97,24.97,24.97,24.97,24.97,24.97,24.97,24.97,24.97,24.97,24.97,24.97,24.97,0,0,0,0,0,0,0,0,0,0,0,0,0,0,0,0,0,0,0,0,0,0,0,0,0,0,0,0,0,0,0,0,0,0,0,0,0,0,0,0,0,0,0,0,0,0,0,0,0,0,0,0,0,0,0,0,0,0,0,0,0,0,0,0,0,0,0,0,0],
[0,0,0,0,0,0,0,0,0,0,0,0,0,0,0,0,0,0,0,0,0,0,0,0,0,0,0,0,0,0,0,0,0,0,0,0,0,0,0,0,0,0,24.97,24.97,24.97,24.97,24.97,24.97,24.97,24.97,24.97,24.97,24.97,24.97,24.97,24.97,24.97,24.97,24.97,24.97,24.97,24.97,0,0,0,0,0,0,0,0,0,0,0,0,0,0,0,0,0,0,0,0,0,0,0,0,0,0,0,0,0,0,0,0,0,0,0,0,0,0,0,0,0,0,0,0,0,0,0,0,0,0,0,0,0,0,0,0,0,0,0,0,0,0,0,0,0,0,0,0],
[0,0,0,0,0,0,0,0,0,0,0,0,0,0,0,0,0,0,0,0,0,0,0,0,0,0,0,0,0,0,0,0,0,0,0,0,0,0,0,0,0,0,24.97,24.97,24.97,24.97,24.97,24.97,24.97,24.97,24.97,24.97,24.97,24.97,24.97,24.97,24.97,24.97,24.97,24.97,24.97,24.97,24.97,0,0,0,0,0,0,0,0,0,0,0,0,0,0,0,0,0,0,0,0,0,0,0,0,0,0,0,0,0,0,0,0,0,0,0,0,0,0,0,0,0,0,0,0,0,0,0,0,0,0,0,0,0,0,0,0,0,0,0,0,0,0,0,0,0,0,0],
[0,0,0,0,0,0,0,0,0,0,0,0,0,0,0,0,0,0,0,0,0,0,0,0,0,0,0,0,0,0,0,0,0,0,0,0,0,0,0,0,0,0,24.97,24.97,24.97,24.97,24.97,24.97,24.97,24.97,24.97,24.97,24.97,24.97,24.97,24.97,24.97,24.97,24.97,24.97,24.97,24.97,24.97,24.97,0,0,0,0,0,0,0,0,0,0,0,0,0,0,0,0,0,0,0,0,0,0,0,0,0,0,0,0,0,0,0,0,0,0,0,0,0,0,0,0,0,0,0,0,0,0,0,0,0,0,0,0,0,0,0,0,0,0,0,0,0,0,0,0,0,0],
[0,0,0,0,0,0,0,0,0,0,0,0,0,0,0,0,0,0,0,0,0,0,0,0,0,0,0,0,0,0,0,0,0,0,0,0,0,0,0,0,0,0,24.97,24.97,24.97,24.97,24.97,24.97,24.97,24.97,24.97,24.97,24.97,24.97,24.97,24.97,24.97,24.97,24.97,24.97,24.97,24.97,24.97,24.97,0,0,0,0,0,0,0,0,0,0,0,0,0,0,0,0,0,0,0,0,0,0,0,0,0,0,0,0,0,0,0,0,0,0,0,0,0,0,0,0,0,0,0,0,0,0,0,0,0,0,0,0,0,0,0,0,0,0,0,0,0,0,0,0,0,0],
[0,0,0,0,0,0,0,0,0,0,0,0,0,0,0,0,0,0,0,0,0,0,0,0,0,0,0,0,0,0,0,0,0,0,0,0,0,0,0,0,0,0,24.97,24.97,24.97,24.97,24.97,24.97,24.97,24.97,24.97,24.97,24.97,24.97,24.97,24.97,24.97,24.97,24.97,24.97,24.97,24.97,24.97,0,0,0,0,0,0,0,0,0,0,0,0,0,0,0,0,0,0,0,0,0,0,0,0,0,0,0,0,0,0,0,0,0,0,0,0,0,0,0,0,0,0,0,0,0,0,0,0,0,0,0,0,0,0,0,0,0,0,0,0,0,0,0,0,0,0,0],
[0,0,0,0,0,0,0,0,0,0,0,0,0,0,0,0,0,0,0,0,0,0,0,0,0,0,0,0,0,0,0,0,0,0,0,0,0,0,0,0,0,24.97,24.97,24.97,24.97,24.97,24.97,24.97,24.97,24.97,24.97,24.97,24.97,24.97,24.97,24.97,24.97,24.97,24.97,24.97,24.97,24.97,24.97,0,0,0,0,0,0,0,0,0,0,0,0,0,0,0,0,0,0,0,0,0,0,0,0,0,0,0,0,0,0,0,0,0,0,0,0,0,0,0,0,0,0,0,0,0,0,0,0,0,0,0,0,0,0,0,0,0,0,0,0,0,0,0,0,0,0,0],
[0,0,0,0,0,0,0,0,0,0,0,0,0,0,0,0,0,0,0,0,0,0,0,0,0,0,0,0,0,0,0,0,0,0,0,0,0,0,0,0,0,24.97,24.97,24.97,24.97,24.97,24.97,24.97,24.97,24.97,24.97,24.97,24.97,24.97,24.97,24.97,24.97,24.97,24.97,24.97,24.97,24.97,24.97,0,0,0,0,0,0,0,0,0,0,0,0,0,0,0,0,0,0,0,0,0,0,0,0,0,0,0,0,0,0,0,0,0,0,0,0,0,0,0,0,0,0,0,0,0,0,0,0,0,0,0,0,0,0,0,0,0,0,0,0,0,0,0,0,0,0,0],
[0,0,0,0,0,0,0,0,0,0,0,0,0,0,0,0,0,0,0,0,0,0,0,0,0,0,0,0,0,0,0,0,0,0,0,0,0,0,0,0,0,24.97,24.97,24.97,24.97,24.97,24.97,24.97,24.97,24.97,24.97,24.97,24.97,24.97,24.97,24.97,24.97,24.97,24.97,24.97,24.97,24.97,24.97,24.97,0,0,0,0,0,0,0,0,0,0,0,0,0,0,0,0,0,0,0,0,0,0,0,0,0,0,0,0,0,0,0,0,0,0,0,0,0,0,0,0,0,0,0,0,0,0,0,0,0,0,0,0,0,0,0,0,0,0,0,0,0,0,0,0,0,0],
[0,0,0,0,0,0,0,0,0,0,0,0,0,0,0,0,0,0,0,0,0,0,0,0,0,0,0,0,0,0,0,0,0,0,0,0,0,0,0,0,0,24.97,24.97,24.97,24.97,24.97,24.97,24.97,24.97,24.97,24.97,24.97,24.97,24.97,24.97,24.97,24.97,24.97,24.97,24.97,24.97,24.97,24.97,24.97,0,0,0,0,0,0,0,0,0,0,0,0,0,0,0,0,0,0,0,0,0,0,0,0,0,0,0,0,0,0,0,0,0,0,0,0,0,0,0,0,0,0,0,0,0,0,0,0,0,0,0,0,0,0,0,0,0,0,0,0,0,0,0,0,0,0],
[0,0,0,0,0,0,0,0,0,0,0,0,0,0,0,0,0,0,0,0,0,0,0,0,0,0,0,0,0,0,0,0,0,0,0,0,0,0,0,0,0,24.97,24.97,24.97,24.97,24.97,24.97,24.97,24.97,24.97,24.97,24.97,24.97,24.97,24.97,24.97,24.97,24.97,24.97,24.97,24.97,24.97,24.97,24.97,0,0,0,0,0,0,0,0,0,0,0,0,0,0,0,0,0,0,0,0,0,0,0,0,0,0,0,0,0,0,0,0,0,0,0,0,0,0,0,0,0,0,0,0,0,0,0,0,0,0,0,0,0,0,0,0,0,0,0,0,0,0,0,0,0,0],
[0,0,0,0,0,0,0,0,0,0,0,0,0,0,0,0,0,0,0,0,0,0,0,0,0,0,0,0,0,0,0,0,0,0,0,0,0,0,0,0,0,0,24.97,24.97,24.97,24.97,24.97,24.97,24.97,24.97,24.97,24.97,24.97,24.97,24.97,24.97,24.97,24.97,24.97,24.97,24.97,24.97,24.97,24.97,0,0,0,0,0,0,0,0,0,0,0,0,0,0,0,0,0,0,0,0,0,0,0,0,0,0,0,0,0,0,0,0,0,0,0,0,0,0,0,0,0,0,0,0,0,0,0,0,0,0,0,0,0,0,0,0,0,0,0,0,0,0,0,0,0,0],
[0,0,0,0,0,0,0,0,0,0,0,0,0,0,0,0,0,0,0,0,0,0,0,0,0,0,0,0,0,0,0,0,0,0,0,0,0,0,0,0,0,0,0,24.97,24.97,24.97,24.97,24.97,24.97,24.97,24.97,24.97,24.97,24.97,24.97,24.97,24.97,24.97,24.97,24.97,24.97,24.97,24.97,0,0,0,0,0,0,0,0,0,0,0,0,0,0,0,0,0,0,0,0,0,0,0,0,0,0,0,0,0,0,0,0,0,0,0,0,0,0,0,0,0,0,0,0,0,0,0,0,0,0,0,0,0,0,0,0,0,0,0,0,0,0,0,0,0,0,0],
[0,0,0,0,0,0,0,0,0,0,0,0,0,0,0,0,0,0,0,0,0,0,0,0,0,0,0,0,0,0,0,0,0,0,0,0,0,0,0,0,0,0,0,24.97,24.97,24.97,24.97,24.97,24.97,24.97,24.97,24.97,24.97,24.97,24.97,24.97,24.97,24.97,24.97,24.97,24.97,24.97,24.97,0,0,0,0,0,0,0,0,0,0,0,0,0,0,0,0,0,0,0,0,0,0,0,0,0,0,0,0,0,0,0,0,0,0,0,0,0,0,0,0,0,0,0,0,0,0,0,0,0,0,0,0,0,0,0,0,0,0,0,0,0,0,0,0,0,0,0],
[0,0,0,0,0,0,0,0,0,0,0,0,0,0,0,0,0,0,0,0,0,0,0,0,0,0,0,0,0,0,0,0,0,0,0,0,0,0,0,0,0,0,0,0,24.97,24.97,24.97,24.97,24.97,24.97,24.97,24.97,24.97,24.97,24.97,24.97,24.97,24.97,24.97,24.97,24.97,24.97,24.97,0,0,0,0,0,0,0,0,0,0,0,0,0,0,0,0,0,0,0,0,0,0,0,0,0,0,0,0,0,0,0,0,0,0,0,0,0,0,0,0,0,0,0,0,0,0,0,0,0,0,0,0,0,0,0,0,0,0,0,0,0,0,0,0,0,0,0],
[0,0,0,0,0,0,0,0,0,0,0,0,0,0,0,0,0,0,0,0,0,0,0,0,0,0,0,0,0,0,0,0,0,0,0,0,0,0,0,0,0,0,0,0,24.97,24.97,24.97,24.97,24.97,24.97,24.97,24.97,24.97,24.97,24.97,24.97,24.97,24.97,24.97,24.97,24.97,24.97,0,0,0,0,0,0,0,0,0,0,0,0,0,0,0,0,0,0,0,0,0,0,0,0,0,0,0,0,0,0,0,0,0,0,0,0,0,0,0,0,0,0,0,0,0,0,0,0,0,0,0,0,0,0,0,0,0,0,0,0,0,0,0,0,0,0,0,0],
[0,0,0,0,0,0,0,0,0,0,0,0,0,0,0,0,0,0,0,0,0,0,0,0,0,0,0,0,0,0,0,0,0,0,0,0,0,0,0,0,0,0,0,0,24.97,24.97,24.97,24.97,24.97,24.97,24.97,24.97,24.97,24.97,24.97,24.97,24.97,24.97,24.97,24.97,24.97,24.97,0,0,0,0,0,0,0,0,0,0,0,0,0,0,0,0,0,0,0,0,0,0,0,0,0,0,0,0,0,0,0,0,0,0,0,0,0,0,0,0,0,0,0,0,0,0,0,0,0,0,0,0,0,0,0,0,0,0,0,0,0,0,0,0,0,0,0,0],
[0,0,0,0,0,0,0,0,0,0,0,0,0,0,0,0,0,0,0,0,0,0,0,0,0,0,0,0,0,0,0,0,0,0,0,0,0,0,0,0,0,0,0,0,0,24.97,24.97,24.97,24.97,24.97,24.97,24.97,24.97,24.97,24.97,24.97,24.97,24.97,24.97,24.97,24.97,0,0,0,0,0,0,0,0,0,0,0,0,0,0,0,0,0,0,0,0,0,0,0,0,0,0,0,0,0,0,0,0,0,0,0,0,0,0,0,0,0,0,0,0,0,0,0,0,0,0,0,0,0,0,0,0,0,0,0,0,0,0,0,0,0,0,0,0,0],
[0,0,0,0,0,0,0,0,0,0,0,0,0,0,0,0,0,0,0,0,0,0,0,0,0,0,0,0,0,0,0,0,0,0,0,0,0,0,0,0,0,0,0,0,0,0,0,24.97,24.97,24.97,24.97,24.97,24.97,24.97,24.97,24.97,24.97,24.97,24.97,24.97,0,0,0,0,0,0,0,0,0,0,0,0,0,0,0,0,0,0,0,0,0,0,0,0,0,0,0,0,0,0,0,0,0,0,0,0,0,0,0,0,0,0,0,0,0,0,0,0,0,0,0,0,0,0,0,0,0,0,0,0,0,0,0,0,0,0,0,0,0,0],
[0,0,0,0,0,0,0,0,0,0,0,0,0,0,0,0,0,0,0,0,0,0,0,0,0,0,0,0,0,0,0,0,0,0,0,0,0,0,0,0,0,0,0,0,0,0,0,0,24.97,24.97,24.97,24.97,24.97,24.97,24.97,24.97,24.97,24.97,24.97,0,0,0,0,0,0,0,0,0,0,0,0,0,0,0,0,0,0,0,0,0,0,0,0,0,0,0,0,0,0,0,0,0,0,0,0,0,0,0,0,0,0,0,0,0,0,0,0,0,0,0,0,0,0,0,0,0,0,0,0,0,0,0,0,0,0,0,0,0,0,0],
[0,0,0,0,0,0,0,0,0,0,0,0,0,0,0,0,0,0,0,0,0,0,0,0,0,0,0,0,0,0,0,0,0,0,0,0,0,0,0,0,0,0,0,0,0,0,0,0,0,24.97,24.97,24.97,24.97,24.97,24.97,24.97,24.97,24.97,0,0,0,0,0,0,0,0,0,0,0,0,0,0,0,0,0,0,0,0,0,0,0,0,0,0,0,0,0,0,0,0,0,0,0,0,0,0,0,0,0,0,0,0,0,0,0,0,0,0,0,0,0,0,0,0,0,0,0,0,0,0,0,0,0,0,0,0,0,0,0,0],
[0,0,0,0,0,0,0,0,0,0,0,0,0,0,0,0,0,0,0,0,0,0,0,0,0,0,0,0,0,0,0,0,0,0,0,0,0,0,0,0,0,0,0,0,0,0,0,0,0,0,24.97,24.97,24.97,24.97,24.97,24.97,24.97,0,0,0,0,0,0,0,0,0,0,0,0,0,0,0,0,0,0,0,0,0,0,0,0,0,0,0,0,0,0,0,0,0,0,0,0,0,0,0,0,0,0,0,0,0,0,0,0,0,0,0,0,0,0,0,0,0,0,0,0,0,0,0,0,0,0,0,0,0,0,0,0,0],
[0,0,0,0,0,0,0,0,0,0,0,0,0,0,0,0,0,0,0,0,0,0,0,0,0,0,0,0,0,0,0,0,0,0,0,0,0,0,0,0,0,0,0,0,0,0,0,0,0,0,0,0,0,0,0,0,0,0,0,0,0,0,0,0,0,0,0,0,0,0,0,0,0,0,0,0,0,0,0,0,0,0,0,0,0,0,0,0,0,0,0,0,0,0,0,0,0,0,0,0,0,0,0,0,0,0,0,0,0,0,0,0,0,0,0,0,0,0,0,0,0,0,0,0,0,0,0,0,0,0],
[0,0,0,0,0,0,0,0,0,0,0,0,0,0,0,0,0,0,0,0,0,0,0,0,0,0,0,0,0,0,0,0,0,0,0,0,0,0,0,0,0,0,0,0,0,0,0,0,0,0,0,0,0,0,0,0,0,0,0,0,0,0,0,0,0,0,0,0,0,0,0,0,0,0,0,0,0,0,0,0,0,0,0,0,0,0,0,0,0,0,0,0,0,0,0,0,0,0,0,0,0,0,0,0,0,0,0,0,0,0,0,0,0,0,0,0,0,0,0,0,0,0,0,0,0,0,0,0,0,0]]