[[0,0,0,0,0,0,0,0,0,0,0,0,0,0,0,0,0,0,0,0,0,0,0,0,0,0,0,0,0,0,0,0,0,0,0,0,0,0,0,0,0,0,0,0,0,0,0,0,0,0,0,0,0,0,0,0,0,0,0,0,0,0,0,0,0,0,0,0,0,0,0,0,0,0,0,0,0,0,0,0,0,0,0,0,0,0,0,0,0,0,0,0,0,0,0,0,0,0,0,0,0,0,0,0,0,0,0,0,0,0,0,0,0,0,0,0,0,0,0,0,0,0,0,0,0,0,0,0,0,0,0,0,0,0,0,0,0,0,0,0,0,0,0,0,0,0,0,0,0,0,0,0,0,0,0,0,0,0,0,0,0,0,0,0,0,0,0,0,0,0,0,0,0,0,0,0,0,0,0,0],
[0,0,0,0,0,0,0,0,0,0,0,0,0,0,0,0,0,0,0,0,0,0,0,0,0,0,0,0,0,0,0,0,0,0,0,0,0,0,0,0,0,0,0,0,0,0,0,0,0,0,0,0,0,0,0,0,0,0,0,0,0,0,0,0,0,0,0,0,0,0,0,0,0,0,0,0,0,0,0,0,0,0,0,0,0,0,0,0,0,0,0,0,0,0,0,0,0,0,0,0,0,0,0,0,0,0,0,0,0,0,0,0,0,0,0,0,0,0,0,0,0,0,0,0,0,0,0,0,0,0,0,0,0,0,0,0,0,0,0,0,0,0,0,0,0,0,0,0,0,0,0,0,0,0,0,0,0,0,0,0,0,0,0,0,0,0,0,0,0,0,0,0,0,0,0,0,0,0,0,0],
[0,0,0,0,0,0,0,0,0,0,0,0,0,0,0,0,0,0,0,0,0,0,0,0,0,0,0,0,0,0,0,0,0,0,0,0,0,0,0,0,0,0,0,0,0,0,0,0,0,0,0,0,0,0,0,0,0,0,0,0,0,0,0,0,0,0,0,0,0,0,0,0,0,0,0,0,0,0,0,0,0,0,0,0,0,0,0,0,0,0,0,0,0,0,0,0,0,0,0,0,0,0,0,0,0,0,0,0,0,0,0,0,0,0,0,0,0,0,0,0,0,0,0,0,0,0,0,0,0,0,0,0,0,0,0,0,0,0,0,0,0,0,0,0,0,0,0,0,0,0,0,0,0,0,0,0,0,0,0,0,0,0,0,0,0,0,0,0,0,0,0,0,0,0,0,0,0,0,0,0],
[0,0,0,0,0,0,0,0,0,0,0,0,0,0,0,0,0,0,0,0,0,0,0,0,0,0,0,0,0,0,0,0,0,0,0,0,0,0,0,0,0,0,0,0,0,0,0,0,0,0,0,0,0,0,0,0,0,0,0,0,0,0,0,0,0,0,0,0,0,0,0,0,0,0,0,0,0,0,0,0,0,0,0,0,0,0,0,0,0,0,0,0,0,0,0,0,0,0,0,0,0,0,0,0,0,0,0,0,0,0,0,0,0,0,0,0,0,0,0,0,0,0,0,0,0,0,0,0,0,0,0,0,0,0,0,0,0,0,0,0,0,0,0,0,0,0,0,0,0,0,0,0,0,0,0,0,0,0,0,0,0,0,0,0,0,0,0,0,0,0,0,0,0,0,0,0,0,0,0,0],
[0,0,0,0,0,0,0,0,0,0,0,0,0,0,0,0,0,0,0,0,0,0,0,0,0,0,0,0,0,0,0,0,0,0,0,0,0,0,0,0,0,0,0,0,0,0,0,0,0,0,0,0,0,0,0,0,0,0,0,0,0,0,0,0,0,0,0,0,0,0,0,0,0,0,0,0,0,0,0,0,0,0,0,0,0,0,0,0,0,0,0,0,0,0,0,0,0,0,0,0,0,0,0,0,0,0,0,0,0,0,0,0,0,0,0,0,0,0,0,0,0,0,0,0,0,0,0,0,0,0,0,0,0,0,0,0,0,0,0,0,0,0,0,0,0,0,0,0,0,0,0,0,0,0,0,0,0,0,0,0,0,0,0,0,0,0,0,0,0,0,0,0,0,0,0,0,0,0,0,0],
[0,0,0,0,0,0,0,0,0,0,0,0,0,0,0,0,0,0,0,0,0,0,0,0,0,0,0,0,0,0,0,0,0,0,0,0,0,0,0,0,0,0,0,0,0,0,0,0,0,0,0,0,0,0,0,0,0,0,0,0,0,0,0,0,0,0,0,0,0,0,0,0,0,0,0,0,0,0,0,0,0,0,0,0,0,0,0,0,0,0,0,0,0,0,0,0,0,0,0,0,0,0,0,0,0,0,0,0,0,0,0,0,0,0,0,0,0,0,0,0,0,0,0,0,0,0,0,0,0,0,0,0,0,0,0,0,0,0,0,0,0,0,0,0,0,0,0,0,0,0,0,0,0,0,0,0,0,0,0,0,0,0,0,0,0,0,0,0,0,0,0,0,0,0,0,0,0,0,0,0],
[0,0,0,0,0,0,0,0,0,0,0,0,0,0,0,0,0,0,0,0,0,0,0,0,0,0,0,0,0,0,0,0,0,0,0,0,0,0,0,0,0,0,0,0,0,0,0,0,0,0,0,0,0,0,0,0,0,0,0,0,0,0,0,0,0,0,0,0,0,0,0,0,0,0,0,0,0,0,0,0,0,0,0,0,0,0,0,0,0,0,0,0,0,0,0,0,0,0,0,0,0,0,0,0,0,0,0,0,0,0,0,0,0,0,0,0,0,0,0,0,0,0,0,0,0,0,0,0,0,0,0,0,0,0,0,0,0,0,0,0,0,0,0,0,0,0,0,0,0,0,0,0,0,0,0,0,0,0,0,0,0,0,0,0,0,0,0,0,0,0,0,0,0,0,0,0,0,0,0,0],
[0,0,0,0,0,0,0,0,0,0,0,0,0,0,0,0,0,0,0,0,0,0,0,0,0,0,0,0,0,0,0,0,0,0,0,0,0,0,0,0,0,0,0,0,0,0,0,0,0,0,0,0,0,0,0,0,0,0,0,0,0,0,0,0,0,0,0,0,0,0,0,0,0,0,0,0,0,0,0,0,0,0,0,0,0,0,0,0,0,0,0,0,0,0,0,0,0,0,0,0,0,0,0,0,0,0,0,0,0,0,0,0,0,0,0,0,0,0,0,0,0,0,0,0,0,0,0,0,0,0,0,0,0,0,0,0,0,0,0,0,0,0,0,0,0,0,0,0,0,0,0,0,0,0,0,0,0,0,0,0,0,0,0,0,0,0,0,0,0,0,0,0,0,0,0,0,0,0,0,0],
[0,0,0,0,0,0,0,0,0,0,0,0,0,0,0,0,0,0,0,0,0,0,0,0,0,0,0,0,0,0,0,0,0,0,0,0,0,0,0,0,0,0,0,0,0,0,0,0,0,0,0,0,0,0,0,0,0,0,0,0,0,0,0,0,0,0,0,0,0,0,0,0,0,0,0,0,0,0,0,0,0,0,0,0,0,0,0,0,0,0,0,0,0,0,0,0,0,0,0,0,0,0,0,0,0,0,0,0,0,0,0,0,0,0,0,0,0,0,0,0,0,0,0,0,0,0,0,0,0,0,0,0,0,0,0,0,0,0,0,0,0,0,0,0,0,0,0,0,0,0,0,0,0,0,0,0,0,0,0,0,0,0,0,0,0,0,0,0,0,0,0,0,0,0,0,0,0,0,0,0],
[0,0,0,0,0,0,0,0,0,0,0,0,0,0,0,0,0,0,0,0,0,0,0,0,0,0,0,0,0,0,0,0,0,0,0,0,0,0,0,0,0,0,0,0,0,0,0,0,0,0,0,0,0,0,0,0,0,0,0,0,0,0,0,0,0,0,0,0,0,0,0,0,0,0,0,0,0,0,0,0,0,0,0,0,0,0,0,0,0,0,0,0,0,0,0,0,0,0,0,0,0,0,0,0,0,0,0,0,0,0,0,0,0,0,0,0,0,0,0,0,0,0,0,0,0,0,0,0,0,0,0,0,0,0,0,0,0,0,0,0,0,0,0,0,0,0,0,0,0,0,0,0,0,0,0,0,0,0,0,0,0,0,0,0,0,0,0,0,0,0,0,0,0,0,0,0,0,0,0,0],
[0,0,0,0,0,0,0,0,0,0,0,0,0,0,0,0,0,0,0,0,0,0,0,0,0,0,0,0,0,0,0,0,0,0,0,0,0,0,0,0,0,0,0,0,0,0,0,0,0,0,0,0,0,0,0,0,0,0,0,0,0,0,0,0,0,0,0,0,0,0,0,0,0,0,0,0,0,0,0,0,0,0,0,0,0,0,0,0,0,0,0,0,0,0,0,0,0,0,0,0,0,0,0,0,0,0,0,0,0,0,0,0,0,0,0,0,0,0,0,0,0,0,0,0,0,0,0,0,0,0,0,0,0,0,0,0,0,0,0,0,0,0,0,0,0,0,0,0,0,0,0,0,0,0,0,0,0,0,0,0,0,0,0,0,0,0,0,0,0,0,0,0,0,0,0,0,0,0,0,0],
[0,0,0,0,0,0,0,0,0,0,0,0,0,0,0,0,0,0,0,0,0,0,0,0,0,0,0,0,0,0,0,0,0,0,0,0,0,0,0,0,0,0,0,0,0,0,0,0,0,0,0,0,0,0,0,0,0,0,0,0,0,0,0,0,0,0,0,0,0,0,0,0,0,0,0,0,0,0,0,0,0,0,0,0,0,0,0,0,0,0,0,0,0,0,0,0,0,0,0,0,0,0,0,0,0,0,0,0,0,0,0,0,0,0,0,0,0,0,0,0,0,0,0,0,0,0,0,0,0,0,0,0,0,0,0,0,0,0,0,0,0,0,0,0,0,0,0,0,0,0,0,0,0,0,0,0,0,0,0,0,0,0,0,0,0,0,0,0,0,0,0,0,0,0,0,0,0,0,0,0],
[0,0,0,0,0,0,0,0,0,0,0,0,0,0,0,0,0,0,0,0,0,0,0,0,0,0,0,0,0,0,0,0,0,0,0,0,0,0,0,0,0,0,0,0,0,0,0,0,0,0,0,0,0,0,0,0,0,0,0,0,0,0,0,0,0,0,0,0,0,0,0,0,0,0,0,0,0,0,0,0,0,0,0,0,0,0,0,0,0,0,0,0,0,0,0,0,0,0,0,0,0,0,0,0,0,0,0,0,0,0,0,0,0,0,0,0,0,0,0,0,0,0,0,0,0,0,0,0,0,0,0,0,0,0,0,0,0,0,0,0,0,0,0,0,0,0,0,0,0,0,0,0,0,0,0,0,0,0,0,0,0,0,0,0,0,0,0,0,0,0,0,0,0,0,0,0,0,0,0,0],
[0,0,0,0,0,0,0,0,0,0,0,0,0,0,0,0,0,0,0,0,0,0,0,0,0,0,0,0,0,0,0,0,0,0,0,0,0,0,0,0,0,0,0,0,0,0,0,0,0,0,0,0,0,0,0,0,0,0,0,0,0,0,0,0,0,0,0,0,0,0,0,0,0,0,0,0,0,0,0,0,0,0,0,0,0,0,0,0,0,0,0,0,0,0,0,0,0,0,0,0,0,0,0,0,0,0,0,0,0,0,0,0,0,0,0,0,0,0,0,0,0,0,0,0,0,0,0,0,0,0,0,0,0,0,0,0,0,0,0,0,0,0,0,0,0,0,0,0,0,0,0,0,0,0,0,0,0,0,0,0,0,0,0,0,0,0,0,0,0,0,0,0,0,0,0,0,0,0,0,0],
[0,0,0,0,0,0,0,0,0,0,0,0,0,0,0,0,0,0,0,0,0,0,0,0,0,0,0,0,0,0,0,0,0,0,0,0,0,0,0,0,0,0,0,0,0,0,0,0,0,0,0,0,0,0,0,0,0,0,0,0,0,0,0,0,0,0,0,0,0,0,0,0,0,0,0,0,0,0,0,0,0,0,0,0,0,0,0,0,0,0,0,0,0,0,0,0,0,0,0,0,0,0,0,0,0,0,0,0,0,0,0,0,0,0,0,0,0,0,0,0,0,0,0,0,0,0,0,0,0,0,0,0,0,0,0,0,0,0,0,0,0,0,0,0,0,0,0,0,0,0,0,0,0,0,0,0,0,0,0,0,0,0,0,0,0,0,0,0,0,0,0,0,0,0,0,0,0,0,0,0],
[0,0,0,0,0,0,0,0,0,0,0,0,0,0,0,0,0,0,0,0,0,0,0,0,0,0,0,0,0,0,0,0,0,0,0,0,0,0,0,0,0,0,0,0,0,0,0,0,0,0,0,0,0,0,0,0,0,0,0,0,0,0,0,0,0,0,0,0,0,0,0,0,0,0,0,0,0,0,0,0,0,0,0,0,0,0,0,0,0,0,0,0,0,0,0,0,0,0,0,0,0,0,0,0,0,0,0,0,0,0,0,0,0,0,0,0,0,0,0,0,0,0,0,0,0,0,0,0,0,0,0,0,0,0,0,0,0,0,0,0,0,0,0,0,0,0,0,0,0,0,0,0,0,0,0,0,0,0,0,0,0,0,0,0,0,0,0,0,0,0,0,0,0,0,0,0,0,0,0,0],
[0,0,0,0,0,0,0,0,0,0,0,0,0,0,0,0,0,0,0,0,0,0,0,0,0,0,0,0,0,0,0,0,0,0,0,0,0,0,0,0,0,0,0,0,0,0,0,0,0,0,0,0,0,0,0,0,0,0,0,0,0,0,0,0,0,0,0,0,0,0,0,0,0,0,0,0,0,0,0,0,0,0,0,0,0,0,0,0,0,0,0,0,0,0,0,0,0,0,0,0,0,0,0,0,0,0,0,0,0,0,0,0,0,0,0,0,0,0,0,0,0,0,0,0,0,0,0,0,0,0,0,0,0,0,0,0,0,0,0,0,0,0,0,0,0,0,0,0,0,0,0,0,0,0,0,0,0,0,0,0,0,0,0,0,0,0,0,0,0,0,0,0,0,0,0,0,0,0,0,0],
[0,0,0,0,0,0,0,0,0,0,0,0,0,0,0,0,0,0,0,0,0,0,0,0,0,0,0,0,0,0,0,0,0,0,0,0,0,0,0,0,0,0,0,0,0,0,0,0,0,0,0,0,0,0,0,0,0,0,0,0,0,0,0,0,0,0,0,0,0,0,0,0,0,0,0,0,0,0,0,0,0,0,0,0,0,0,0,0,0,0,0,0,0,0,0,0,0,0,0,0,0,0,0,0,0,0,0,0,0,0,0,0,0,0,0,0,0,0,0,0,0,0,0,0,0,0,0,0,0,0,0,0,0,0,0,0,0,0,0,0,0,0,0,0,0,0,0,0,0,0,0,0,0,0,0,0,0,0,0,0,0,0,0,0,0,0,0,0,0,0,0,0,0,0,0,0,0,0,0,0],
[0,0,0,0,0,0,0,0,0,0,0,0,0,0,0,0,0,0,0,0,0,0,0,0,0,0,0,0,0,0,0,0,0,0,0,0,0,0,0,0,0,0,0,0,0,0,0,0,0,0,0,0,0,0,0,0,0,0,0,0,0,0,0,0,0,0,0,0,0,0,0,0,0,0,0,0,0,0,0,0,0,0,0,0,0,0,0,0,0,0,0,0,0,0,0,0,0,0,0,0,0,0,0,0,0,0,0,0,0,0,0,0,0,0,0,0,0,0,0,0,0,0,0,0,0,0,0,0,0,0,0,0,0,0,0,0,0,0,0,0,0,0,0,0,0,0,0,0,0,0,0,0,0,0,0,0,0,0,0,0,0,0,0,0,0,0,0,0,0,0,0,0,0,0,0,0,0,0,0,0],
[0,0,0,0,0,0,0,0,0,0,0,0,0,0,0,0,0,0,0,0,0,0,0,0,0,0,0,0,0,0,0,0,0,0,0,0,0,0,0,0,0,0,0,0,0,0,0,0,0,0,0,0,0,0,0,0,0,0,0,0,0,0,0,0,0,0,0,0,0,0,0,0,0,0,0,0,0,0,0,0,0,0,0,0,0,0,0,0,0,0,0,0,0,0,0,0,0,0,0,0,0,0,0,0,0,0,0,0,0,0,0,0,0,0,0,0,0,0,0,0,0,0,0,0,0,0,0,0,0,0,0,0,0,0,0,0,0,0,0,0,0,0,0,0,0,0,0,0,0,0,0,0,0,0,0,0,0,0,0,0,0,0,0,0,0,0,0,0,0,0,0,0,0,0,0,0,0,0,0,0],
[0,0,0,0,0,0,0,0,0,0,0,0,0,0,0,0,0,0,0,0,0,0,0,0,0,0,0,0,0,0,0,0,0,0,0,0,0,0,0,0,0,0,0,0,0,0,0,0,0,0,0,0,0,0,0,0,0,0,0,0,0,0,0,0,0,0,0,0,0,0,0,0,0,0,0,0,0,0,0,0,0,0,0,0,0,0,0,0,0,0,0,0,0,0,0,0,0,0,0,0,0,0,0,0,0,0,0,0,0,0,0,0,0,0,0,0,0,0,0,0,0,0,0,0,0,0,0,0,0,0,0,0,0,0,0,0,0,0,0,0,0,0,0,0,0,0,0,0,0,0,0,0,0,0,0,0,0,0,0,0,0,0,0,0,0,0,0,0,0,0,0,0,0,0,0,0,0,0,0,0],
[0,0,0,0,0,0,0,0,0,0,0,0,0,0,0,0,0,0,0,0,0,0,0,0,0,0,0,0,0,0,0,0,0,0,0,0,0,0,0,0,0,0,0,0,0,0,0,0,0,0,0,0,0,0,0,0,0,0,0,0,0,0,0,0,0,0,0,0,0,0,0,0,0,0,0,0,0,0,0,0,0,0,0,0,0,0,0,0,0,0,0,0,0,0,0,0,0,0,0,0,0,0,0,0,0,0,0,0,0,0,0,0,0,0,0,0,0,0,0,0,0,0,0,0,0,0,0,0,0,0,0,0,0,0,0,0,0,0,0,0,0,0,0,0,0,0,0,0,0,0,0,0,0,0,0,0,0,0,0,0,0,0,0,0,0,0,0,0,0,0,0,0,0,0,0,0,0,0,0,0],
[0,0,0,0,0,0,0,0,0,0,0,0,0,0,0,0,0,0,0,0,0,0,0,0,0,0,0,0,0,0,0,0,0,0,0,0,0,0,0,0,0,0,0,0,0,0,0,0,0,0,0,0,0,0,0,0,0,0,0,0,0,0,0,0,0,0,0,0,0,0,0,0,0,0,0,0,0,0,0,0,0,0,0,0,0,0,0,0,0,0,0,0,0,0,0,0,0,0,0,0,0,0,0,0,0,0,0,0,0,0,23.98,23.98,23.98,23.98,0,0,0,0,0,0,0,0,0,0,0,0,0,0,0,0,0,0,0,0,0,0,0,0,0,0,0,0,0,0,0,0,0,0,0,0,0,0,0,0,0,0,0,0,0,0,0,0,0,0,0,0,0,0,0,0,0,0,0,0,0,0,0,0,0,0],
[0,0,0,0,0,0,0,0,0,0,0,0,0,0,0,0,0,0,0,0,0,0,0,0,0,0,0,0,0,0,0,0,0,0,0,0,0,0,0,0,0,0,0,0,0,0,0,0,0,0,0,0,0,0,0,0,0,0,0,0,0,0,0,0,0,0,0,0,0,0,0,0,0,0,0,0,0,0,0,0,0,0,0,0,0,0,0,0,0,0,0,0,0,0,0,0,0,0,0,0,0,0,0,0,0,0,0,0,23.98,23.98,23.98,23.98,23.98,23.98,23.98,23.98,23.98,0,0,0,0,0,0,0,0,0,0,0,0,0,0,0,0,0,0,0,0,0,0,0,0,0,0,0,0,0,0,0,0,0,0,0,0,0,0,0,0,0,0,0,0,0,0,0,0,0,0,0,0,0,0,0,0,0,0,0,0,0,0,0],
[0,0,0,0,0,0,0,0,0,0,0,0,0,0,0,0,0,0,0,0,0,0,0,0,0,0,0,0,0,0,0,0,0,0,0,0,0,0,0,0,0,0,0,0,0,0,0,0,0,0,0,0,0,0,0,0,0,0,0,0,0,0,0,0,0,0,0,0,0,0,0,0,0,0,0,0,0,0,0,0,0,0,0,0,0,0,0,0,0,0,0,0,0,0,0,0,0,0,0,0,0,0,0,0,0,0,0,0,23.98,23.98,23.98,23.98,23.98,23.98,23.98,23.98,23.98,23.98,23.98,23.98,0,0,0,0,0,0,0,0,0,0,0,0,0,0,0,0,0,0,0,0,0,0,0,0,0,0,0,0,0,0,0,0,0,0,0,0,0,0,0,0,0,0,0,0,0,0,0,0,0,0,0,0,0,0,0,0,0,0,0,0],
[0,0,0,0,0,0,0,0,0,0,0,0,0,0,0,0,0,0,0,0,0,0,0,0,0,0,0,0,0,0,0,0,0,0,0,0,0,0,0,0,0,0,0,0,0,0,0,0,0,0,0,0,0,0,0,0,0,0,0,0,0,0,0,0,0,0,0,0,0,0,0,0,0,0,0,0,0,0,0,0,0,0,0,0,0,0,0,0,0,0,0,0,0,0,0,0,0,0,0,0,0,0,0,0,0,0,0,23.98,23.98,23.98,23.98,23.98,23.98,23.98,23.98,23.98,23.98,23.98,23.98,23.98,23.98,23.98,23.98,0,0,0,0,0,0,0,0,0,0,0,0,0,0,0,0,0,0,0,0,0,0,0,0,0,0,0,0,0,0,0,0,0,0,0,0,0,0,0,0,0,0,0,0,0,0,0,0,0,0,0,0,0,0,0,0,0],
[0,0,0,0,0,0,0,0,0,0,0,0,0,0,0,0,0,0,0,0,0,0,0,0,0,0,0,0,0,0,0,0,0,0,0,0,0,0,0,0,0,0,0,0,0,0,0,0,0,0,0,0,0,0,0,0,0,0,0,0,0,0,0,0,0,0,0,0,0,0,0,0,0,0,0,0,0,0,0,0,0,0,0,0,0,0,0,0,0,0,0,0,0,0,0,0,0,0,0,0,0,0,0,0,0,0,0,23.98,23.98,23.98,23.98,23.98,23.98,23.98,23.98,23.98,23.98,23.98,23.98,23.98,23.98,23.98,23.98,23.98,23.98,0,0,0,0,0,0,0,0,0,0,0,0,0,0,0,0,0,0,0,0,0,0,0,0,0,0,0,0,0,0,0,0,0,0,0,0,0,0,0,0,0,0,0,0,0,0,0,0,0,0,0,0,0,0,0],
[0,0,0,0,0,0,0,0,0,0,0,0,0,0,0,0,0,0,0,0,0,0,0,0,0,0,0,0,0,0,0,0,0,0,0,0,0,0,0,0,0,0,0,0,0,0,0,0,0,0,0,0,0,0,0,0,0,0,0,0,0,0,0,0,0,0,0,0,0,0,0,0,0,0,0,0,0,0,0,0,0,0,0,0,0,0,0,0,0,0,0,0,0,0,0,0,0,0,0,0,0,0,0,0,0,0,23.98,23.98,23.98,23.98,23.98,23.98,23.98,23.98,23.98,23.98,23.98,23.98,23.98,23.98,23.98,23.98,23.98,23.98,23.98,23.98,0,0,0,0,0,0,0,0,0,0,0,0,0,0,0,0,0,0,0,0,0,0,0,0,0,0,0,0,0,0,0,0,0,0,0,0,0,0,0,0,0,0,0,0,0,0,0,0,0,0,0,0,0,0],
[0,0,0,0,0,0,0,0,0,0,0,0,0,0,0,0,0,0,0,0,0,0,0,0,0,0,0,0,0,0,0,0,0,0,0,0,0,0,0,0,0,0,0,0,0,0,0,0,0,0,0,0,0,0,0,0,0,0,0,0,0,0,0,0,0,0,0,0,0,0,0,0,0,0,0,0,0,0,0,0,0,0,0,0,0,0,0,0,0,0,0,0,0,0,0,0,0,0,0,0,0,0,0,0,0,0,23.98,23.98,23.98,23.98,23.98,23.98,23.98,23.98,23.98,23.98,23.98,23.98,23.98,23.98,23.98,23.98,23.98,23.98,23.98,23.98,0,0,0,0,0,0,0,0,0,0,0,0,0,0,0,0,0,0,0,0,0,0,0,0,0,0,0,0,0,0,0,0,0,0,0,0,0,0,0,0,0,0,0,0,0,0,0,0,0,0,0,0,0,0],
[0,0,0,0,0,0,0,0,0,0,0,0,0,0,0,0,0,0,0,0,0,0,0,0,0,0,0,0,0,0,0,0,0,0,0,0,0,0,0,0,0,0,0,0,0,0,0,0,0,0,0,0,0,0,0,0,0,0,0,0,0,0,0,0,0,0,0,0,0,0,0,0,0,0,0,0,0,0,0,0,0,0,0,0,0,0,0,0,0,0,0,0,0,0,0,0,0,0,0,0,0,0,0,0,0,0,23.98,23.98,23.98,23.98,23.98,23.98,23.98,23.98,23.98,23.98,23.98,23.98,23.98,23.98,23.98,23.98,23.98,23.98,23.98,23.98,23.98,0,0,0,0,0,0,0,0,0,0,0,0,0,0,0,0,0,0,0,0,0,0,0,0,0,0,0,0,0,0,0,0,0,0,0,0,0,0,0,0,0,0,0,0,0,0,0,0,0,0,0,0,0],
[0,0,0,0,0,0,0,0,0,0,0,0,0,0,0,0,0,0,0,0,0,0,0,0,0,0,0,0,0,0,0,0,0,0,0,0,0,0,0,0,0,0,0,0,0,0,0,0,0,0,0,0,0,0,0,0,0,0,0,0,0,0,0,0,0,0,0,0,0,0,0,0,0,0,0,0,0,0,0,0,0,0,0,0,0,0,0,0,0,0,0,0,0,0,0,0,0,0,0,0,0,0,0,0,0,0,23.98,23.98,23.98,23.98,23.98,23.98,23.98,23.98,23.98,23.98,23.98,23.98,23.98,23.98,23.98,23.98,23.98,23.98,23.98,23.98,23.98,23.98,0,0,0,0,0,0,0,0,0,0,0,0,0,0,0,0,0,0,0,0,0,0,0,0,0,0,0,0,0,0,0,0,0,0,0,0,0,0,0,0,0,0,0,0,0,0,0,0,0,0,0,0],
[0,0,0,0,0,0,0,0,0,0,0,0,0,0,0,0,0,0,0,0,0,0,0,0,0,0,0,0,0,0,0,0,0,0,0,0,0,0,0,0,0,0,0,0,0,0,0,0,0,0,0,0,0,0,0,0,0,0,0,0,0,0,0,0,0,0,0,0,0,0,0,0,0,0,0,0,0,0,0,0,0,0,0,0,0,0,0,0,0,0,0,0,0,0,0,0,0,0,0,0,0,0,0,0,0,0,23.98,23.98,23.98,23.98,23.98,23.98,23.98,23.98,23.98,23.98,23.98,23.98,23.98,23.98,23.98,23.98,23.98,23.98,23.98,23.98,23.98,23.98,0,0,0,0,0,0,0,0,0,0,0,0,0,0,0,0,0,0,0,0,0,0,0,0,0,0,0,0,0,0,0,0,0,0,0,0,0,0,0,0,0,0,0,0,0,0,0,0,0,0,0,0],
[0,0,0,0,0,0,0,0,0,0,0,0,0,0,0,0,0,0,0,0,0,0,0,0,0,0,0,0,0,0,0,0,0,0,0,0,0,0,0,0,0,0,0,0,0,0,0,0,0,0,0,0,0,0,0,0,0,0,0,0,0,0,0,0,0,0,0,0,0,0,0,0,0,0,0,0,0,0,0,0,0,0,0,0,0,0,0,0,0,0,0,0,0,0,0,0,0,0,0,0,0,0,0,0,0,0,23.98,23.98,23.98,23.98,23.98,23.98,23.98,23.98,23.98,23.98,23.98,23.98,23.98,23.98,23.98,23.98,23.98,23.98,23.98,23.98,23.98,23.98,23.98,0,0,0,0,0,0,0,0,0,0,0,0,0,0,0,0,0,0,0,0,0,0,0,0,0,0,0,0,0,0,0,0,0,0,0,0,0,0,0,0,0,0,0,0,0,0,0,0,0,0,0],
[0,0,0,0,0,0,0,0,0,0,0,0,0,0,0,0,0,0,0,0,0,0,0,0,0,0,0,0,0,0,0,0,0,0,0,0,0,0,0,0,0,0,0,0,0,0,0,0,0,0,0,0,0,0,0,0,0,0,0,0,0,0,0,0,0,0,0,0,0,0,0,0,0,0,0,0,0,0,0,0,0,0,0,0,0,0,0,0,0,0,0,0,0,0,0,0,0,0,0,0,0,0,0,0,0,0,23.98,23.98,23.98,23.98,23.98,23.98,23.98,23.98,23.98,23.98,23.98,23.98,23.98,23.98,23.98,23.98,23.98,23.98,23.98,23.98,23.98,23.98,23.98,23.98,0,0,0,0,0,0,0,0,0,0,0,0,0,0,0,0,0,0,0,0,0,0,0,0,0,0,0,0,0,0,0,0,0,0,0,0,0,0,0,0,0,0,0,0,0,0,0,0,0,0],
[0,0,0,0,0,0,0,0,0,0,0,0,0,0,0,0,0,0,0,0,0,0,0,0,0,0,0,0,0,0,0,0,0,0,0,0,0,0,0,0,0,0,0,0,0,0,0,0,0,0,0,0,0,0,0,0,0,0,0,0,0,0,0,0,0,0,0,0,0,0,0,0,0,0,0,0,0,0,0,0,0,0,0,0,0,0,0,0,0,0,0,0,0,0,0,0,0,0,0,0,0,0,0,0,0,23.98,23.98,23.98,23.98,23.98,23.98,23.98,23.98,23.98,23.98,23.98,23.98,23.98,23.98,23.98,23.98,23.98,23.98,23.98,23.98,23.98,23.98,23.98,23.98,23.98,0,0,0,0,0,0,0,0,0,0,0,0,0,0,0,0,0,0,0,0,0,0,0,0,0,0,0,0,0,0,0,0,0,0,0,0,0,0,0,0,0,0,0,0,0,0,0,0,0,0],
[0,0,0,0,0,0,0,0,0,0,0,0,0,0,0,0,0,0,0,0,0,0,0,0,0,0,0,0,0,0,0,0,0,0,0,0,0,0,0,0,0,0,0,0,0,0,0,0,0,0,0,0,0,0,0,0,0,0,0,0,0,0,0,0,0,0,0,0,0,0,0,0,0,0,0,0,0,0,0,0,0,0,0,0,0,0,0,0,0,0,0,0,0,0,0,0,0,0,0,0,0,0,0,0,23.98,23.98,23.98,23.98,23.98,23.98,23.98,23.98,23.98,23.98,23.98,23.98,23.98,23.98,23.98,23.98,23.98,23.98,23.98,23.98,23.98,23.98,23.98,23.98,23.98,23.98,23.98,0,0,0,0,0,0,0,0,0,0,0,0,0,0,0,0,0,0,0,0,0,0,0,0,0,0,0,0,0,0,0,0,0,0,0,0,0,0,0,0,0,0,0,0,0,0,0,0,0],
[0,0,0,0,0,0,0,0,0,0,0,0,0,0,0,0,0,0,0,0,0,0,0,0,0,0,0,0,0,0,0,0,0,0,0,0,0,0,0,0,0,0,0,0,0,0,0,0,0,0,0,0,0,0,0,0,0,0,0,0,0,0,0,0,0,0,0,0,0,0,0,0,0,0,0,0,0,0,0,0,0,0,0,0,0,0,0,0,0,0,0,0,0,0,0,0,0,0,0,0,0,0,23.98,23.98,23.98,23.98,23.98,23.98,23.98,23.98,23.98,23.98,23.98,23.98,23.98,23.98,23.98,23.98,23.98,23.98,23.98,23.98,23.98,23.98,23.98,23.98,23.98,23.98,23.98,23.98,23.98,23.98,0,0,0,0,0,0,0,0,0,0,0,0,0,0,0,0,0,0,0,0,0,0,0,0,0,0,0,0,0,0,0,0,0,0,0,0,0,0,0,0,0,0,0,0,0,0,0,0],
[0,0,0,0,0,0,0,0,0,0,0,0,0,0,0,0,0,0,0,0,0,0,0,0,0,0,0,0,0,0,0,0,0,0,0,0,0,0,0,0,0,0,0,0,0,0,0,0,0,0,0,0,0,0,0,0,0,0,0,0,0,0,0,0,0,0,0,0,0,0,0,0,0,0,0,0,0,0,0,0,0,0,0,0,0,0,0,0,0,0,0,0,0,0,0,0,0,0,0,0,0,23.98,23.98,23.98,23.98,23.98,23.98,23.98,23.98,23.98,23.98,23.98,23.98,23.98,23.98,23.98,23.98,23.98,23.98,23.98,23.98,23.98,23.98,23.98,23.98,23.98,23.98,23.98,23.98,23.98,23.98,23.98,0,0,0,0,0,0,0,0,0,0,0,0,0,0,0,0,0,0,0,0,0,0,0,0,0,0,0,0,0,0,0,0,0,0,0,0,0,0,0,0,0,0,0,0,0,0,0,0],
[0,0,0,0,0,0,0,0,0,0,0,0,0,0,0,0,0,0,0,0,0,0,0,0,0,0,0,0,0,0,0,0,0,0,0,0,0,0,0,0,0,0,0,0,0,0,0,0,0,0,0,0,0,0,0,0,0,0,0,0,0,0,0,0,0,0,0,0,0,0,0,0,0,0,0,0,0,0,0,0,0,0,0,0,0,0,0,0,0,0,0,0,0,0,0,0,0,0,0,0,0,23.98,23.98,23.98,23.98,23.98,23.98,23.98,23.98,23.98,23.98,23.98,23.98,23.98,23.98,23.98,23.98,23.98,23.98,23.98,23.98,23.98,23.98,23.98,23.98,23.98,23.98,23.98,23.98,23.98,23.98,23.98,23.98,0,0,0,0,0,0,0,0,0,0,0,0,0,0,0,0,0,0,0,0,0,0,0,0,0,23.98,23.98,23.98,23.98,0,0,0,23.98,23.98,23.98,0,0,0,0,0,0,0,0,0,0,0,0],
[0,0,0,0,0,0,0,0,0,0,0,0,0,0,0,0,0,0,0,0,0,0,0,0,0,0,0,0,0,0,0,0,0,0,0,0,0,0,0,0,0,0,0,0,0,0,0,0,0,0,0,0,0,0,0,0,0,0,0,0,0,0,0,0,0,0,0,0,0,0,0,0,0,0,0,0,0,0,0,0,0,0,0,0,0,0,0,0,0,0,0,0,0,0,0,0,0,0,0,0,0,23.98,23.98,23.98,23.98,23.98,23.98,23.98,23.98,23.98,23.98,23.98,23.98,23.98,23.98,23.98,23.98,23.98,23.98,23.98,23.98,23.98,23.98,23.98,23.98,23.98,23.98,23.98,23.98,23.98,23.98,23.98,23.98,23.98,23.98,0,0,0,0,0,0,0,0,0,0,0,0,23.98,23.98,0,0,0,0,0,0,0,23.98,23.98,23.98,23.98,23.98,23.98,23.98,23.98,23.98,23.98,23.98,23.98,23.98,23.98,23.98,0,0,0,0,0,0,0,0,0],
[0,0,0,0,0,0,0,0,0,0,0,0,0,0,0,0,0,0,0,0,0,0,0,0,0,0,0,0,0,0,0,0,0,0,0,0,0,0,0,0,0,0,0,0,0,0,0,0,0,0,0,0,0,0,0,0,0,0,0,0,0,0,0,0,0,0,0,0,0,0,0,0,0,0,0,0,0,0,0,0,0,0,0,0,0,0,0,0,0,0,0,0,0,0,0,0,0,0,0,0,23.98,23.98,23.98,23.98,23.98,23.98,23.98,23.98,23.98,23.98,23.98,23.98,23.98,23.98,23.98,23.98,23.98,23.98,23.98,23.98,23.98,23.98,23.98,23.98,23.98,23.98,23.98,23.98,23.98,23.98,23.98,23.98,23.98,23.98,23.98,23.98,23.98,0,0,0,0,0,0,0,23.98,23.98,23.98,23.98,23.98,23.98,0,0,0,0,23.98,23.98,23.98,23.98,23.98,23.98,23.98,23.98,23.98,23.98,23.98,23.98,23.98,23.98,23.98,23.98,23.98,23.98,0,0,0,0,0,0,0,0],
[0,0,0,0,0,0,0,0,0,0,0,0,0,0,0,0,0,0,0,0,0,0,0,0,0,0,0,0,0,0,0,0,0,0,0,0,0,0,0,0,0,0,0,0,0,0,0,0,0,0,0,0,0,0,0,0,0,0,0,0,0,0,0,0,0,0,0,0,0,0,0,0,0,0,0,0,0,0,0,0,0,0,0,0,0,0,0,0,0,0,0,0,0,0,0,0,0,0,0,0,23.98,23.98,23.98,23.98,23.98,23.98,23.98,23.98,23.98,23.98,23.98,23.98,23.98,23.98,23.98,23.98,23.98,23.98,23.98,23.98,23.98,23.98,23.98,23.98,23.98,23.98,23.98,23.98,23.98,23.98,23.98,23.98,23.98,23.98,23.98,23.98,23.98,23.98,23.98,23.98,0,0,23.98,23.98,23.98,23.98,23.98,23.98,23.98,23.98,0,0,23.98,23.98,23.98,23.98,23.98,23.98,23.98,23.98,23.98,23.98,23.98,23.98,23.98,23.98,23.98,23.98,23.98,23.98,23.98,23.98,0,0,0,0,0,0,0,0],
[0,0,0,0,0,0,0,0,0,0,0,0,0,0,0,0,0,0,0,0,0,0,0,0,0,0,0,0,0,0,0,0,0,0,0,0,0,0,0,0,0,0,0,0,0,0,0,0,0,0,0,0,0,0,0,0,0,0,0,0,0,0,0,0,0,0,0,0,0,0,0,0,0,0,0,0,0,0,0,0,0,0,0,0,0,0,0,0,0,0,0,0,0,0,0,0,0,0,0,23.98,23.98,23.98,23.98,23.98,23.98,23.98,23.98,23.98,23.98,23.98,23.98,23.98,23.98,23.98,23.98,23.98,23.98,23.98,23.98,23.98,23.98,23.98,23.98,23.98,23.98,23.98,23.98,23.98,23.98,23.98,23.98,23.98,23.98,23.98,23.98,23.98,23.98,23.98,23.98,23.98,23.98,23.98,23.98,23.98,23.98,23.98,23.98,23.98,23.98,23.98,23.98,23.98,23.98,23.98,23.98,23.98,23.98,23.98,23.98,23.98,23.98,23.98,23.98,23.98,23.98,23.98,23.98,23.98,23.98,23.98,23.98,23.98,0,0,0,0,0,0,0,0],
[0,0,0,0,0,0,0,0,0,0,0,0,0,0,0,0,0,0,0,0,0,0,0,0,0,0,0,0,0,0,0,0,0,0,0,0,0,0,0,0,0,0,0,0,0,0,0,0,0,0,0,0,0,0,0,0,0,0,0,0,0,0,0,0,0,0,0,0,0,0,0,0,0,0,0,0,0,0,0,0,0,0,0,0,0,0,0,0,0,0,0,0,0,0,0,0,0,0,0,23.98,23.98,23.98,23.98,23.98,23.98,23.98,23.98,23.98,23.98,23.98,23.98,23.98,23.98,23.98,23.98,23.98,23.98,23.98,23.98,23.98,23.98,23.98,23.98,23.98,23.98,23.98,23.98,23.98,23.98,23.98,23.98,23.98,23.98,23.98,23.98,23.98,23.98,23.98,23.98,23.98,23.98,23.98,23.98,23.98,23.98,23.98,23.98,23.98,23.98,23.98,23.98,23.98,23.98,23.98,23.98,23.98,23.98,23.98,23.98,23.98,23.98,23.98,23.98,23.98,23.98,23.98,23.98,23.98,23.98,23.98,23.98,23.98,0,0,0,0,0,0,0,0],
[0,0,0,0,0,0,0,0,0,0,0,0,0,0,0,0,0,0,0,0,0,0,0,0,0,0,0,0,0,0,0,0,0,0,0,0,0,0,0,0,0,0,0,0,0,0,0,0,0,0,0,0,0,0,0,0,0,0,0,0,0,0,0,0,0,0,0,0,0,0,0,0,0,0,0,0,0,0,0,0,0,0,0,0,0,0,0,0,0,0,0,0,0,0,0,0,0,0,0,23.98,23.98,23.98,23.98,23.98,23.98,23.98,23.98,23.98,23.98,23.98,23.98,23.98,23.98,23.98,23.98,23.98,23.98,23.98,23.98,23.98,23.98,23.98,23.98,23.98,23.98,23.98,23.98,23.98,23.98,23.98,23.98,23.98,23.98,23.98,23.98,23.98,23.98,23.98,23.98,23.98,23.98,23.98,23.98,23.98,23.98,23.98,23.98,23.98,23.98,23.98,23.98,23.98,23.98,23.98,23.98,23.98,23.98,23.98,23.98,23.98,23.98,23.98,23.98,23.98,23.98,23.98,23.98,23.98,23.98,23.98,23.98,0,0,0,0,0,0,0,0,0],
[0,0,0,0,0,0,0,0,0,0,0,0,0,0,0,0,0,0,0,0,0,0,0,0,0,0,0,0,0,0,0,0,0,0,0,0,0,0,0,0,0,0,0,0,0,0,0,0,0,0,0,0,0,0,0,0,0,0,0,0,0,0,0,0,0,0,0,0,0,0,0,0,0,0,0,0,0,0,0,0,0,0,0,0,0,0,0,0,0,0,0,0,0,0,0,0,0,0,0,23.98,23.98,23.98,23.98,23.98,23.98,23.98,23.98,23.98,23.98,23.98,23.98,23.98,23.98,23.98,23.98,23.98,23.98,23.98,23.98,23.98,23.98,23.98,23.98,23.98,23.98,23.98,23.98,23.98,23.98,23.98,23.98,23.98,23.98,23.98,23.98,23.98,23.98,23.98,23.98,23.98,23.98,23.98,23.98,23.98,23.98,23.98,23.98,23.98,23.98,23.98,23.98,23.98,23.98,23.98,23.98,23.98,23.98,23.98,23.98,23.98,23.98,23.98,23.98,23.98,23.98,23.98,23.98,23.98,23.98,23.98,23.98,0,0,0,0,0,0,0,0,0],
[0,0,0,0,0,0,0,0,0,0,0,0,0,0,0,0,0,0,0,0,0,0,0,0,0,0,0,0,0,0,0,0,0,0,0,0,0,0,0,0,0,0,0,0,0,0,0,0,0,0,0,0,0,0,0,0,0,0,0,0,0,0,0,0,0,0,0,0,0,0,0,0,0,0,0,0,0,0,0,0,0,0,0,0,0,0,0,0,0,0,0,0,0,0,0,0,0,0,0,0,0,0,23.98,23.98,23.98,23.98,23.98,23.98,23.98,23.98,23.98,23.98,23.98,23.98,23.98,23.98,23.98,23.98,23.98,23.98,23.98,23.98,23.98,23.98,23.98,23.98,23.98,23.98,23.98,23.98,23.98,23.98,23.98,23.98,23.98,23.98,23.98,23.98,23.98,23.98,23.98,23.98,23.98,23.98,23.98,23.98,23.98,23.98,23.98,23.98,23.98,23.98,23.98,23.98,23.98,23.98,23.98,23.98,23.98,23.98,23.98,23.98,23.98,23.98,23.98,23.98,23.98,23.98,23.98,23.98,23.98,0,0,0,0,0,0,0,0,0],
[0,0,0,0,0,0,0,0,0,0,0,0,0,0,0,0,0,0,0,0,0,0,0,0,0,0,0,0,0,0,0,0,0,0,0,0,0,0,0,0,0,0,0,0,0,0,0,0,0,0,0,0,0,0,0,0,0,0,0,0,0,0,0,0,0,0,0,0,0,0,0,0,0,0,0,0,0,0,0,0,0,0,0,0,0,0,0,0,0,0,0,0,0,0,0,0,0,0,0,0,0,0,0,0,0,0,23.98,23.98,23.98,23.98,23.98,23.98,23.98,23.98,23.98,23.98,23.98,23.98,23.98,23.98,23.98,23.98,23.98,23.98,23.98,23.98,23.98,23.98,23.98,23.98,23.98,23.98,23.98,23.98,23.98,23.98,23.98,23.98,23.98,23.98,23.98,23.98,23.98,23.98,23.98,23.98,23.98,23.98,23.98,23.98,23.98,23.98,23.98,23.98,23.98,23.98,23.98,23.98,23.98,23.98,23.98,23.98,23.98,23.98,23.98,23.98,23.98,23.98,23.98,23.98,23.98,0,0,0,0,0,0,0,0,0],
[0,0,0,0,0,0,0,0,0,0,0,0,0,0,0,0,0,0,0,0,0,0,0,0,0,0,0,0,0,0,0,0,0,0,0,0,0,0,0,0,0,0,0,0,0,0,0,0,0,0,0,0,0,0,0,0,0,0,0,0,0,0,0,0,0,0,0,0,0,0,0,0,0,0,0,0,0,0,0,0,0,0,0,0,0,0,0,0,0,0,0,0,0,0,0,0,0,0,0,0,0,0,0,0,0,0,0,0,0,23.98,23.98,23.98,23.98,23.98,23.98,23.98,23.98,23.98,23.98,23.98,23.98,23.98,23.98,23.98,23.98,23.98,23.98,23.98,23.98,23.98,23.98,23.98,23.98,23.98,23.98,23.98,23.98,23.98,23.98,23.98,23.98,23.98,23.98,23.98,23.98,23.98,23.98,23.98,23.98,23.98,23.98,23.98,23.98,23.98,23.98,23.98,23.98,23.98,23.98,23.98,23.98,23.98,23.98,23.98,23.98,23.98,23.98,23.98,23.98,23.98,0,0,0,0,0,0,0,0,0,0],
[0,0,0,0,0,0,0,0,0,0,0,0,0,0,0,0,0,0,0,0,0,0,0,0,0,0,0,0,0,0,0,0,0,0,0,0,0,0,0,0,0,0,0,0,0,0,0,0,0,0,0,0,0,0,0,0,0,0,0,0,0,0,0,0,0,0,0,0,0,0,0,0,0,0,0,0,0,0,0,0,0,0,0,0,0,0,0,0,0,0,0,0,0,0,0,0,0,0,0,0,0,0,0,0,0,0,0,0,0,0,0,23.98,23.98,23.98,23.98,23.98,23.98,23.98,23.98,23.98,23.98,23.98,23.98,23.98,23.98,23.98,23.98,23.98,23.98,23.98,23.98,23.98,23.99,23.98,23.98,23.98,23.98,23.98,23.98,23.98,23.98,23.98,23.98,23.98,23.98,23.98,23.98,23.98,23.98,23.98,23.98,23.98,23.98,23.98,23.98,23.98,23.98,23.98,23.98,23.98,23.98,23.98,23.98,23.98,23.98,23.98,23.98,23.98,23.98,23.98,0,0,0,0,0,0,0,0,0,0],
[0,0,0,0,0,0,0,0,0,0,0,0,0,0,0,0,0,0,0,0,0,0,0,0,0,0,0,0,0,0,0,0,0,0,0,0,0,0,0,0,0,0,0,0,0,0,0,0,0,0,0,0,0,0,0,0,0,0,0,0,0,0,0,0,0,0,0,0,0,0,0,0,0,0,0,0,0,0,0,0,0,0,0,0,0,0,0,0,0,0,0,0,0,0,0,0,0,0,0,0,0,0,0,0,0,0,0,0,0,0,0,0,0,0,23.98,23.98,23.98,23.98,23.98,23.98,23.98,23.98,23.98,23.98,23.98,23.98,23.98,23.98,23.98,23.98,23.98,23.98,24.00,24.00,23.98,23.98,23.98,23.98,23.98,23.98,23.98,23.98,23.98,23.98,23.98,23.98,23.98,23.98,23.98,23.98,23.98,23.98,23.98,23.98,23.98,23.98,23.98,23.98,23.98,23.98,23.98,23.98,23.98,23.98,23.98,23.98,23.98,23.98,23.98,23.98,0,0,0,0,0,0,0,0,0,0],
[0,0,0,0,0,0,0,0,0,0,0,0,0,0,0,0,0,0,0,0,0,0,0,0,0,0,0,0,0,0,0,0,0,0,0,0,0,0,0,0,0,0,0,0,0,0,0,0,0,0,0,0,0,0,0,0,0,0,0,0,0,0,0,0,0,0,0,0,0,0,0,0,0,0,0,0,0,0,0,0,0,0,0,0,0,0,0,0,0,0,0,0,0,0,0,0,0,0,0,0,0,0,0,0,0,0,0,0,0,0,0,0,0,0,0,0,0,23.98,23.98,23.98,23.98,23.98,23.98,23.98,23.98,23.98,23.98,23.98,23.98,23.98,23.98,23.99,24.01,24.01,23.98,23.98,23.98,23.98,23.98,23.98,23.98,23.98,23.98,23.98,23.98,23.98,23.98,23.98,23.98,23.98,23.98,23.98,23.98,23.98,23.98,23.98,23.98,23.98,23.98,23.98,23.98,23.98,23.98,23.98,23.98,23.98,23.98,23.98,23.98,0,0,0,0,0,0,0,0,0,0,0],
[0,0,0,0,0,0,0,0,0,0,0,0,0,0,0,0,0,0,0,0,0,0,0,0,0,0,0,0,0,0,0,0,0,0,0,0,0,0,0,0,0,0,0,0,0,0,0,0,0,0,0,0,0,0,0,0,0,0,0,0,0,0,0,0,0,0,0,0,0,0,0,0,0,0,0,0,0,0,0,0,0,0,0,0,0,0,0,0,0,0,0,0,0,0,0,0,0,0,0,0,0,0,0,0,0,0,0,0,0,0,0,0,0,0,0,0,0,0,0,23.98,23.98,23.98,23.98,23.98,23.98,23.98,23.98,23.98,23.98,23.98,23.98,24.00,24.02,24.02,23.98,23.98,23.98,23.98,23.98,23.98,23.98,23.98,23.98,23.98,23.98,23.98,23.98,23.98,23.98,23.98,23.98,23.98,23.98,23.98,23.98,23.98,23.98,23.98,23.98,23.98,23.98,23.98,23.98,23.98,23.98,23.98,23.98,23.98,23.98,0,0,0,0,0,0,0,0,0,0,0],
[0,0,0,0,0,0,0,0,0,0,0,0,0,0,0,0,0,0,0,0,0,0,0,0,0,0,0,0,0,0,0,0,0,0,0,0,0,0,0,0,0,0,0,0,0,0,0,0,0,0,0,0,0,0,0,0,0,0,0,0,0,0,0,0,0,0,0,0,0,0,0,0,0,0,0,0,0,0,0,0,0,0,0,0,0,0,0,0,0,0,0,0,0,0,0,0,0,0,0,0,0,0,0,0,0,0,0,0,0,0,0,0,0,0,0,0,0,0,0,0,0,0,23.98,23.98,23.98,23.98,23.98,23.98,23.98,23.98,23.99,24.01,24.03,24.03,23.98,23.98,23.98,23.98,23.98,23.98,23.98,23.98,23.98,23.98,23.98,23.98,23.98,23.98,23.98,23.98,23.98,23.98,23.98,23.98,23.98,23.98,23.98,23.98,23.98,23.98,23.98,23.98,23.98,23.98,23.98,23.98,23.98,23.98,23.98,0,0,0,0,0,0,0,0,0,0,0],
[0,0,0,0,0,0,0,0,0,0,0,0,0,0,0,0,0,0,0,0,0,0,0,0,0,0,0,0,0,0,0,0,0,0,0,0,0,0,0,0,0,0,0,0,0,0,0,0,0,0,0,0,0,0,0,0,0,0,0,0,0,0,0,0,0,0,0,0,0,0,0,0,0,0,0,0,0,0,0,0,0,0,0,0,0,0,0,0,0,0,0,0,0,0,0,0,0,0,0,0,0,0,0,0,0,0,0,0,0,0,0,0,0,0,0,0,0,0,0,0,0,0,0,0,23.98,23.98,23.98,23.98,23.98,23.98,24.00,24.02,24.04,24.04,24.04,23.98,23.98,23.98,23.98,23.98,23.98,23.98,23.98,23.98,23.98,23.98,23.98,23.98,23.98,23.98,23.98,23.98,23.98,23.98,23.98,23.98,23.98,23.98,23.98,23.98,23.98,23.98,23.98,23.98,23.98,23.98,23.98,23.98,0,0,0,0,0,0,0,0,0,0,0,0],
[0,0,0,0,0,0,0,0,0,0,0,0,0,0,0,0,0,0,0,0,0,0,0,0,0,0,0,0,0,0,0,0,0,0,0,0,0,0,0,0,0,0,0,0,0,0,0,0,0,0,0,0,0,0,0,0,0,0,0,0,0,0,0,0,0,0,0,0,0,0,0,0,0,0,0,0,0,0,0,0,0,0,0,0,0,0,0,0,0,0,0,0,0,0,0,0,0,0,0,0,0,0,0,0,0,0,0,0,0,0,0,0,0,0,0,0,0,0,0,0,0,0,0,0,23.98,23.98,23.98,23.98,23.98,23.99,24.01,24.03,24.05,24.05,24.04,23.98,23.98,23.98,23.98,23.98,23.98,23.98,23.98,23.98,23.98,23.98,23.98,23.98,23.98,23.98,23.98,23.98,23.98,23.98,23.98,23.98,23.98,23.98,23.98,23.98,23.98,23.98,23.98,23.98,23.98,23.98,0,0,0,0,0,0,0,0,0,0,0,0,0,0],
[0,0,0,0,0,0,0,0,0,0,0,0,0,0,0,0,0,0,0,0,0,0,0,0,0,0,0,0,0,0,0,0,0,0,0,0,0,0,0,0,0,0,0,0,0,0,0,0,0,0,0,0,0,0,0,0,0,0,0,0,0,0,0,0,0,0,0,0,0,0,0,0,0,0,0,0,0,0,0,0,0,0,0,0,0,0,0,0,0,0,0,0,0,0,0,0,0,0,0,0,0,0,0,0,0,0,0,0,0,0,0,0,0,0,0,0,0,0,0,0,0,0,0,0,23.98,23.98,23.98,23.98,23.98,24.00,24.02,24.04,24.06,24.06,24.04,23.98,23.98,23.98,23.98,23.98,23.98,23.98,23.98,23.98,23.98,23.98,23.98,23.98,23.98,23.98,23.98,23.98,23.98,23.98,23.98,23.98,23.98,23.98,23.98,23.98,23.98,23.98,23.98,23.98,23.98,0,0,0,0,0,0,0,0,0,0,0,0,0,0,0],
[0,0,0,0,0,0,0,0,0,0,0,0,0,0,0,0,0,0,0,0,0,0,0,0,0,0,0,0,0,0,0,0,0,0,0,0,0,0,0,0,0,0,0,0,0,0,0,0,0,0,0,0,0,0,0,0,0,0,0,0,0,0,0,0,0,0,0,0,0,0,0,0,0,0,0,0,0,0,0,0,0,0,0,0,0,0,0,0,0,0,0,0,0,0,0,0,0,0,0,0,0,0,0,0,0,0,0,0,0,0,0,0,0,0,0,0,0,0,0,0,0,0,0,0,0,23.98,23.98,23.98,23.99,24.01,24.03,24.05,24.07,24.07,24.04,24.03,23.98,23.98,23.98,23.98,23.98,23.98,23.98,23.98,23.98,23.98,23.98,23.98,23.98,23.98,23.98,23.98,23.98,23.98,23.98,23.98,23.98,23.98,23.98,23.98,23.98,23.98,23.98,23.98,0,0,0,0,0,0,0,0,0,0,0,0,0,0,0,0],
[0,0,0,0,0,0,0,0,0,0,0,0,0,0,0,0,0,0,0,0,0,0,0,0,0,0,0,0,0,0,0,0,0,0,0,0,0,0,0,0,0,0,0,0,0,0,0,0,0,0,0,0,0,0,0,0,0,0,0,0,0,0,0,0,0,0,0,0,0,0,0,0,0,0,0,0,0,0,0,0,0,0,0,0,0,0,0,0,0,0,0,0,0,0,0,0,0,0,0,0,0,0,0,0,0,0,0,0,0,0,0,0,0,0,0,0,0,0,0,0,0,0,0,0,0,23.98,23.98,23.98,24.00,24.02,24.04,24.06,24.08,24.08,24.04,24.09,23.98,23.98,23.98,23.98,23.98,23.98,23.98,23.98,23.98,23.98,23.98,23.98,23.98,23.98,23.98,23.98,23.98,23.98,23.98,23.98,23.98,23.98,23.98,23.98,23.98,23.98,23.98,23.98,0,0,0,0,0,0,0,0,0,0,0,0,0,0,0,0],
[0,0,0,0,0,0,0,0,0,0,0,0,0,0,0,0,0,0,0,0,0,0,0,0,0,0,0,0,0,0,0,0,0,0,0,0,0,29.07,29.07,29.07,29.07,0,0,0,0,0,0,0,0,0,0,0,0,0,0,0,0,0,0,0,0,0,0,0,0,0,0,0,0,0,0,0,0,0,0,0,0,0,0,0,0,0,0,0,0,0,0,0,0,0,0,0,0,0,0,0,0,0,0,0,0,0,0,0,0,0,0,0,0,0,0,0,0,0,0,0,0,0,0,0,0,0,0,0,0,23.98,23.98,23.99,24.01,24.03,24.05,24.07,24.09,24.09,24.05,24.09,23.98,23.98,23.98,23.98,23.98,23.98,23.98,23.98,23.98,23.98,23.98,23.98,23.98,23.98,23.98,23.98,23.98,23.98,23.98,23.98,23.98,23.98,23.98,23.98,23.98,23.98,23.98,0,0,0,0,0,0,0,0,0,0,0,0,0,0,0,0,0],
[0,0,0,0,0,0,0,0,0,0,0,0,0,0,0,0,0,0,0,0,0,0,0,0,0,0,0,0,0,0,0,0,0,0,29.07,29.07,29.07,29.07,29.07,29.07,29.07,0,0,0,0,0,0,0,0,0,0,0,0,0,0,0,0,0,0,0,0,0,0,0,0,0,0,0,0,0,0,0,0,0,0,0,0,0,0,0,0,0,0,0,0,0,0,0,0,0,0,0,0,0,0,0,0,0,0,0,0,0,0,0,0,0,0,0,0,0,0,0,0,0,0,0,0,0,0,0,0,0,0,24.28,24.27,24.25,23.98,24.00,24.02,24.04,24.06,24.08,24.11,24.10,24.06,24.09,23.98,23.98,23.98,23.98,23.98,23.98,23.98,23.98,23.98,23.98,23.98,23.98,23.98,23.98,23.98,23.98,23.98,23.98,23.98,23.98,23.98,23.98,23.98,23.98,23.98,23.98,23.98,0,0,0,0,0,0,0,0,0,0,0,0,0,0,0,0,0],
[0,0,0,0,0,0,0,0,0,0,0,0,0,0,0,0,0,0,0,0,0,0,0,0,0,0,0,0,0,0,0,0,0,0,29.07,29.07,29.07,29.07,29.07,29.07,29.07,29.07,0,0,0,0,0,0,0,0,0,0,0,0,0,0,0,0,0,0,0,0,0,0,0,0,0,0,0,0,0,0,0,0,0,0,0,0,0,0,0,0,0,0,0,0,0,0,0,0,0,0,0,0,0,0,0,0,0,0,0,0,0,0,0,0,0,0,0,0,0,0,0,0,0,0,0,0,0,0,0,0,24.76,24.64,24.56,24.45,24.29,24.15,24.06,24.05,24.08,24.10,24.12,24.12,24.07,24.09,24.05,23.98,23.98,23.98,23.98,23.98,23.98,23.98,23.98,23.98,23.98,23.98,23.98,23.98,23.98,23.98,23.98,23.98,23.98,23.98,23.98,23.98,23.98,23.98,23.98,23.98,23.98,0,0,0,0,0,0,0,0,0,0,0,0,0,0,0,0,0],
[0,0,0,0,0,0,0,0,0,0,0,0,0,0,0,0,0,0,0,0,0,0,0,0,0,0,0,0,0,0,0,0,0,29.07,29.07,29.07,29.07,29.07,29.07,29.07,29.07,29.07,0,0,0,0,0,0,0,0,0,0,0,0,0,0,0,0,0,0,0,0,0,0,0,0,0,0,0,0,0,0,0,0,0,0,0,0,0,0,0,0,0,0,0,0,0,0,0,0,0,0,0,0,0,0,0,0,0,0,0,26.07,26.07,26.07,26.07,26.07,0,0,0,0,0,0,0,0,0,0,0,0,0,0,0,0,25.12,25.01,24.91,24.83,24.66,24.43,24.38,24.26,24.14,24.11,24.13,24.13,24.08,24.08,24.10,23.98,23.98,23.98,23.98,23.98,23.98,23.98,23.98,23.98,23.98,23.98,23.98,23.98,23.98,23.98,23.98,23.98,23.98,23.98,23.98,23.98,23.98,23.98,23.98,23.98,0,0,0,0,0,0,0,0,0,0,0,0,0,0,0,0,0,0],
[0,0,0,0,0,0,0,0,0,0,0,0,0,0,0,0,0,0,0,0,0,0,0,0,0,0,0,0,0,0,0,0,29.07,29.07,29.07,29.07,29.07,29.07,29.07,29.07,29.07,0,0,0,0,0,0,0,0,0,0,0,0,0,0,0,0,0,0,0,0,0,0,0,0,0,0,0,0,0,0,0,0,0,0,0,0,0,0,0,0,0,0,0,0,0,0,0,0,0,0,0,0,0,0,0,0,0,26.07,26.07,0,26.07,26.07,26.07,26.07,26.07,26.07,26.07,26.07,26.07,0,0,0,0,0,0,0,0,0,0,0,0,25.48,25.38,25.24,25.17,24.99,24.86,24.74,24.61,24.49,24.37,24.25,24.15,24.10,24.08,24.13,23.98,23.98,23.98,23.98,23.98,23.98,23.98,23.98,23.98,23.98,23.98,23.98,23.98,23.98,23.98,23.98,23.98,23.98,23.98,23.98,23.98,23.98,23.98,23.98,23.98,0,0,0,0,0,0,0,0,0,0,0,0,0,0,0,0,0,0],
[0,0,0,0,0,0,0,0,0,0,0,0,0,0,0,0,0,0,0,0,0,0,0,0,0,0,0,0,0,0,0,29.07,29.07,29.07,29.07,29.07,29.07,29.07,29.07,29.07,29.07,0,0,0,0,0,0,0,0,0,0,0,0,0,0,0,0,0,0,0,0,0,0,0,0,0,0,0,0,0,0,0,0,0,0,0,0,0,0,0,0,0,0,0,0,0,0,0,0,0,0,0,0,0,0,0,0,26.07,26.07,26.07,26.07,26.07,26.07,26.07,26.07,26.07,26.07,26.07,26.07,26.07,26.07,26.07,0,0,0,0,0,0,0,0,0,25.97,25.84,25.71,25.57,25.49,25.32,25.21,25.10,24.97,24.84,24.72,24.60,24.50,24.41,24.32,24.15,24.05,23.98,23.98,23.98,23.98,23.98,23.98,23.98,23.98,23.98,23.98,23.98,23.98,23.98,23.98,23.98,23.98,23.98,23.98,23.98,23.98,23.98,23.98,23.98,0,0,0,0,0,0,0,0,0,0,0,0,0,0,0,0,0,0,0],
[0,0,0,0,0,0,0,0,0,0,0,0,0,0,0,0,0,0,0,0,0,0,0,0,0,0,0,0,0,0,29.07,29.07,29.07,29.07,29.07,29.07,29.07,29.07,29.07,29.07,29.07,29.07,0,0,0,0,0,0,0,0,0,0,0,0,0,0,0,0,0,0,0,0,0,0,0,0,0,0,0,0,0,0,0,0,0,0,0,0,0,0,0,0,0,0,0,0,0,0,0,0,0,0,0,0,0,0,0,26.07,26.07,26.07,26.07,26.07,26.07,26.07,26.07,26.07,26.07,26.07,26.07,26.07,26.07,26.07,26.07,0,0,0,0,0,0,0,0,0,25.97,25.94,25.90,25.80,25.68,25.57,25.46,25.27,25.19,25.06,24.99,24.88,24.71,24.62,24.49,24.37,0,0,0,0,0,0,23.98,23.98,23.98,23.98,23.98,23.98,23.98,23.98,23.98,23.98,23.98,23.98,23.98,23.98,23.98,0,0,0,0,0,0,0,0,0,0,0,0,0,0,0,0,0,0,0,0,0],
[0,0,0,0,0,0,0,0,0,0,0,0,0,0,0,0,0,0,0,0,0,0,0,0,0,0,0,0,29.07,29.07,29.07,29.07,29.07,29.07,29.07,29.07,29.07,29.07,29.07,29.07,29.07,29.07,0,0,0,0,0,0,0,0,0,0,0,0,0,0,0,0,0,0,0,0,0,0,0,0,0,0,0,0,0,0,0,0,0,0,0,0,0,0,0,0,0,0,0,0,0,0,0,0,0,0,0,0,0,0,26.07,26.07,26.07,26.07,26.07,26.07,26.07,26.07,26.07,26.07,26.07,26.07,26.07,26.07,26.07,26.07,26.07,26.07,0,0,0,0,0,0,0,0,0,0,26.07,26.07,26.04,25.92,25.81,25.69,25.55,25.43,25.37,25.26,25.09,24.95,24.85,0,0,0,0,0,0,0,0,0,0,0,0,0,0,0,0,0,0,0,0,0,0,0,0,0,0,0,0,0,0,0,0,0,0,0,0,0,0,0,0,0,0,0],
[0,0,0,0,0,0,0,0,0,0,0,0,0,0,0,0,0,0,0,0,0,0,0,0,0,0,0,29.07,29.07,29.07,29.07,29.07,29.07,29.07,29.07,29.07,29.07,29.07,29.07,29.07,29.07,29.07,29.07,29.07,29.07,0,0,0,0,0,0,0,0,0,0,0,0,0,0,0,0,0,0,0,0,0,0,0,0,0,0,0,0,0,0,0,0,0,0,0,0,0,0,0,0,0,0,0,0,0,0,0,0,0,0,0,26.07,26.07,26.07,26.07,26.07,26.07,26.07,26.07,26.07,26.07,26.07,26.07,26.07,26.07,26.07,26.07,26.07,26.07,26.07,0,0,0,0,0,0,0,0,0,26.07,26.07,26.07,26.07,26.07,26.06,25.78,25.79,25.74,25.65,25.48,25.33,25.21,0,0,0,0,0,0,0,0,0,0,0,0,0,0,0,0,0,0,0,0,0,0,0,0,0,0,0,0,0,0,0,0,0,0,0,0,0,0,0,0,0,0,0],
[0,0,0,0,0,0,0,0,0,0,0,0,0,0,0,0,0,0,0,0,0,0,0,0,0,0,29.07,29.07,29.07,29.07,29.07,29.07,29.07,29.07,29.07,29.07,29.07,29.07,29.07,29.07,29.07,29.07,29.07,29.07,29.07,29.07,0,0,0,0,0,0,0,0,0,0,0,0,0,0,0,0,0,0,0,0,0,0,0,0,0,0,0,0,0,0,0,0,0,0,0,0,0,0,0,0,0,0,0,0,0,0,0,0,0,0,26.07,26.07,26.07,26.07,26.07,26.07,26.07,26.07,26.07,26.07,26.07,26.07,26.07,26.07,26.07,26.07,26.07,26.07,26.07,0,0,0,0,0,0,0,0,0,26.07,26.07,26.07,26.07,26.07,26.07,26.07,25.97,25.93,25.90,25.84,25.70,0,0,0,0,0,0,0,0,0,0,0,0,0,0,0,0,0,0,0,0,0,0,0,0,0,0,0,0,0,0,0,0,0,0,0,0,0,0,0,0,0,0,0,0],
[0,0,0,0,0,0,0,0,0,0,0,0,0,0,0,0,0,0,0,0,0,0,0,0,0,0,29.07,29.07,29.07,29.07,29.07,29.07,29.07,29.07,29.07,29.07,29.07,29.07,29.07,29.07,29.07,29.07,29.07,29.07,29.07,29.07,29.07,0,0,0,0,0,0,0,0,0,0,0,0,0,0,0,0,0,0,0,0,0,0,0,0,0,0,0,0,0,0,0,0,0,0,0,0,0,0,0,0,0,0,0,0,0,0,0,0,0,26.07,26.07,26.07,26.07,26.07,26.07,26.07,26.07,26.07,26.07,26.07,26.07,26.07,26.07,26.07,26.07,26.07,26.07,26.07,0,0,0,0,0,0,0,0,26.07,26.07,26.07,26.07,26.07,26.07,26.07,26.07,0,0,0,25.90,25.90,0,0,0,0,0,0,0,0,0,0,0,0,0,0,0,0,0,0,0,0,0,0,0,0,0,0,0,0,0,0,0,0,0,0,0,0,0,0,0,0,0,0,0,0],
[0,0,0,0,0,0,0,0,0,0,0,0,0,0,0,0,0,0,0,0,0,0,0,0,0,29.07,29.07,29.07,29.07,29.07,29.07,29.07,29.07,29.07,29.07,29.07,29.07,29.07,29.07,29.07,29.07,29.07,29.07,29.07,29.07,29.07,29.07,0,0,0,0,0,0,0,0,0,0,0,0,0,0,0,0,0,0,0,0,0,0,0,0,0,0,0,0,0,0,0,0,0,0,0,0,0,0,0,0,0,0,0,0,0,0,0,0,0,26.07,26.07,26.07,26.07,26.07,26.07,26.07,26.07,26.07,26.07,26.07,26.07,26.07,26.07,26.07,26.07,26.07,26.07,26.07,0,0,0,0,0,0,0,26.07,26.07,26.07,26.07,26.07,26.07,26.07,26.07,26.07,0,0,0,0,0,0,0,0,0,0,0,0,0,0,0,0,0,0,0,0,0,0,0,0,0,0,0,0,0,0,0,0,0,0,0,0,0,0,0,0,0,0,0,0,0,0,0,0,0],
[0,0,0,0,0,0,0,0,0,0,0,0,0,0,0,0,0,0,0,0,0,0,0,0,0,29.07,29.07,29.07,29.07,29.07,29.07,29.07,29.07,29.07,29.07,29.07,29.07,29.07,29.07,29.07,29.07,29.07,29.07,29.07,29.07,29.07,29.07,29.07,0,0,0,0,0,0,0,0,0,0,0,0,0,0,0,0,0,0,0,0,0,0,0,0,0,0,0,0,0,0,0,0,0,0,0,0,0,0,0,0,0,0,0,0,0,0,0,0,0,26.07,26.07,26.07,26.07,26.07,26.07,26.07,26.07,26.07,26.07,26.07,26.07,26.07,26.07,26.07,26.07,26.07,26.07,26.07,26.07,0,0,0,26.07,26.07,26.07,26.07,26.07,26.07,26.07,26.07,26.07,26.07,26.07,0,0,0,0,0,0,0,0,0,0,0,0,0,0,0,0,0,0,0,0,0,0,0,0,0,0,0,0,0,0,0,0,0,0,0,0,0,0,0,0,0,0,0,0,0,0,0,0,0],
[0,0,0,0,0,0,0,0,0,0,0,0,0,0,0,0,0,0,0,0,0,0,0,0,0,29.07,29.07,29.07,29.07,29.07,29.07,29.07,29.07,29.07,29.07,29.07,29.07,29.07,29.07,29.07,29.07,29.07,29.07,29.07,29.07,29.07,29.07,29.07,0,0,0,0,0,0,0,0,0,0,0,0,0,0,0,0,0,0,0,0,0,0,0,0,0,0,0,0,0,0,0,0,0,0,0,0,0,0,0,0,0,0,0,0,0,0,0,0,0,26.07,26.07,26.07,26.07,26.07,26.07,26.07,26.07,26.07,26.07,26.07,26.07,26.07,26.07,26.07,26.07,26.07,26.07,26.07,26.07,26.07,26.07,26.07,26.07,26.07,26.07,26.07,26.07,26.07,26.07,26.07,26.07,26.07,26.07,26.07,26.07,0,0,0,0,0,0,0,0,0,0,0,0,0,0,0,0,0,0,0,0,0,0,0,0,0,0,0,0,0,0,0,0,0,0,0,0,0,0,0,0,0,0,0,0,0,0,0],
[0,0,0,0,0,0,0,0,0,0,0,0,0,0,0,0,0,0,0,0,0,0,0,0,29.07,29.07,29.07,29.07,29.07,29.07,29.07,29.07,29.07,29.07,29.07,29.07,29.07,29.07,29.07,29.07,29.07,29.07,29.07,29.07,29.07,29.07,29.07,29.07,29.07,29.07,0,0,0,0,0,0,0,0,0,0,0,0,0,0,0,0,0,0,0,0,0,0,0,0,0,0,0,0,0,0,0,0,0,0,0,0,0,0,0,0,0,0,0,0,0,0,0,26.07,26.07,26.07,26.07,26.07,26.07,26.07,26.07,26.07,26.07,26.07,26.07,26.07,26.07,26.07,26.07,26.07,26.07,26.07,26.07,26.07,26.07,26.07,26.07,26.07,26.07,26.07,26.07,26.07,26.07,26.07,26.07,26.07,26.07,26.07,26.07,0,0,0,0,0,0,0,0,0,0,0,0,0,0,0,0,0,0,0,0,0,0,0,0,0,0,0,0,0,0,0,0,0,0,0,0,0,0,0,0,0,0,0,0,0,0,0],
[0,0,0,0,0,0,0,0,0,0,0,0,0,0,0,0,0,0,0,0,0,0,0,29.07,29.07,29.07,29.07,29.07,29.07,29.07,29.07,29.07,29.07,29.07,29.07,29.07,29.07,29.07,29.07,29.07,29.07,29.07,29.07,29.07,29.07,29.07,29.07,29.07,29.07,29.07,29.07,0,0,0,0,0,0,0,0,0,0,0,0,0,0,0,0,0,0,0,0,0,0,0,0,0,0,0,0,0,0,0,0,0,0,0,0,0,0,0,0,0,0,0,0,0,0,26.07,26.07,26.07,26.07,26.07,26.07,26.07,26.07,26.07,26.07,26.07,26.07,26.07,26.07,26.07,26.07,26.07,26.07,26.07,26.07,26.07,26.07,26.07,26.07,26.07,26.07,26.07,26.07,26.07,26.07,26.07,26.07,26.07,26.07,26.07,26.07,0,0,0,0,0,0,0,0,0,0,0,0,0,0,0,0,0,0,0,0,0,0,0,0,0,0,0,0,0,0,0,0,0,0,0,0,0,0,0,0,0,0,0,0,0,0,0],
[0,0,0,0,0,0,0,0,0,0,0,0,0,0,0,0,0,0,0,0,0,0,29.07,29.07,29.07,29.07,29.07,29.07,29.07,29.07,29.07,29.07,29.07,29.07,29.07,29.07,29.07,29.07,29.07,29.07,29.07,29.07,29.07,29.07,29.07,29.07,29.07,29.07,29.07,29.07,29.07,29.07,0,29.07,0,0,0,0,0,0,0,0,0,0,0,0,0,0,0,0,0,0,0,0,0,0,0,0,0,0,0,0,0,0,0,0,0,0,0,0,0,0,0,0,0,0,0,26.07,26.07,26.07,26.07,26.07,26.07,26.07,26.07,26.07,26.07,26.07,26.07,26.07,26.07,26.07,26.07,26.07,26.07,26.07,26.07,26.07,26.07,26.07,26.07,26.07,26.07,26.07,26.07,26.07,26.07,26.07,26.07,26.07,26.07,26.07,0,0,0,0,0,0,0,0,0,0,0,0,0,0,0,0,0,0,0,0,0,0,0,0,0,0,0,0,0,0,0,0,0,0,0,0,0,0,0,0,0,0,0,0,0,0,0,0],
[0,0,0,0,0,0,0,0,0,0,0,0,0,0,0,0,0,0,0,0,29.07,29.07,29.07,29.07,29.07,29.07,29.07,29.07,29.07,29.07,29.07,29.07,29.07,29.07,29.07,29.07,29.07,29.07,29.07,29.07,29.07,29.07,29.07,29.07,29.07,29.07,29.07,29.07,29.07,29.07,29.07,29.07,29.07,29.07,29.07,0,0,0,0,0,0,0,0,0,0,0,0,0,0,0,0,0,0,0,0,0,0,0,0,0,0,0,0,0,0,0,0,0,0,0,0,0,0,0,0,0,0,26.07,26.07,26.07,26.07,26.07,26.07,26.07,26.07,26.07,26.07,26.07,26.07,26.07,26.07,26.07,26.07,26.07,26.07,26.07,26.07,26.07,26.07,26.07,26.07,26.07,26.07,26.07,26.07,26.07,26.07,26.07,26.07,26.07,26.07,26.07,0,0,0,0,0,0,0,0,0,0,0,0,0,0,0,0,0,0,0,0,0,0,0,0,0,0,0,0,0,0,0,0,0,0,0,0,0,0,0,0,0,0,0,0,0,0,0,0],
[0,0,0,0,0,0,0,0,0,0,0,0,29.07,29.07,29.07,29.07,29.07,29.07,29.07,29.07,29.07,29.07,29.07,29.07,29.07,29.07,29.07,29.07,29.07,29.07,29.07,29.07,29.07,29.07,29.07,29.07,29.07,29.07,29.07,29.07,29.07,29.07,29.07,29.07,29.07,29.07,29.07,29.07,29.07,29.07,29.07,29.07,29.07,29.07,29.07,0,0,0,0,0,0,0,0,0,0,0,0,0,0,0,0,0,0,0,0,0,0,0,0,0,0,0,0,0,0,0,0,0,0,0,0,0,0,0,0,0,0,0,26.07,26.07,26.07,26.07,26.07,26.07,26.07,26.07,26.07,26.07,26.07,26.07,26.07,26.07,26.07,26.07,26.07,26.07,26.07,26.07,26.07,26.07,26.07,26.07,26.07,26.07,26.07,26.07,26.07,26.07,26.07,26.07,26.07,26.07,0,0,0,0,0,0,0,0,0,0,0,0,26.07,26.07,26.07,26.07,0,0,0,0,0,0,0,0,0,0,0,0,0,0,0,0,0,0,0,0,0,0,0,0,0,0,0,0,0,0,0,0],
[0,0,0,0,0,0,0,0,0,0,0,29.07,29.07,29.07,29.07,29.07,29.07,29.07,29.07,29.07,29.07,29.07,29.07,29.07,29.07,29.07,29.07,29.07,29.07,29.07,29.07,29.07,29.07,29.07,29.07,29.07,29.07,29.07,29.07,29.07,29.07,29.07,29.07,29.07,29.07,29.07,29.07,29.07,29.07,29.07,29.07,29.07,29.07,29.07,29.07,29.07,0,0,0,0,0,0,0,0,0,0,0,0,0,0,0,0,0,0,0,0,0,0,0,0,0,0,0,0,0,0,0,0,0,0,0,0,0,0,0,0,0,0,26.07,26.07,26.07,26.07,26.07,26.07,26.07,26.07,26.07,26.07,26.07,26.07,26.07,26.07,26.07,26.07,26.07,26.07,26.07,26.07,26.07,26.07,26.07,26.07,26.07,26.07,26.07,26.07,26.07,26.07,26.07,26.07,26.07,26.07,26.07,26.07,26.07,26.07,26.07,0,0,0,0,0,0,26.07,26.07,26.07,26.07,26.07,26.07,26.07,26.07,0,0,0,0,0,0,0,0,0,0,0,0,0,0,0,0,0,0,0,0,0,0,0,0,0,0,0,0,0],
[0,0,0,0,0,0,0,0,0,0,0,29.07,29.07,29.07,29.07,29.07,29.07,29.07,29.07,29.07,29.07,29.07,29.07,29.07,29.07,29.07,29.07,29.07,29.07,29.07,29.07,29.07,29.07,29.07,29.07,29.07,29.07,29.07,29.07,29.07,29.07,29.07,29.07,29.07,29.07,29.07,29.07,29.07,29.07,29.07,29.07,29.07,29.07,29.07,29.07,29.07,0,0,0,0,0,0,0,0,0,0,0,0,0,0,0,0,0,0,0,0,0,0,0,0,0,0,0,0,0,0,0,0,0,0,0,0,0,0,0,0,0,0,0,26.07,26.07,26.07,26.07,26.07,26.07,26.07,26.07,26.07,26.07,26.07,26.07,26.07,26.07,26.07,26.07,26.07,26.07,26.07,26.07,26.07,26.07,26.07,26.07,26.07,26.07,26.07,26.07,26.07,26.07,26.07,26.07,26.07,26.07,26.07,26.07,26.07,26.07,26.07,26.07,26.07,26.07,26.07,26.07,26.07,26.07,26.07,26.07,26.07,26.07,26.07,26.07,26.07,26.07,0,0,0,0,0,0,0,0,0,0,0,0,0,0,0,0,0,0,0,0,0,0,0,0,0,0,0],
[0,0,0,0,0,0,0,0,0,0,29.07,29.07,29.07,29.07,29.07,29.07,29.07,29.07,29.07,29.07,29.07,29.07,29.07,29.07,29.07,29.07,29.07,29.07,29.07,29.07,29.07,29.07,29.07,29.07,29.07,29.07,29.07,29.07,29.07,29.07,29.07,29.07,29.07,29.07,29.07,29.07,29.07,29.07,29.07,29.07,29.07,29.07,29.07,29.07,29.07,29.07,0,0,0,0,0,0,0,0,0,0,0,0,0,0,0,0,0,0,0,0,0,0,0,0,0,0,0,0,0,0,0,0,0,0,0,0,0,0,0,0,0,0,0,26.07,26.07,26.07,26.07,26.07,26.07,26.07,26.07,26.07,26.07,26.07,26.07,26.07,26.07,26.07,26.07,26.07,26.07,26.07,26.07,26.07,26.07,26.07,26.07,26.07,26.07,26.07,26.07,26.07,26.07,26.07,26.07,26.07,26.07,26.07,26.07,26.07,26.07,26.07,26.07,26.07,26.07,26.07,26.07,26.07,26.07,26.07,26.07,26.07,26.07,26.07,26.07,26.07,26.07,26.07,0,0,0,0,0,0,0,0,0,0,0,0,0,0,0,0,0,0,0,0,0,0,0,0,0,0],
[0,0,0,0,0,0,0,0,0,29.07,29.07,29.07,29.07,29.07,29.07,29.07,29.07,29.07,29.07,29.07,29.07,29.07,29.07,29.07,29.07,29.07,29.07,29.07,29.07,29.07,29.07,29.07,29.07,29.07,29.07,29.07,29.07,29.07,29.07,29.07,29.07,29.07,29.07,29.07,29.07,29.07,29.07,29.07,29.07,29.07,29.07,29.07,29.07,29.07,29.07,29.07,29.07,0,0,0,0,0,0,0,0,0,0,0,0,0,0,0,0,0,0,0,0,0,0,0,0,0,0,0,0,0,0,0,0,0,0,0,0,0,0,0,0,0,0,26.07,26.07,26.07,26.07,26.07,26.07,26.07,26.07,26.07,26.07,26.07,26.07,26.07,26.07,26.07,26.07,26.07,26.07,26.07,26.07,26.07,26.07,26.07,26.07,26.07,26.07,26.07,26.07,26.07,26.07,26.07,26.07,26.07,26.07,26.07,26.07,26.07,26.07,26.07,26.07,26.07,26.07,26.07,26.07,26.07,26.07,26.07,26.07,26.07,26.07,26.07,26.07,26.07,26.07,26.07,26.07,0,0,0,0,0,0,0,0,0,0,0,0,0,0,0,0,0,0,0,0,0,0,0,0,0],
[0,0,0,0,0,0,0,0,0,29.07,29.07,29.07,29.07,29.07,29.07,29.07,29.07,29.07,29.07,29.07,29.07,29.07,29.07,29.07,29.07,29.07,29.07,29.07,29.07,29.07,29.07,29.07,29.07,29.07,29.07,29.07,29.07,29.07,29.07,29.07,29.07,29.07,29.07,29.07,29.07,29.07,29.07,29.07,29.07,29.07,29.07,29.07,29.07,29.07,29.07,29.07,29.07,0,0,0,0,0,0,0,0,0,0,0,0,0,0,0,0,0,0,0,0,0,0,0,0,0,0,0,0,0,0,0,0,0,0,0,0,0,0,0,0,0,26.07,26.07,26.07,26.07,26.07,26.07,26.07,26.07,26.07,26.07,26.07,26.07,26.07,26.07,26.07,26.07,26.07,26.07,26.07,26.07,26.07,26.07,26.07,26.07,26.07,26.07,26.07,26.07,26.07,26.07,26.07,26.07,26.07,26.07,26.07,26.07,26.07,26.07,26.07,26.07,26.07,26.07,26.07,26.07,26.07,26.07,26.07,26.07,26.07,26.07,26.07,26.07,26.07,26.07,26.07,26.07,26.07,26.07,0,0,0,0,0,0,0,0,0,0,0,0,0,0,0,0,0,0,0,0,0,0,0,0],
[0,0,0,0,0,0,0,0,0,29.07,29.07,29.07,29.07,29.07,29.07,29.07,29.07,29.07,29.07,29.07,29.07,29.07,29.07,29.07,29.07,29.07,29.07,29.07,29.07,29.07,29.07,29.07,29.07,29.07,29.07,29.07,29.07,29.07,29.07,29.07,29.07,29.07,29.07,29.07,29.07,29.07,29.07,29.07,29.07,29.07,29.07,29.07,29.07,29.07,29.07,29.07,29.07,29.07,0,0,0,0,0,0,0,0,0,0,0,0,0,0,0,0,0,0,0,0,0,0,0,0,0,0,0,0,0,0,0,0,0,0,0,0,0,0,0,26.07,26.07,26.07,26.07,26.07,26.07,26.07,26.07,26.07,26.07,26.07,26.07,26.07,26.07,26.07,26.07,26.07,26.07,26.07,26.07,26.07,26.07,26.07,26.07,26.07,26.07,26.07,26.07,26.07,26.07,26.07,26.07,26.07,26.07,26.07,26.07,26.07,26.07,26.07,26.07,26.07,26.07,26.07,26.07,26.07,26.07,26.07,26.07,26.07,26.07,26.07,26.07,26.07,26.07,26.07,26.07,26.07,26.07,26.07,26.07,0,0,0,0,0,0,0,0,0,0,0,0,0,0,0,0,0,0,0,0,0,0,0],
[0,0,0,0,0,0,0,0,0,29.07,29.07,29.07,29.07,29.07,29.07,29.07,29.07,29.07,29.07,29.07,29.07,29.07,29.07,29.07,29.07,29.07,29.07,0,0,0,29.07,29.07,29.07,29.07,29.07,29.07,29.07,29.07,29.07,29.07,29.07,29.07,29.07,29.07,29.07,29.07,29.07,29.07,29.07,29.07,29.07,29.07,29.07,29.07,29.07,29.07,29.07,29.07,0,0,0,0,0,0,0,0,0,0,0,0,0,0,0,0,0,0,0,0,0,0,0,0,0,0,0,0,0,0,0,0,0,0,0,0,0,0,26.07,26.07,26.07,26.07,26.07,26.07,26.07,26.07,26.07,26.07,26.07,26.07,26.07,26.07,26.07,26.07,26.07,26.07,26.07,26.07,26.07,26.07,26.07,26.07,26.07,26.07,26.07,26.07,26.07,26.07,26.07,26.07,26.07,26.07,26.07,26.07,26.07,26.07,26.07,26.07,26.07,26.07,26.07,26.07,26.07,26.07,26.07,26.07,26.07,26.07,26.07,26.07,26.07,26.07,26.07,26.07,26.07,26.07,26.07,26.07,26.07,26.07,26.07,0,0,0,0,0,0,0,0,0,0,0,0,0,0,0,0,0,0,0,0,0],
[0,0,0,0,0,0,0,0,0,0,29.07,29.07,29.07,29.07,29.07,29.07,29.07,29.07,29.07,29.07,29.07,29.07,29.07,29.07,29.07,0,0,0,0,0,0,0,29.07,29.07,29.07,29.07,29.07,29.07,29.07,29.07,29.07,29.07,29.07,29.07,29.07,29.07,29.07,29.07,29.07,29.07,29.07,29.07,29.07,29.07,29.07,29.07,29.07,29.07,29.07,0,0,0,0,0,0,0,0,0,0,0,0,0,0,0,0,0,0,0,0,0,0,0,0,0,0,0,0,0,0,0,0,0,0,0,0,0,26.07,26.07,26.07,26.07,26.07,26.07,26.07,26.07,26.07,26.07,26.07,26.07,26.07,26.07,26.07,26.07,26.07,26.07,26.07,26.07,26.07,26.07,26.07,26.07,26.07,26.07,26.07,26.07,26.07,26.07,26.07,26.07,26.07,26.07,26.07,26.07,26.07,26.07,26.07,26.07,26.07,26.07,26.07,26.07,26.07,26.07,26.07,26.07,26.07,26.07,26.07,26.07,26.07,26.07,26.07,26.07,26.07,26.07,26.07,26.07,26.07,26.07,26.07,26.07,26.07,0,0,0,0,0,0,0,0,0,0,0,0,0,0,0,0,0,0,0],
[0,0,0,0,0,0,0,0,0,0,29.07,29.07,29.07,29.07,29.07,29.07,29.07,29.07,29.07,29.07,29.07,29.07,29.07,29.07,0,0,0,0,0,0,0,0,0,29.07,29.07,29.07,29.07,29.07,29.07,29.07,29.07,29.07,29.07,29.07,29.07,29.07,29.07,29.07,29.07,29.07,29.07,29.07,29.07,29.07,29.07,29.07,29.07,29.07,29.07,0,0,0,0,0,0,0,0,0,0,0,0,0,0,0,0,0,0,0,0,0,0,0,0,0,0,0,0,0,0,0,0,0,0,0,0,26.07,26.07,26.07,26.07,26.07,26.07,26.07,26.07,26.07,26.07,26.07,26.07,26.07,26.07,26.07,26.07,26.07,26.07,26.07,26.07,26.07,26.07,26.07,26.07,26.07,26.07,26.07,26.07,26.07,26.07,26.07,26.07,26.07,26.07,26.07,26.07,26.07,26.07,26.07,26.07,26.07,26.07,26.07,26.07,26.07,26.07,26.07,26.07,26.07,26.07,26.07,26.07,26.07,26.07,26.07,26.07,26.07,26.07,26.07,26.07,26.07,26.07,26.07,26.07,26.07,26.07,0,0,0,0,0,0,0,0,0,0,0,0,0,0,0,0,0,0,0],
[0,0,0,0,0,0,0,0,0,0,29.07,29.07,29.07,29.07,29.07,29.07,29.07,29.07,29.07,29.07,29.07,29.07,29.07,0,0,0,0,0,0,0,0,0,0,29.07,29.07,29.07,29.07,29.07,29.07,29.07,29.07,29.07,29.07,29.07,29.07,29.07,29.07,29.07,29.07,29.07,29.07,29.07,29.07,29.07,29.07,29.07,29.07,29.07,29.07,0,0,0,0,0,0,0,0,0,0,0,0,0,0,0,0,0,0,0,0,0,0,0,0,0,0,0,0,0,0,0,0,0,0,0,26.07,26.07,26.07,26.07,26.07,26.07,26.07,26.07,26.07,26.07,26.07,26.07,26.07,26.07,26.07,26.07,26.07,26.07,26.07,26.07,26.07,26.07,26.07,26.07,26.07,26.07,26.07,26.07,26.07,26.07,26.07,26.07,26.07,26.07,26.07,26.07,26.07,26.07,26.07,26.07,26.07,26.07,26.07,26.07,26.07,26.07,26.07,26.07,26.07,26.07,26.07,26.07,26.07,26.07,26.07,26.07,26.07,26.07,26.07,26.07,26.07,26.07,26.07,26.07,26.07,26.07,26.07,0,0,0,0,0,0,0,0,0,0,0,0,0,0,0,0,0,0,0],
[0,0,0,0,0,0,0,0,0,0,0,29.07,29.07,29.07,29.07,29.07,29.07,29.07,29.07,29.07,29.07,29.07,29.07,0,0,0,0,0,0,0,0,0,0,0,29.07,29.07,29.07,29.07,29.07,29.07,29.07,29.07,29.07,29.07,29.07,29.07,29.07,29.07,29.07,29.07,29.07,29.07,29.07,29.07,29.07,29.07,29.07,29.07,29.07,29.07,0,0,0,0,0,0,0,0,0,0,0,0,0,0,0,0,0,0,0,0,0,0,0,0,0,0,0,0,0,0,0,0,0,0,26.07,26.07,26.07,26.07,26.07,26.07,26.07,26.07,26.07,26.07,26.07,26.07,26.07,26.07,26.07,26.07,26.07,26.07,26.07,26.07,26.07,26.07,26.07,26.07,26.07,26.07,26.07,26.07,26.07,26.07,26.07,26.07,26.07,26.07,26.07,26.07,26.07,26.07,26.07,26.07,26.07,26.07,26.07,26.07,26.07,26.07,26.07,26.07,26.07,26.07,26.07,26.07,26.07,26.07,26.07,26.07,26.07,26.07,26.07,26.07,26.07,26.07,26.07,26.07,26.07,26.07,0,0,0,0,0,0,0,0,0,0,0,0,0,0,0,0,0,0,0,0],
[0,0,0,0,0,0,0,0,0,0,0,29.07,29.07,29.07,29.07,29.07,29.07,29.07,29.07,29.07,29.07,29.07,0,0,0,0,0,0,0,0,0,0,0,0,29.07,29.07,29.07,29.07,29.07,29.07,29.07,29.07,29.07,29.07,29.07,29.07,29.07,29.07,29.07,29.07,29.07,29.07,29.07,29.07,29.07,29.07,29.07,29.07,29.07,29.07,0,0,0,0,0,0,0,0,0,0,0,0,0,0,0,0,0,0,0,0,0,0,0,0,0,0,0,0,0,0,0,0,0,0,0,26.07,26.07,26.07,26.07,26.07,26.07,26.07,26.07,26.07,26.07,26.07,26.07,26.07,26.07,26.07,26.07,26.07,26.07,26.07,26.07,26.07,26.07,26.07,26.07,26.07,26.07,26.07,26.07,26.07,26.07,26.07,26.07,26.07,26.07,26.07,26.07,26.07,26.07,26.07,26.07,26.07,26.07,26.07,26.07,26.07,26.07,26.07,26.07,26.07,26.07,26.07,26.07,26.07,26.07,26.07,26.07,26.07,26.07,26.07,26.07,26.07,26.07,26.07,0,0,0,0,0,0,0,0,0,0,0,0,0,0,0,0,0,0,0,0,0,0],
[0,0,0,0,0,0,0,0,0,0,0,29.07,29.07,29.07,29.07,29.07,29.07,29.07,29.07,29.07,29.07,29.07,0,0,0,0,0,0,0,0,0,0,0,0,29.07,29.07,29.07,29.07,29.07,29.07,29.07,29.07,29.07,29.07,29.07,29.07,29.07,29.07,29.07,29.07,29.07,29.07,29.07,29.07,29.07,29.07,29.07,29.07,29.07,29.07,29.07,0,0,0,0,0,0,0,0,0,0,0,0,0,0,0,0,0,0,0,0,0,0,0,0,0,0,0,0,0,0,0,0,0,0,26.07,26.07,26.07,26.07,26.07,26.07,26.07,26.07,26.07,26.07,26.07,26.07,26.07,26.07,26.07,26.07,26.07,26.07,26.07,26.07,26.07,26.07,26.07,26.07,26.07,26.07,26.07,26.07,26.07,26.07,26.07,26.07,26.07,26.07,26.07,26.07,26.07,26.07,26.07,26.07,26.07,26.07,26.07,26.07,26.07,26.07,26.07,26.07,26.07,26.07,26.07,26.07,26.07,26.07,26.07,26.07,26.07,26.07,26.07,26.07,26.07,0,0,0,0,0,0,0,0,0,0,0,0,0,0,0,0,0,0,0,0,0,0,0,0],
[0,0,0,0,0,0,0,0,0,0,0,29.07,29.07,29.07,29.07,29.07,29.07,29.07,29.07,29.07,29.07,29.07,0,0,0,0,0,0,0,0,0,0,0,0,0,29.07,29.07,29.07,29.07,29.07,29.07,29.07,29.07,29.07,29.07,29.07,29.07,29.07,29.07,29.07,29.07,29.07,29.07,29.07,29.07,29.07,29.07,29.07,29.07,29.07,29.07,0,0,0,0,0,0,0,0,0,0,0,0,0,0,0,0,0,0,0,0,0,0,0,0,0,0,0,0,0,0,0,0,0,0,26.07,26.07,26.07,26.07,26.07,26.07,26.07,26.07,26.07,26.07,26.07,26.07,26.07,26.07,26.07,26.07,26.07,26.07,26.07,26.07,26.07,26.07,26.07,26.07,26.07,26.07,26.07,26.07,26.07,26.07,26.07,26.07,26.07,26.07,26.07,26.07,26.07,26.07,26.07,26.07,26.07,26.07,26.07,26.07,26.07,26.07,26.07,26.07,26.07,26.07,26.07,26.07,26.07,26.07,26.07,26.07,26.07,26.07,26.07,0,0,0,0,0,0,0,0,0,0,0,0,0,0,0,0,0,0,0,0,0,0,0,0,0,0],
[0,0,0,0,0,0,0,0,0,0,0,29.07,29.07,29.07,29.07,29.07,29.07,29.07,29.07,29.07,29.07,29.07,0,0,0,0,0,0,0,0,0,0,0,0,0,29.07,29.07,29.07,29.07,29.07,29.07,29.07,29.07,29.07,29.07,29.07,29.07,29.07,29.07,29.07,29.07,29.07,29.07,29.07,29.07,29.07,29.07,29.07,29.07,29.07,29.07,0,0,0,0,0,0,0,0,0,0,0,0,0,0,0,0,0,0,0,0,0,0,0,0,0,0,0,0,0,0,0,0,0,0,26.07,26.07,26.07,26.07,26.07,26.07,26.07,26.07,26.07,26.07,26.07,26.07,26.07,26.07,26.07,26.07,26.07,26.07,26.07,26.07,26.07,26.07,26.07,26.07,26.07,26.07,26.07,26.07,26.07,26.07,26.07,26.07,26.07,26.07,26.07,26.07,26.07,26.07,26.07,26.07,26.07,26.07,26.07,26.07,26.07,26.07,26.07,26.07,26.07,26.07,26.07,26.07,26.07,26.07,26.07,26.07,26.07,0,0,0,0,0,0,0,0,0,0,0,0,0,0,0,0,0,0,0,0,0,0,0,0,0,0,0,0],
[0,0,0,0,0,0,0,0,0,0,0,29.07,29.07,29.07,29.07,29.07,29.07,29.07,29.07,29.07,29.07,29.07,0,0,0,0,0,0,0,0,0,0,0,0,0,29.07,29.07,29.07,29.07,29.07,29.07,29.07,29.07,29.07,29.07,29.07,29.07,29.07,29.07,29.07,29.07,29.07,29.07,29.07,29.07,29.07,29.07,29.07,29.07,29.07,29.07,29.07,0,0,0,0,0,0,0,0,0,0,0,0,0,0,0,0,0,0,0,0,0,0,0,0,0,0,0,0,0,0,0,0,0,26.07,26.07,26.07,26.07,26.07,26.07,26.07,26.07,26.07,26.07,26.07,26.07,26.07,26.07,26.07,26.07,26.07,26.07,26.07,26.07,26.07,26.07,26.07,26.07,26.07,26.07,26.07,26.07,26.07,26.07,26.07,26.07,26.07,26.07,26.07,26.07,26.07,26.07,26.07,26.07,26.07,26.07,26.07,26.07,26.07,26.07,26.07,26.07,26.07,26.07,26.07,26.07,26.07,26.07,26.07,0,0,0,0,0,0,0,0,0,0,0,0,0,0,0,0,0,0,0,0,0,0,0,0,0,0,0,0,0,0],
[0,0,0,0,0,0,0,0,0,0,0,29.07,29.07,29.07,29.07,29.07,29.07,29.07,29.07,29.07,29.07,29.07,0,0,0,0,0,0,0,0,0,0,0,0,0,0,29.07,29.07,29.07,29.07,29.07,29.07,29.07,29.07,29.07,29.07,29.07,29.07,29.07,29.07,29.07,29.07,29.07,29.07,29.07,29.07,29.07,29.07,29.07,29.07,29.07,0,0,0,0,0,0,0,0,0,0,0,0,0,0,0,0,0,0,0,0,0,0,0,0,0,0,0,0,0,0,0,0,0,0,26.07,26.07,26.07,26.07,26.07,26.07,26.07,26.07,26.07,26.07,26.07,26.07,26.07,26.07,26.07,26.07,26.07,26.07,26.07,26.07,26.07,26.07,26.07,26.07,26.07,26.07,26.07,26.07,26.07,26.07,26.07,26.07,26.07,26.07,26.07,26.07,26.07,26.07,26.07,26.07,26.07,26.07,26.07,26.07,26.07,26.07,26.07,26.07,26.07,26.07,26.07,26.07,26.07,26.07,0,0,0,0,0,0,0,0,0,0,0,0,0,0,0,0,0,0,0,0,0,0,0,0,0,0,0,0,0,0,0],
[0,0,0,0,0,0,0,0,0,0,0,29.07,29.07,29.07,29.07,29.07,29.07,29.07,29.07,29.07,29.07,29.07,0,0,0,0,0,0,0,0,0,0,0,0,0,0,0,29.07,29.07,29.07,29.07,29.07,29.07,29.07,29.07,29.07,29.07,29.07,29.07,29.07,29.07,29.07,29.07,29.07,29.07,29.07,29.07,29.07,29.07,29.07,0,0,0,0,0,0,0,0,0,0,0,0,0,0,0,0,0,0,0,0,0,0,0,0,0,0,0,0,0,0,0,0,0,0,0,26.07,26.07,26.07,26.07,26.07,26.07,26.07,26.07,26.07,26.07,26.07,26.07,26.07,26.07,26.07,26.07,26.07,26.07,26.07,26.07,26.07,26.07,26.07,26.07,26.07,26.07,26.07,26.07,26.07,26.07,26.07,26.07,26.07,26.07,26.07,26.07,26.07,26.07,26.07,26.07,26.07,26.07,26.07,26.07,26.07,26.07,26.07,26.07,26.07,26.07,26.07,26.07,0,0,0,0,0,0,0,0,0,0,0,0,0,0,0,0,0,0,0,0,0,0,0,0,0,0,0,0,0,0,0,0,0],
[0,0,0,0,0,0,0,0,0,0,0,0,29.07,29.07,29.07,29.07,29.07,29.07,29.07,29.07,0,0,0,0,0,0,0,0,0,0,0,0,0,0,0,0,0,0,29.07,29.07,29.07,29.07,29.07,29.07,29.07,29.07,29.07,29.07,29.07,29.07,29.07,29.07,29.07,29.07,29.07,29.07,29.07,29.07,29.07,29.07,0,0,0,0,0,0,0,0,0,0,0,0,0,0,0,0,0,0,0,0,0,0,0,0,0,0,0,0,0,0,0,0,0,0,0,26.07,26.07,26.07,26.07,26.07,26.07,26.07,26.07,26.07,26.07,26.07,26.07,26.07,26.07,26.07,26.07,26.07,26.07,26.07,26.07,26.07,26.07,26.07,26.07,26.07,26.07,26.07,26.07,26.07,26.07,26.07,26.07,26.07,26.07,26.07,26.07,26.07,26.07,26.07,26.07,26.07,26.07,26.07,26.07,26.07,26.07,26.07,26.07,26.07,26.07,0,0,0,0,0,0,0,0,0,0,0,0,0,0,0,0,0,0,0,0,0,0,0,0,0,0,0,0,0,0,0,0,0,0,0],
[0,0,0,0,0,0,0,0,0,0,0,0,0,0,29.07,29.07,29.07,29.07,29.07,0,0,0,0,0,0,0,0,0,0,0,0,0,0,0,0,0,0,0,29.07,29.07,29.07,29.07,29.07,29.07,29.07,29.07,29.07,29.07,29.07,29.07,29.07,29.07,29.07,29.07,29.07,29.07,29.07,29.07,29.07,29.07,0,0,0,0,0,0,0,0,0,0,0,0,0,0,0,0,0,0,0,0,0,0,0,0,0,0,0,0,0,0,0,0,0,0,0,0,26.07,26.07,26.07,26.07,26.07,26.07,26.07,26.07,26.07,26.07,26.07,26.07,26.07,26.07,26.07,26.07,26.07,26.07,26.07,26.07,26.07,26.07,26.07,26.07,26.07,26.07,26.07,26.07,26.07,26.07,26.07,26.07,26.07,26.07,26.07,26.07,26.07,26.07,26.07,26.07,26.07,26.07,26.07,26.07,26.07,26.07,26.07,0,0,0,0,0,0,0,0,0,0,0,0,0,0,0,0,0,0,0,0,0,0,0,0,0,0,0,0,0,0,0,0,0,0,0,0,0],
[0,0,0,0,0,0,0,0,0,0,0,0,0,0,0,0,29.07,29.07,0,0,0,0,0,0,0,0,0,0,0,0,0,0,0,0,0,0,0,0,0,29.07,29.07,29.07,29.07,29.07,29.07,29.07,29.07,29.07,29.07,29.07,29.07,29.07,29.07,29.07,29.07,29.07,29.07,29.07,29.07,29.07,0,0,0,0,0,0,0,0,0,0,0,0,0,0,0,0,0,0,0,0,0,0,0,0,0,0,0,0,0,0,0,0,0,0,0,0,26.07,26.07,26.07,26.07,26.07,26.07,26.07,26.07,26.07,26.07,26.07,26.07,26.07,26.07,26.07,26.07,26.07,26.07,26.07,26.07,26.07,26.07,26.07,26.07,26.07,26.07,26.07,26.07,26.07,26.07,26.07,26.07,26.07,26.07,26.07,26.07,26.07,26.07,26.07,26.07,26.07,26.07,26.07,26.07,26.07,0,0,0,0,0,0,0,0,0,0,0,0,0,0,0,0,0,0,0,0,0,0,0,0,0,0,0,0,0,0,0,0,0,0,0,0,0,0,0],
[0,0,0,0,0,0,0,0,0,0,0,0,0,0,0,0,0,0,0,0,0,0,0,0,0,0,0,0,0,0,0,0,0,0,0,0,0,0,0,0,29.07,29.07,29.07,29.07,29.07,29.07,29.07,29.07,29.07,29.07,29.07,29.07,29.07,29.07,29.07,29.07,29.07,29.07,29.07,29.07,0,0,0,0,0,0,0,0,0,0,0,0,0,0,0,0,0,0,0,0,0,0,0,0,0,0,0,0,0,0,0,0,0,0,0,0,0,26.07,26.07,26.07,26.07,26.07,26.07,26.07,26.07,26.07,26.07,26.07,26.07,26.07,26.07,26.07,26.07,26.07,26.07,26.07,26.07,26.07,26.07,26.07,26.07,26.07,26.07,26.07,26.07,26.07,26.07,26.07,26.07,26.07,26.07,26.07,26.07,26.07,26.07,26.07,26.07,26.07,26.07,0,0,0,0,0,0,0,0,0,0,0,0,0,0,0,0,0,0,0,0,0,0,0,0,0,0,0,0,0,0,0,0,0,0,0,0,0,0,0,0,0],
[0,0,0,0,0,0,0,0,0,0,0,0,0,0,0,0,0,0,0,0,0,0,0,0,0,0,0,0,0,0,0,0,0,0,0,0,0,0,0,0,29.07,29.07,29.07,29.07,29.07,29.07,29.07,29.07,29.07,29.07,29.07,29.07,29.07,29.07,29.07,29.07,29.07,29.07,29.07,0,0,0,0,0,0,0,0,0,0,0,0,0,0,0,0,0,0,0,0,0,0,0,0,0,0,0,0,0,0,0,0,0,0,0,0,0,0,26.07,26.07,26.07,26.07,26.07,26.07,26.07,26.07,26.07,26.07,26.07,26.07,26.07,26.07,26.07,26.07,26.07,26.07,26.07,26.07,26.07,26.07,26.07,26.07,26.07,26.07,26.07,26.07,26.07,26.07,26.07,26.07,26.07,26.07,26.07,26.07,26.07,26.07,26.07,0,0,0,0,0,0,0,0,0,0,0,0,0,0,0,0,0,0,0,0,0,0,0,0,0,0,0,0,0,0,0,0,0,0,0,0,0,0,0,0,0,0,0,0],
[0,0,0,0,0,0,0,0,0,0,0,0,0,0,0,0,0,0,0,0,0,0,0,0,0,0,0,0,0,0,0,0,0,0,0,0,0,0,0,0,29.07,29.07,29.07,29.07,29.07,29.07,29.07,29.07,29.07,29.07,29.07,29.07,29.07,29.07,29.07,29.07,29.07,29.07,29.07,0,0,0,0,0,0,0,0,0,0,0,0,0,0,0,0,0,0,0,0,0,0,0,0,0,0,0,0,0,0,0,0,0,0,0,0,0,0,0,26.07,26.07,26.07,26.07,26.07,26.07,26.07,26.07,26.07,26.07,26.07,26.07,26.07,26.07,26.07,26.07,26.07,26.07,26.07,26.07,26.07,26.07,26.07,26.07,26.07,26.07,26.07,26.07,26.07,26.07,26.07,26.07,26.07,26.07,26.07,26.07,0,0,0,0,0,0,0,0,0,0,0,0,0,0,0,0,0,0,0,0,0,0,0,0,0,0,0,0,0,0,0,0,0,0,0,0,0,0,0,0,0,0,0,0,0,0],
[0,0,0,0,0,0,0,0,0,0,0,0,0,0,0,0,0,0,0,0,0,0,0,0,0,0,0,0,0,0,0,0,0,0,0,0,0,0,0,0,29.07,29.07,29.07,29.07,29.07,29.07,29.07,29.07,29.07,29.07,29.07,29.07,29.07,29.07,29.07,29.07,29.07,29.07,29.07,29.07,0,0,0,0,0,0,0,0,0,0,0,0,0,0,0,0,0,0,0,0,0,0,0,0,0,0,0,0,0,0,0,0,0,0,0,0,0,0,26.07,26.07,26.07,26.07,26.07,26.07,26.07,26.07,26.07,26.07,26.07,26.07,26.07,26.07,26.07,26.07,26.07,26.07,26.07,26.07,26.07,26.07,26.07,26.07,26.07,26.07,26.07,26.07,26.07,26.07,26.07,26.07,26.07,26.07,0,0,0,0,0,0,0,0,0,0,0,0,0,0,0,0,0,0,0,0,0,0,0,0,0,0,0,0,0,0,0,0,0,0,0,0,0,0,0,0,0,0,0,0,0,0,0,0],
[0,0,0,0,0,0,0,0,0,0,0,0,0,0,0,0,0,0,0,0,0,0,0,0,0,0,0,0,0,0,0,0,0,0,0,0,0,0,0,0,29.07,29.07,29.07,29.07,29.07,29.07,29.07,29.07,29.07,29.07,29.07,29.07,29.07,29.07,29.07,29.07,29.07,29.07,29.07,29.07,0,0,0,0,0,0,0,0,0,0,0,0,0,0,0,0,0,0,0,0,0,0,0,0,0,0,0,0,0,0,0,0,0,0,0,0,0,0,0,0,26.07,26.07,26.07,26.07,26.07,26.07,26.07,26.07,26.07,26.07,26.07,26.07,26.07,26.07,26.07,26.07,26.07,26.07,26.07,26.07,26.07,26.07,26.07,26.07,26.07,26.07,26.07,26.07,26.07,26.07,0,0,0,0,0,0,0,0,0,0,0,0,0,0,0,0,0,0,0,0,0,0,0,0,0,0,0,0,0,0,0,0,0,0,0,0,0,0,0,0,0,0,0,0,0,0,0,0,0,0],
[0,0,0,0,0,0,0,0,0,0,0,0,0,0,0,0,0,0,0,0,0,0,0,0,0,0,0,0,0,0,0,0,0,0,0,0,0,0,0,0,29.07,29.07,29.07,29.07,29.07,29.07,29.07,29.07,29.07,29.07,29.07,29.07,29.07,29.07,29.07,29.07,29.07,29.07,29.07,0,0,0,0,0,0,0,0,0,0,0,0,0,0,0,0,0,0,0,0,0,0,0,0,0,0,0,0,0,0,0,0,0,0,0,0,0,0,0,0,0,0,26.07,26.07,26.07,26.07,26.07,26.07,26.07,26.07,26.07,26.07,26.07,26.07,26.07,26.07,26.07,26.07,26.07,26.07,26.07,26.07,26.07,26.07,26.07,26.08,26.08,26.08,26.08,26.08,0,0,0,0,0,0,0,0,0,0,0,0,0,0,0,0,0,0,0,0,0,0,0,0,0,0,0,0,0,0,0,0,0,0,0,0,0,0,0,0,0,0,0,0,0,0,0,0,0,0,0],
[0,0,0,0,0,0,0,0,0,0,0,0,0,0,0,0,0,0,0,0,0,0,0,0,0,0,0,0,0,0,0,0,0,0,0,0,0,0,0,0,29.07,29.07,29.07,29.07,29.07,29.07,29.07,29.07,29.07,29.07,29.07,29.07,29.07,29.07,29.07,29.07,29.07,29.07,0,0,0,0,0,0,0,0,0,0,0,0,0,0,0,0,0,0,0,0,0,0,0,0,0,0,0,0,0,0,0,0,0,0,0,0,0,0,0,0,0,0,0,0,0,26.07,26.07,26.07,26.07,26.07,26.07,26.07,26.07,26.07,26.07,26.07,26.07,26.07,26.07,26.07,26.07,26.08,26.08,26.08,26.08,26.08,26.09,26.09,26.09,26.09,0,0,0,0,0,0,0,0,0,0,0,0,0,0,0,0,0,0,0,0,0,0,0,0,0,0,0,0,0,0,0,0,0,0,0,0,0,0,0,0,0,0,0,0,0,0,0,0,0,0,0,0],
[0,0,0,0,0,0,0,0,0,0,0,0,0,0,0,0,0,0,0,0,0,0,0,0,0,0,0,0,0,0,0,0,0,0,0,0,0,0,0,0,0,29.07,29.07,29.07,29.07,29.07,29.07,29.07,29.07,29.07,29.07,29.07,29.07,29.07,29.07,29.07,29.07,29.07,0,0,0,0,0,0,0,0,0,0,0,0,0,0,0,0,0,0,0,0,0,0,0,0,0,0,0,0,0,0,0,0,0,0,0,0,0,0,0,0,0,0,0,0,0,0,0,26.07,26.07,26.07,26.07,26.07,26.07,26.07,26.07,26.07,26.08,26.08,26.08,26.08,26.08,26.09,26.09,26.09,26.09,26.10,26.10,26.10,26.10,0,0,0,0,0,0,0,0,0,0,0,0,0,0,0,0,0,0,0,0,0,0,0,0,0,0,0,0,0,0,0,0,0,0,0,0,0,0,0,0,0,0,0,0,0,0,0,0,0,0,0,0,0],
[0,0,0,0,0,0,0,0,0,0,0,0,0,0,0,0,0,0,0,0,0,0,0,0,0,0,0,0,0,0,0,0,0,0,0,0,0,0,0,0,0,29.07,29.07,29.07,29.07,29.07,29.07,29.07,29.07,29.07,29.07,29.07,29.07,29.07,29.07,29.07,29.19,29.50,29.84,0,0,0,0,0,0,0,0,0,0,0,0,0,0,0,0,0,0,0,0,0,0,0,0,0,0,0,0,0,0,0,0,0,0,0,0,0,0,0,0,0,0,0,0,0,0,0,26.07,26.10,26.07,26.08,26.08,26.08,26.08,26.08,26.09,26.09,26.09,26.09,26.10,26.10,26.10,26.10,26.11,26.11,26.11,26.11,0,0,0,0,0,0,0,0,0,0,0,0,0,0,0,0,0,0,0,0,0,0,0,0,0,0,0,0,0,0,0,0,0,0,0,0,0,0,0,0,0,0,0,0,0,0,0,0,0,0,0,0,0,0],
[0,0,0,0,0,0,0,0,0,0,0,0,0,0,0,0,0,0,0,0,0,0,0,0,0,0,0,0,0,0,0,0,0,0,0,0,0,0,0,0,0,0,29.07,29.07,29.07,29.07,29.07,29.07,29.07,29.07,29.07,29.07,29.07,29.07,29.07,29.12,29.41,29.72,30.03,30.36,0,0,0,0,0,0,0,0,0,0,0,0,0,0,0,0,0,0,0,0,0,0,0,0,0,0,0,0,0,0,0,0,0,0,0,0,0,0,0,0,0,0,0,0,0,0,26.33,26.26,26.20,26.14,26.10,26.09,26.09,26.10,26.10,26.10,26.10,26.10,26.11,26.11,26.11,26.11,26.12,26.12,26.11,0,0,0,0,0,0,0,0,0,0,0,0,0,0,0,0,0,0,0,0,0,0,0,0,0,0,0,0,0,0,0,0,0,0,0,0,0,0,0,0,0,0,0,0,0,0,0,0,0,0,0,0,0,0,0],
[0,0,0,0,0,0,0,0,0,0,0,0,0,0,0,0,0,0,0,0,0,0,0,0,0,0,0,0,0,0,0,0,0,0,0,0,0,0,0,0,0,0,29.07,29.07,29.07,29.07,29.07,29.07,29.07,29.07,29.07,29.07,29.07,29.07,29.11,29.34,29.66,29.97,30.27,30.57,30.70,30.65,0,0,0,0,0,0,0,0,0,0,0,0,0,0,0,0,0,0,0,0,0,0,0,0,0,0,0,0,0,0,0,0,0,0,0,0,0,0,0,0,0,0,0,0,26.51,26.45,26.39,26.33,26.27,26.21,26.15,26.11,26.11,26.11,26.11,26.12,26.12,26.12,26.12,26.13,26.13,26.12,0,0,0,0,0,0,0,0,0,0,0,0,0,0,0,0,0,0,0,0,0,0,0,0,0,0,0,0,0,0,0,0,0,0,0,0,0,0,0,0,0,0,0,0,0,0,0,0,0,0,0,0,0,0,0,0],
[0,0,0,0,0,0,0,0,0,0,0,0,0,0,0,0,0,0,0,0,0,0,0,0,0,0,0,0,0,0,0,0,0,0,0,0,0,0,0,0,0,0,0,29.07,29.07,29.07,29.07,29.07,29.07,29.07,29.07,29.07,29.07,29.07,29.26,29.58,29.91,30.22,30.52,30.72,30.68,30.65,30.65,0,0,0,0,0,0,0,0,0,0,0,0,0,0,0,0,0,0,0,0,0,0,0,0,0,0,0,0,0,0,0,0,0,0,0,0,0,0,0,0,0,0,26.77,26.70,26.64,26.57,26.51,26.45,26.39,26.33,26.27,26.21,26.15,26.13,26.13,26.13,26.13,26.13,26.14,26.13,0,0,0,0,0,0,0,0,0,0,0,0,0,0,0,0,0,0,0,0,0,0,0,0,0,0,0,0,0,0,0,0,0,0,0,0,0,0,0,0,0,0,0,0,0,0,0,0,0,0,0,0,0,0,0,0,0],
[0,0,0,0,0,0,0,0,0,0,0,0,0,0,0,0,0,0,0,0,0,0,0,0,0,0,0,0,0,0,0,0,0,0,0,0,0,0,0,0,0,0,0,29.07,29.07,29.07,29.07,29.07,29.07,29.07,29.07,29.07,29.07,29.20,29.50,29.83,30.16,30.47,30.66,30.70,30.66,30.65,30.65,30.65,0,0,0,0,0,0,0,0,0,0,0,0,0,0,0,0,0,0,0,0,0,0,0,0,0,0,0,0,0,0,0,0,0,0,0,0,0,0,0,0,0,26.95,26.88,26.82,26.76,26.70,26.64,26.58,26.52,26.45,26.39,26.33,26.27,26.21,26.15,26.14,26.15,26.14,0,0,0,0,0,0,0,0,0,0,0,0,0,0,0,0,0,0,0,0,0,0,0,0,0,0,0,0,0,0,0,0,0,0,0,0,0,0,0,0,0,0,0,0,0,0,0,0,0,0,0,0,0,0,0,0,0,0],
[0,0,0,0,0,0,0,0,0,0,0,0,0,0,0,0,0,0,0,0,0,0,0,0,0,0,0,0,0,0,0,0,0,0,0,0,0,0,0,0,0,0,0,0,29.07,29.07,29.07,29.07,29.07,29.07,29.07,29.07,29.07,0,29.73,30.06,30.39,30.59,30.68,30.69,30.65,30.65,30.65,30.65,30.65,0,0,0,0,0,0,0,0,0,0,0,0,0,0,0,0,0,0,0,0,0,0,0,0,0,0,0,0,0,0,0,0,0,0,0,0,0,0,0,27.22,27.15,27.09,27.03,26.97,26.91,26.85,26.79,26.73,26.66,26.60,26.53,26.47,26.40,26.34,26.27,26.21,0,0,0,0,0,0,0,0,0,0,0,0,0,0,0,0,0,0,0,0,0,0,0,0,0,0,0,0,0,0,0,0,0,0,0,0,0,0,0,0,0,0,0,0,0,0,0,0,0,0,0,0,0,0,0,0,0,0,0],
[0,0,0,0,0,0,0,0,0,0,0,0,0,0,0,0,0,0,0,0,0,0,0,0,0,0,0,0,0,0,0,0,0,0,0,0,0,0,0,0,0,0,0,0,0,29.07,29.07,29.07,29.07,29.07,29.07,29.07,0,0,0,30.28,30.58,30.66,30.67,30.68,30.65,30.65,30.65,30.65,30.65,30.65,30.65,0,0,0,0,0,0,0,0,0,0,0,0,0,0,0,0,0,0,29.15,29.15,29.15,29.15,0,0,0,0,0,0,0,0,0,0,0,0,0,0,0,27.31,27.31,27.30,27.23,27.17,27.10,27.04,26.97,26.91,26.84,26.77,26.71,26.64,26.58,26.51,26.45,0,0,0,0,0,0,0,0,0,0,0,0,0,0,0,0,0,0,0,0,0,0,0,0,0,0,0,0,0,0,0,0,0,0,0,0,0,0,0,0,0,0,0,0,0,0,0,0,0,0,0,0,0,0,0,0,0,0,0,0],
[0,0,0,0,0,0,0,0,0,0,0,0,0,0,0,0,0,0,0,0,0,0,0,0,0,0,0,0,0,0,0,0,0,0,0,0,0,0,0,0,0,0,0,0,0,0,29.07,29.07,29.07,29.07,29.07,29.07,0,0,0,0,30.63,30.65,30.66,30.67,30.65,30.65,30.65,30.65,30.65,30.65,30.65,30.65,0,0,0,0,0,0,0,0,0,0,0,0,0,0,0,0,29.15,29.15,29.15,29.15,29.15,29.15,29.15,0,0,0,0,0,0,0,0,0,0,0,0,0,27.30,27.30,27.31,27.30,27.29,27.28,27.21,27.15,27.08,27.01,26.95,26.88,26.82,26.75,26.69,26.62,0,0,0,0,0,0,0,0,0,0,0,0,0,0,0,0,0,0,0,0,0,0,0,0,0,0,0,0,0,0,0,0,0,0,0,0,0,0,0,0,0,0,0,0,0,0,0,0,0,0,0,0,0,0,0,0,0,0,0,0],
[0,0,0,0,0,0,0,0,0,0,0,0,0,0,0,0,0,0,0,0,0,0,0,0,0,0,0,0,0,0,0,0,0,0,0,0,0,0,0,0,0,0,0,0,0,0,0,29.07,29.07,29.07,29.07,0,0,0,0,0,0,30.65,30.65,30.65,30.65,30.65,30.65,30.65,30.65,30.65,30.65,30.65,30.65,0,0,0,0,0,0,0,0,0,0,0,0,0,0,0,29.15,29.15,29.15,29.15,29.15,29.15,29.15,29.15,0,0,0,0,0,0,0,0,0,0,0,27.29,27.29,27.29,27.29,27.30,27.29,27.29,27.28,27.28,27.26,27.19,27.12,27.06,26.99,26.93,26.86,26.80,0,0,0,0,0,0,0,0,0,0,0,0,0,0,0,0,0,0,0,0,0,0,0,0,0,0,0,0,0,0,0,0,0,0,0,0,0,0,0,0,0,0,0,0,0,0,0,0,0,0,0,0,0,0,0,0,0,0,0,0],
[0,0,0,0,0,0,0,0,0,0,0,0,0,0,0,0,0,0,0,0,0,0,0,0,0,0,0,0,0,0,0,0,0,0,0,0,0,0,0,0,0,0,0,0,0,0,0,0,29.07,29.07,0,0,0,0,0,0,0,0,0,30.65,30.65,30.65,30.65,30.65,30.65,30.65,30.65,30.65,30.65,30.65,30.65,0,0,0,0,0,0,0,0,0,0,0,0,29.15,29.15,29.15,29.15,29.15,29.15,29.15,29.15,29.15,0,0,0,0,0,0,0,0,0,0,0,27.28,27.28,27.28,27.28,27.29,27.29,27.28,27.28,27.27,27.27,27.26,27.26,27.23,27.17,27.10,27.04,26.98,0,0,0,0,0,0,0,0,0,0,0,0,0,0,0,0,0,0,0,0,0,0,0,0,0,0,0,0,0,0,0,0,0,0,0,0,0,0,0,0,0,0,0,0,0,0,0,0,0,0,0,0,0,0,0,0,0,0,0,0],
[0,0,0,0,0,0,0,0,0,0,0,0,0,0,0,0,0,0,0,0,0,0,0,0,0,0,0,0,0,0,0,0,0,0,0,0,0,0,0,0,0,0,0,0,0,0,0,0,0,0,0,0,0,0,0,0,0,0,0,0,30.65,30.65,30.65,30.65,30.65,30.65,30.65,30.65,30.65,30.65,30.65,30.65,0,0,0,0,0,0,0,0,0,0,29.15,29.15,29.15,29.15,29.15,29.15,29.15,29.15,29.15,0,0,0,0,0,0,0,0,0,0,0,0,27.27,27.27,27.27,27.27,27.28,27.28,27.28,27.28,27.27,27.26,27.26,27.25,27.25,27.24,27.24,27.21,0,0,0,0,0,0,0,0,0,0,0,0,0,0,0,0,0,0,0,0,0,0,0,0,0,0,0,0,0,0,0,0,0,0,0,0,0,0,0,0,0,0,0,0,0,0,0,0,0,0,0,0,0,0,0,0,0,0,0,0,0],
[0,0,0,0,0,0,0,0,0,0,0,0,0,0,0,0,0,0,0,0,0,0,0,0,0,0,0,0,0,0,0,0,0,0,0,0,0,0,0,0,0,0,0,0,0,0,0,0,0,0,0,0,0,0,0,0,0,0,0,0,0,0,30.65,30.65,30.65,30.65,30.65,30.65,30.65,30.65,30.65,30.65,30.65,0,0,0,0,0,0,0,0,29.15,29.15,29.15,29.15,29.15,29.15,29.15,29.15,29.15,29.15,0,0,27.23,27.23,27.23,0,0,0,0,0,0,27.25,27.26,27.26,27.26,27.26,27.27,27.27,27.27,27.27,27.27,27.26,27.26,27.25,27.25,27.24,27.23,27.23,0,0,0,0,0,0,0,0,0,0,0,0,0,0,0,0,0,0,0,0,0,0,0,0,0,0,0,0,0,0,0,0,0,0,0,0,0,0,0,0,0,0,0,0,0,0,0,0,0,0,0,0,0,0,0,0,0,0,0,0,0],
[0,0,0,0,0,0,0,0,0,0,0,0,0,0,0,0,0,0,0,0,0,0,0,0,0,0,0,0,0,0,0,0,0,0,0,0,0,0,0,0,0,0,0,0,0,0,0,0,0,0,0,0,0,0,0,0,0,0,0,0,0,0,0,30.65,30.65,30.65,30.65,30.65,30.65,30.65,30.65,30.65,30.65,30.65,30.65,0,0,0,0,0,0,29.15,29.15,29.15,29.15,29.15,29.15,29.15,29.15,29.15,29.15,0,0,27.23,27.23,27.23,27.23,27.23,27.23,0,0,0,27.24,27.25,27.25,27.25,27.25,27.26,27.26,27.26,27.26,27.26,27.26,27.25,27.25,27.24,27.24,27.23,0,0,0,0,0,0,0,0,0,0,0,0,0,0,0,0,0,0,0,0,0,0,0,0,0,0,0,0,0,0,0,0,0,0,0,0,0,0,0,0,0,0,0,0,0,0,0,0,0,0,0,0,0,0,0,0,0,0,0,0,0,0],
[0,0,0,0,0,0,0,0,0,0,0,0,0,0,0,0,0,0,0,0,0,0,0,0,0,0,0,0,0,0,0,0,0,0,0,0,0,0,0,0,0,0,0,0,0,0,0,0,0,0,0,0,0,0,0,0,0,0,0,0,0,0,0,0,30.65,30.65,30.65,30.65,30.65,30.65,30.65,30.65,30.65,30.65,30.65,30.65,0,0,0,0,29.15,29.15,29.15,29.15,29.15,29.15,29.15,29.15,29.15,29.15,0,0,0,27.23,27.23,27.23,27.23,27.23,27.23,27.23,27.23,27.23,27.23,27.24,27.24,27.24,27.24,27.24,27.25,27.25,27.25,27.25,27.26,27.25,27.25,27.24,27.23,27.23,0,0,0,0,0,0,0,0,0,0,0,0,0,0,0,0,0,0,0,0,0,0,0,0,0,0,0,0,0,0,0,0,0,0,0,0,0,0,0,0,0,0,0,0,0,0,0,0,0,0,0,0,0,0,0,0,0,0,0,0,0,0],
[0,0,0,0,0,0,0,0,0,0,0,0,0,0,0,0,0,0,0,0,0,0,0,0,0,0,0,0,0,0,0,0,0,0,0,0,0,0,0,0,0,0,0,0,0,0,0,0,0,0,0,0,0,0,0,0,0,0,0,0,0,0,0,0,0,30.65,30.65,30.65,30.65,30.65,30.65,30.65,30.65,30.65,30.65,30.66,30.46,0,0,29.15,29.15,29.15,29.15,29.15,29.15,29.15,29.15,29.15,29.15,29.15,0,0,27.23,27.23,27.23,27.23,27.23,27.23,27.23,27.23,27.23,27.24,27.24,27.23,27.23,27.23,27.23,27.23,27.24,27.24,27.24,27.24,27.24,27.25,27.24,27.24,27.23,0,0,0,0,0,0,0,0,0,0,0,0,0,0,0,0,0,0,0,0,0,0,0,0,0,0,0,0,0,0,0,0,0,0,0,0,0,0,0,0,0,0,0,0,0,0,0,0,0,0,0,0,0,0,0,0,0,0,0,0,0,0,0],
[0,0,0,0,0,0,0,0,0,0,0,0,0,0,0,0,0,0,0,0,0,0,0,0,0,0,0,0,0,0,0,0,0,0,0,0,0,0,0,0,0,0,0,0,0,0,0,0,0,0,0,0,0,0,0,0,0,0,0,0,0,0,0,0,0,0,0,30.65,30.65,30.65,30.65,30.65,30.65,30.65,30.68,30.59,30.16,29.85,29.15,29.15,29.15,29.15,29.15,29.15,29.15,29.15,29.15,29.15,29.15,0,0,0,0,27.23,27.23,27.23,27.23,27.23,27.23,27.23,27.25,27.25,27.24,27.24,27.24,27.24,27.23,27.23,27.23,27.23,27.23,27.23,27.23,27.24,27.24,27.23,27.23,0,0,0,0,0,0,0,0,0,0,0,0,0,0,0,0,0,0,0,0,0,0,0,0,0,0,0,0,0,0,0,0,0,0,0,0,0,0,0,0,0,0,0,0,0,0,0,0,0,0,0,0,0,0,0,0,0,0,0,0,0,0,0],
[0,0,0,0,0,0,0,0,0,0,0,0,0,0,0,0,0,0,0,0,0,0,0,0,0,0,0,0,0,0,0,0,0,0,0,0,0,0,0,0,0,0,0,0,0,0,0,0,0,0,0,0,0,0,0,0,0,0,0,0,0,0,0,0,0,0,0,0,30.65,30.65,30.65,30.65,30.65,30.65,30.72,30.36,29.95,29.53,29.15,29.15,29.15,29.15,29.15,29.15,29.15,29.15,29.15,29.15,29.15,0,29.06,28.90,28.56,28.22,0,0,27.23,27.23,27.24,27.26,27.26,27.25,27.25,27.25,27.25,27.24,27.24,27.24,27.24,27.23,27.23,27.23,27.23,27.23,27.23,27.23,0,0,0,0,0,0,0,0,0,0,0,0,0,0,0,0,0,0,0,0,0,0,0,0,0,0,0,0,0,0,0,0,0,0,0,0,0,0,0,0,0,0,0,0,0,0,0,0,0,0,0,0,0,0,0,0,0,0,0,0,0,0,0,0],
[0,0,0,0,0,0,0,0,0,0,0,0,0,0,0,0,0,0,0,0,0,0,0,0,0,0,0,0,0,0,0,0,0,0,0,0,0,0,0,0,0,0,0,0,0,0,0,0,0,0,0,0,0,0,0,0,0,0,0,0,0,0,0,0,0,0,0,0,0,30.65,30.65,30.65,30.65,30.68,30.43,30.06,29.40,29.30,29.16,29.15,29.15,29.15,29.15,29.15,29.15,29.15,29.15,29.15,29.15,0,29.01,28.75,28.43,28.10,27.77,27.43,27.23,27.25,27.27,27.27,27.27,27.26,27.26,27.26,27.25,27.25,27.25,27.25,27.24,27.24,27.24,27.23,27.23,27.23,27.23,27.23,27.23,0,0,0,0,0,0,0,0,0,0,0,0,0,0,0,0,0,0,0,0,0,0,0,0,0,0,0,0,0,0,0,0,0,0,0,0,0,0,0,0,0,0,0,0,0,0,0,0,0,0,0,0,0,0,0,0,0,0,0,0,0,0,0],
[0,0,0,0,0,0,0,0,0,0,0,0,0,0,0,0,0,0,0,0,0,0,0,0,0,0,0,0,0,0,0,0,0,0,0,0,0,0,0,0,0,0,0,0,0,0,0,0,0,0,0,0,0,0,0,0,0,0,0,0,0,0,0,0,0,0,0,0,0,0,0,30.65,30.65,30.44,30.13,29.48,29.39,29.20,29.18,29.15,29.15,29.15,29.15,29.15,29.15,29.15,29.15,29.15,0,29.04,28.95,28.62,28.29,27.97,27.64,27.38,27.26,27.28,27.28,27.28,27.27,27.27,27.27,27.26,27.26,27.26,27.26,27.25,27.25,27.25,27.25,27.24,27.24,27.24,27.23,27.23,27.23,27.23,0,0,0,0,0,0,0,0,0,0,0,0,0,0,0,0,0,0,0,0,0,0,0,0,0,0,0,0,0,0,0,0,0,0,0,0,0,0,0,0,0,0,0,0,0,0,0,0,0,0,0,0,0,0,0,0,0,0,0,0,0,0],
[0,0,0,0,0,0,0,0,0,0,0,0,0,0,0,0,0,0,0,0,0,0,0,0,0,0,0,0,0,0,0,0,0,0,0,0,0,0,0,0,0,0,0,0,0,0,0,0,0,0,0,0,0,0,0,0,0,0,0,0,0,0,0,0,0,0,0,0,0,0,0,0,30.53,30.15,29.56,29.48,29.23,29.22,29.20,29.17,29.15,29.15,29.15,29.15,29.15,29.15,29.15,29.15,29.15,29.12,28.83,28.51,28.18,27.86,27.57,27.29,27.29,27.29,27.29,27.28,27.28,27.28,27.28,27.27,27.27,27.27,27.26,27.26,27.26,27.26,27.25,27.25,27.25,27.25,27.24,27.24,27.24,27.23,27.23,27.23,27.23,0,0,0,0,0,0,0,0,0,0,0,0,0,0,0,0,0,0,0,0,0,0,0,0,0,0,0,0,0,0,0,0,0,0,0,0,0,0,0,0,0,0,0,0,0,0,0,0,0,0,0,0,0,0,0,0,0,0,0],
[0,0,0,0,0,0,0,0,0,0,0,0,0,0,0,0,0,0,0,0,0,0,0,0,0,0,0,0,0,0,0,0,0,0,0,0,0,0,0,0,0,0,0,0,0,0,0,0,0,0,0,0,0,0,0,0,0,0,0,0,0,0,0,0,0,0,0,0,0,0,0,0,0,0,29.51,29.23,29.23,29.22,29.21,29.19,29.16,29.15,29.15,29.15,29.15,29.15,29.15,29.15,29.15,29.09,28.72,28.39,28.07,27.76,27.47,27.29,27.30,27.30,27.29,27.29,27.29,27.29,27.28,27.28,27.28,27.28,27.27,27.27,27.26,27.26,27.26,27.25,27.25,27.25,27.24,27.24,27.24,27.24,27.24,27.23,27.23,27.23,27.23,27.23,0,0,0,0,0,0,0,0,0,0,0,0,0,0,0,0,0,0,0,0,0,0,0,0,0,0,0,0,0,0,0,0,0,0,0,0,0,0,0,0,0,0,0,0,0,0,0,0,0,0,0,0,0,0,0,0],
[0,0,0,0,0,0,0,0,0,0,0,0,0,0,0,0,0,0,0,0,0,0,0,0,0,0,0,0,0,0,0,0,0,0,0,0,0,0,0,0,0,0,0,0,0,0,0,0,0,0,0,0,0,0,0,0,0,0,0,0,0,0,0,0,0,0,0,0,0,0,0,0,0,0,29.15,29.16,29.20,29.22,29.21,29.20,29.18,29.15,29.15,29.15,29.15,29.15,29.15,29.15,29.15,28.97,28.60,28.28,27.95,27.60,27.39,27.31,27.31,27.31,27.30,27.30,27.29,27.29,27.29,27.28,27.28,27.27,27.27,27.27,27.26,27.26,27.26,27.26,27.25,27.25,27.25,27.25,27.24,27.24,27.24,27.24,27.23,27.23,27.23,27.23,27.23,27.23,27.23,27.23,27.23,27.23,0,0,0,0,0,0,0,0,0,0,0,0,0,0,0,0,0,0,0,0,0,0,0,0,0,0,0,0,0,0,0,0,0,0,0,0,0,0,0,0,0,0,0,0,0,0,0,0,0,0],
[0,0,0,0,0,0,0,0,0,0,0,0,0,0,0,0,0,0,0,0,0,0,0,0,0,0,0,0,0,0,0,0,0,0,0,0,0,0,0,0,0,0,0,0,0,0,0,0,0,0,0,0,0,0,0,0,0,0,0,0,0,0,0,0,0,0,0,0,0,0,0,0,0,29.15,29.15,29.15,29.15,29.16,29.20,29.20,29.19,29.17,29.15,29.15,29.15,29.15,29.15,29.15,29.13,28.84,28.49,28.16,27.72,27.58,27.32,27.31,27.31,27.30,27.30,27.30,27.29,27.29,27.29,27.28,27.28,27.27,27.27,27.27,27.27,27.26,27.26,27.26,27.26,27.25,27.25,27.25,27.25,27.25,27.24,27.24,27.24,27.24,27.23,27.23,27.23,27.23,27.23,27.23,27.23,27.23,0,0,0,0,0,0,0,0,0,0,0,0,0,0,0,0,0,0,0,0,0,0,0,0,0,0,0,0,0,0,0,0,0,0,0,0,0,0,0,0,0,0,0,0,0,0,0,0,0,0],
[0,0,0,0,0,0,0,0,0,0,0,0,0,0,0,0,0,0,0,0,0,0,0,0,0,0,0,0,0,0,0,0,0,0,0,0,0,0,0,0,0,0,0,0,0,0,0,0,0,0,0,0,0,0,0,0,0,0,0,0,0,0,0,0,0,0,0,0,0,0,0,0,29.15,29.15,29.15,29.15,29.15,29.15,29.15,29.16,29.19,29.18,29.16,29.15,29.15,29.15,29.15,29.15,29.05,28.72,28.37,28.05,27.76,27.49,27.32,27.31,27.31,27.30,27.30,27.30,27.29,27.29,27.28,27.28,27.28,27.28,27.27,27.27,27.27,27.27,27.27,27.26,27.26,27.26,27.26,27.25,27.25,27.25,27.25,27.25,27.24,27.24,27.24,27.24,27.23,27.23,27.23,27.23,27.23,27.23,0,0,0,0,0,0,0,0,0,0,0,0,0,0,0,0,0,0,0,0,0,0,0,0,0,0,0,0,0,0,0,0,0,0,0,0,0,0,0,0,0,0,0,0,0,0,0,0,0,0],
[0,0,0,0,0,0,0,0,0,0,0,0,0,0,0,0,0,0,0,0,0,0,0,0,0,0,0,0,0,0,0,0,0,0,0,0,0,0,0,0,0,0,0,0,0,0,0,0,0,0,0,0,0,0,0,0,0,0,0,0,0,0,0,0,0,0,0,0,0,0,0,0,29.15,29.15,29.15,29.15,29.15,29.15,29.15,29.15,29.15,29.16,29.17,29.15,29.15,29.15,29.15,29.12,28.93,28.60,28.26,27.90,27.67,27.39,27.31,27.31,27.31,27.30,27.30,27.30,27.29,27.29,27.29,27.29,27.28,27.28,27.28,27.28,27.27,27.27,27.27,27.27,27.27,27.26,27.26,27.26,27.26,27.25,27.25,27.25,27.25,27.24,27.24,27.24,27.24,27.24,27.23,27.23,27.23,27.23,0,0,0,0,0,0,0,0,0,0,0,0,0,0,0,0,0,0,0,0,0,0,0,0,0,0,0,0,0,0,0,0,0,0,0,0,0,0,0,0,0,0,0,0,0,0,0,0,0,0],
[0,0,0,0,0,0,0,0,0,0,0,0,0,0,0,0,0,0,0,0,0,0,0,0,0,0,0,0,0,0,0,0,0,0,0,0,0,0,0,0,0,0,0,0,0,0,0,0,0,0,0,0,0,0,0,0,0,0,0,0,0,0,0,0,0,0,0,0,0,0,0,29.15,29.15,29.15,29.15,29.15,29.15,29.15,29.15,29.15,29.15,29.15,29.15,29.16,29.15,29.15,29.15,29.08,28.80,28.48,28.14,27.85,27.57,27.32,27.31,27.31,27.31,27.30,27.30,27.30,27.30,27.29,27.29,27.29,27.29,27.29,27.28,27.28,27.28,27.28,27.27,27.27,27.27,27.27,27.26,27.26,27.26,27.26,27.26,27.25,27.25,27.25,27.25,27.24,27.24,27.24,27.24,27.24,27.23,27.23,0,0,0,0,0,0,0,0,0,0,0,0,0,0,0,0,0,0,0,0,0,0,0,0,0,0,0,0,0,0,0,0,0,0,0,0,0,0,0,0,0,0,0,0,0,0,0,0,0,0],
[0,0,0,0,0,0,0,0,0,0,0,0,0,0,0,0,0,0,0,0,0,0,0,0,0,0,0,0,0,0,0,0,0,0,0,0,0,0,0,0,0,0,0,0,0,0,0,0,0,0,0,0,0,0,0,0,0,0,0,0,0,0,0,0,0,0,0,0,0,0,29.15,29.15,29.15,29.15,29.15,29.15,29.15,29.15,29.15,29.15,29.15,29.15,29.15,29.15,29.15,29.15,29.09,29.03,28.69,28.36,28.03,27.73,27.44,27.32,27.31,27.31,27.31,27.31,27.30,27.30,27.30,27.30,27.30,27.29,27.29,27.29,27.29,27.28,27.28,27.28,27.28,27.27,27.27,27.27,27.27,27.27,27.26,27.26,27.26,27.26,27.25,27.25,27.25,27.25,27.24,27.24,27.24,27.24,27.24,27.23,0,0,0,0,0,0,0,0,0,0,0,0,0,0,0,0,0,0,0,0,0,0,0,0,0,0,0,0,0,0,0,0,0,0,0,0,0,0,0,0,0,0,0,0,0,0,0,0,0,0],
[0,0,0,0,0,0,0,0,0,0,0,0,0,0,0,0,0,0,0,0,0,0,0,0,0,0,0,0,0,0,0,0,0,0,0,0,0,0,0,0,0,0,0,0,0,0,0,0,0,0,0,0,0,0,0,0,0,0,0,0,0,0,0,0,0,0,0,0,0,29.15,29.15,29.15,29.15,29.15,29.15,29.15,29.15,29.15,29.15,29.15,29.15,29.15,29.15,29.15,29.15,0,29.11,28.92,28.58,28.25,27.85,27.63,27.34,27.31,27.31,27.31,27.31,27.31,27.30,27.30,27.30,27.30,27.29,27.29,27.29,27.29,27.29,27.28,27.28,27.28,27.28,27.27,27.27,27.27,27.27,27.27,27.26,27.26,27.26,27.26,27.25,27.25,27.25,27.25,27.24,27.24,27.24,27.24,27.24,27.23,0,0,0,0,0,0,0,0,0,0,0,0,0,0,0,0,0,0,0,0,0,0,0,0,0,0,0,0,0,0,0,0,0,0,0,0,0,0,0,0,0,0,0,0,0,0,0,0,0,0],
[0,0,0,0,0,0,0,0,0,0,0,0,0,0,0,0,0,0,0,0,0,0,0,0,0,0,0,0,0,0,0,0,0,0,0,0,0,0,0,0,0,0,0,0,0,0,0,0,0,0,0,0,0,0,0,0,0,0,0,0,0,0,0,0,0,0,0,0,29.15,29.15,29.15,29.15,29.15,29.15,29.15,29.15,29.15,29.15,29.15,29.15,29.15,29.15,29.15,29.15,29.15,0,29.14,28.82,28.46,28.14,27.81,27.53,27.28,27.30,27.31,27.31,27.31,27.30,27.30,27.30,27.30,27.30,27.29,27.29,27.29,27.29,27.28,27.28,27.28,27.28,27.28,27.27,27.27,27.27,27.27,27.26,27.26,27.26,27.26,27.26,27.25,27.25,27.25,27.25,27.24,27.24,27.24,27.24,27.24,27.23,0,0,0,0,0,0,0,0,0,0,0,0,0,0,0,0,0,0,0,0,0,0,0,0,0,0,0,0,0,0,0,0,0,0,0,0,0,0,0,0,0,0,0,0,0,0,0,0,0,0],
[0,0,0,0,0,0,0,0,0,0,0,0,0,0,0,0,0,0,0,0,0,0,0,0,0,0,0,0,0,0,0,0,0,0,0,0,0,0,0,0,0,0,0,0,0,0,0,0,0,0,0,0,0,0,0,0,0,0,0,0,0,0,0,0,0,0,0,0,29.15,29.15,29.15,29.15,29.15,29.15,29.15,29.15,29.15,29.15,29.15,29.15,29.15,29.15,29.15,29.15,29.15,29.07,29.04,28.69,28.36,28.02,27.70,27.43,27.27,27.28,27.30,27.31,27.30,27.30,27.30,27.30,27.30,27.29,27.29,27.29,27.29,27.29,27.28,27.28,27.28,27.28,27.27,27.27,27.27,27.27,27.27,27.26,27.26,27.26,27.26,27.25,27.25,27.25,27.25,27.25,27.24,27.24,27.24,27.24,27.23,27.23,0,0,0,0,0,0,0,0,0,0,0,0,0,0,0,0,0,0,0,0,0,0,0,0,0,0,0,0,0,0,0,0,0,0,0,0,0,0,0,0,0,0,0,0,0,0,0,0,0,0],
[0,0,0,0,0,0,0,0,0,0,0,0,0,0,0,0,0,0,0,0,0,0,0,0,0,0,0,0,0,0,0,0,0,0,0,0,0,0,0,0,0,0,0,0,0,0,0,0,0,0,0,0,0,0,0,0,0,0,0,0,0,0,0,0,0,0,0,29.15,29.15,29.15,29.15,29.15,29.15,29.15,29.15,29.15,29.15,29.15,29.15,29.15,29.15,29.15,29.15,29.15,0,0,28.94,28.60,28.26,27.92,27.59,27.35,27.26,27.27,27.29,27.30,27.30,27.30,27.30,27.30,27.29,27.29,27.29,27.29,27.29,27.28,27.28,27.28,27.28,27.28,27.27,27.27,27.27,27.27,27.26,27.26,27.26,27.26,27.26,27.25,27.25,27.25,27.25,27.24,27.24,27.24,27.24,27.24,27.23,27.23,0,0,0,0,0,0,0,0,0,0,0,0,0,0,0,0,0,0,0,0,0,0,0,0,0,0,0,0,0,0,0,0,0,0,0,0,0,0,0,0,0,0,0,0,0,0,0,0,0,0],
[0,0,0,0,0,0,0,0,0,0,0,0,0,0,0,0,0,0,0,0,0,0,0,0,0,0,0,0,0,0,0,0,0,0,0,0,0,0,0,0,0,0,0,0,0,0,0,0,0,0,0,0,0,0,0,0,0,0,0,0,0,0,0,0,0,0,29.15,29.15,29.15,29.15,29.15,29.15,29.15,29.15,29.15,29.15,29.15,29.15,29.15,29.15,29.15,29.15,29.15,29.15,0,0,0,0,0,0,27.46,27.23,27.24,27.26,27.28,27.29,27.30,27.30,27.30,27.29,27.29,27.29,27.29,27.29,27.28,27.28,27.28,27.28,27.28,27.28,27.27,27.27,27.27,27.27,27.26,27.26,27.26,27.26,27.26,27.25,27.25,27.25,27.25,27.24,27.24,27.24,27.24,27.23,27.23,0,0,0,0,0,0,0,0,0,0,0,0,0,0,0,0,0,0,0,0,0,0,0,0,0,0,0,0,0,0,0,0,0,0,0,0,0,0,0,0,0,0,0,0,0,0,0,0,0,0,0],
[0,0,0,0,0,0,0,0,0,0,0,0,0,0,0,0,0,0,0,0,0,0,0,0,0,0,0,0,0,0,0,0,0,0,0,0,0,0,0,0,0,0,0,0,0,0,0,0,0,0,0,0,0,0,0,0,0,0,0,0,0,0,0,0,0,29.15,29.15,29.15,29.15,29.15,29.15,29.15,29.15,29.15,29.15,29.15,29.15,29.15,29.15,29.15,29.15,29.15,29.15,29.15,0,0,0,0,0,0,0,27.23,27.23,27.25,27.26,27.28,27.29,27.30,27.29,27.29,27.29,27.29,27.29,27.28,27.28,27.28,27.28,27.28,27.28,27.27,27.27,27.27,27.27,27.27,27.26,27.26,27.26,27.26,27.25,27.25,27.25,27.25,27.25,27.24,27.24,27.24,27.24,27.23,27.23,0,0,0,0,0,0,0,0,0,0,0,0,0,0,0,0,0,0,0,0,0,0,0,0,0,0,0,0,0,0,0,0,0,0,0,0,0,0,0,0,0,0,0,0,0,0,0,0,0,0,0],
[0,0,0,0,0,0,0,0,0,0,0,0,0,0,0,0,0,0,0,0,0,0,0,0,0,0,0,0,0,0,0,0,0,0,0,0,0,0,0,0,0,0,0,0,0,0,0,0,0,0,0,0,0,0,0,0,0,0,0,0,0,0,0,0,0,29.15,29.15,29.15,29.15,29.15,29.15,29.15,29.15,29.15,29.15,29.15,29.15,29.15,29.15,29.15,29.15,29.15,29.15,0,0,0,0,0,0,0,27.23,27.23,27.23,27.24,27.25,27.27,27.28,27.29,27.29,27.29,27.29,27.29,27.28,27.28,27.28,27.28,27.28,27.28,27.27,27.27,27.27,27.27,27.27,27.26,27.26,27.26,27.26,27.26,27.25,27.25,27.25,27.25,27.24,27.24,27.24,27.24,27.24,27.23,0,0,0,0,0,0,0,0,0,0,0,0,0,0,0,0,0,0,0,0,0,0,0,0,0,0,0,0,0,0,0,0,0,0,0,0,0,0,0,0,0,0,0,0,0,0,0,0,0,0,0,0],
[0,0,0,0,0,0,0,0,0,0,0,0,0,0,0,0,0,0,0,0,0,0,0,0,0,0,0,0,0,0,0,0,0,0,0,0,0,0,0,0,0,0,0,0,0,0,0,0,0,0,0,0,0,0,0,0,0,0,0,0,0,0,0,0,0,29.15,29.15,29.15,29.15,29.15,29.15,29.15,29.15,29.15,29.15,29.15,29.15,29.15,29.15,29.15,29.15,29.15,29.15,0,0,0,0,0,0,0,27.23,27.23,27.23,27.23,27.24,27.25,27.27,27.28,27.29,27.29,27.29,27.28,27.28,27.28,27.28,27.28,27.28,27.27,27.27,27.27,27.27,27.27,27.26,27.26,27.26,27.26,27.26,27.25,27.25,27.25,27.25,27.25,27.24,27.24,27.24,27.24,27.23,27.23,0,0,0,0,0,0,0,0,0,0,0,0,0,0,0,0,0,0,0,0,0,0,0,0,0,0,0,0,0,0,0,0,0,0,0,0,0,0,0,0,0,0,0,0,0,0,0,0,0,0,0,0],
[0,0,0,0,0,0,0,0,0,0,0,0,0,0,0,0,0,0,0,0,0,0,0,0,0,0,0,0,0,0,0,0,0,0,0,0,0,0,0,0,0,0,0,0,0,0,0,0,0,0,0,0,0,0,0,0,0,0,0,0,0,0,0,0,0,0,0,0,29.15,29.15,29.15,29.15,29.15,29.15,29.15,29.15,29.15,29.15,29.15,29.15,29.15,29.15,29.15,0,0,0,0,0,0,27.23,27.23,27.23,27.23,27.23,27.23,27.24,27.26,27.27,27.29,27.29,27.28,27.28,27.28,27.28,27.28,27.28,27.27,27.27,27.27,27.27,27.27,27.26,27.26,27.26,27.26,27.26,27.25,27.25,27.25,27.25,27.25,27.24,27.24,27.24,27.24,27.24,27.23,27.23,0,0,0,0,0,0,0,0,0,0,0,0,0,0,0,0,0,0,0,0,0,0,0,0,0,0,0,0,0,0,0,0,0,0,0,0,0,0,0,0,0,0,0,0,0,0,0,0,0,0,0,0],
[0,0,0,0,0,0,0,0,0,0,0,0,0,0,0,0,0,0,0,0,0,0,0,0,0,0,0,0,0,0,0,0,0,0,0,0,0,0,0,0,0,0,0,0,0,0,0,0,0,0,0,0,0,0,0,0,0,0,0,0,0,0,0,0,0,0,0,0,0,0,0,0,0,29.15,29.15,29.15,29.15,29.15,29.15,29.15,29.15,29.15,0,0,0,0,0,0,0,27.23,27.23,27.23,27.23,27.23,27.23,27.23,27.25,27.26,27.28,27.28,27.28,27.28,27.28,27.28,27.28,27.27,27.27,27.27,27.27,27.27,27.26,27.26,27.26,27.26,27.26,27.25,27.25,27.25,27.25,27.25,27.24,27.24,27.24,27.24,27.24,27.23,27.23,0,0,0,0,0,0,0,0,0,0,0,0,0,0,0,0,0,0,0,0,0,0,0,0,0,0,0,0,0,0,0,0,0,0,0,0,0,0,0,0,0,0,0,0,0,0,0,0,0,0,0,0,0],
[0,0,0,0,0,0,0,0,0,0,0,0,0,0,0,0,0,0,0,0,0,0,0,0,0,0,0,0,0,0,0,0,0,0,0,0,0,0,0,0,0,0,0,0,0,0,0,0,0,0,0,0,0,0,0,0,0,0,0,0,0,0,0,0,0,0,0,0,0,0,0,0,0,0,0,0,0,29.15,29.15,29.15,29.15,29.15,0,0,0,27.23,27.23,0,27.23,27.23,27.23,27.23,27.23,27.23,27.23,27.23,27.23,27.25,27.26,27.28,27.28,27.28,27.28,27.28,27.27,27.27,27.27,27.27,27.27,27.26,27.26,27.26,27.26,27.26,27.25,27.25,27.25,27.25,27.25,27.24,27.24,27.24,27.24,27.24,27.24,27.23,27.23,27.23,0,0,0,0,0,0,0,0,0,0,0,0,0,0,0,0,0,0,0,0,0,0,0,0,0,0,0,0,0,0,0,0,0,0,0,0,0,0,0,0,0,0,0,0,0,0,0,0,0,0,0,0],
[0,0,0,0,0,0,0,0,0,0,0,0,0,0,0,0,0,0,0,0,0,0,0,0,0,0,0,0,0,0,0,0,0,0,0,0,0,0,0,0,0,0,0,0,0,0,0,0,0,0,0,0,0,0,0,0,0,0,0,0,0,0,0,0,0,0,0,0,0,0,0,0,0,0,0,0,0,0,0,0,0,0,0,0,0,27.23,27.23,27.23,27.23,27.23,27.23,27.23,27.23,27.23,27.23,27.23,27.23,27.24,27.25,27.27,27.28,27.28,27.28,27.27,27.27,27.27,27.27,27.27,27.26,27.26,27.26,27.26,27.26,27.25,27.25,27.25,27.25,27.25,27.24,27.24,27.24,27.24,27.24,27.24,27.23,27.23,27.23,27.23,27.23,0,0,0,0,0,0,0,0,0,0,0,0,0,0,0,0,0,0,0,0,0,0,0,0,0,0,0,0,0,0,0,0,0,0,0,0,0,0,0,0,0,0,0,0,0,0,0,0,0,0,0],
[0,0,0,0,0,0,0,0,0,0,0,0,0,0,0,0,0,0,0,0,0,0,0,0,0,0,0,0,0,0,0,0,0,0,0,0,0,0,0,0,0,0,0,0,0,0,0,0,0,0,0,0,0,0,0,0,0,0,0,0,0,0,0,0,0,0,0,0,0,0,0,0,0,0,0,0,0,0,0,0,0,0,0,0,27.23,27.23,27.23,27.23,27.23,27.23,27.23,27.23,27.23,27.23,27.23,27.23,27.23,27.23,27.24,27.26,27.27,27.28,27.27,27.27,27.27,27.27,27.27,27.26,27.26,27.26,27.26,27.26,27.25,27.25,27.25,27.25,27.25,27.24,27.24,27.24,27.24,27.24,27.24,27.23,27.23,27.23,27.23,27.23,27.23,0,0,0,0,0,0,0,0,0,0,0,0,0,0,0,0,0,0,0,0,0,0,0,0,0,0,0,0,0,0,0,0,0,0,0,0,0,0,0,0,0,0,0,0,0,0,0,0,0,0,0],
[0,0,0,0,0,0,0,0,0,0,0,0,0,0,0,0,0,0,0,0,0,0,0,0,0,0,0,0,0,0,0,0,0,0,0,0,0,0,0,0,0,0,0,0,0,0,0,0,0,0,0,0,0,0,0,0,0,0,0,0,0,0,0,0,0,0,0,0,0,0,0,0,0,0,0,0,0,0,0,0,0,0,0,0,27.23,27.23,27.23,27.23,27.23,27.23,27.23,27.23,27.23,27.23,27.23,27.23,27.23,27.23,27.23,27.24,27.26,27.27,27.27,27.27,27.27,27.27,27.26,27.26,27.26,27.26,27.26,27.25,27.25,27.25,27.25,27.25,27.24,27.24,27.24,27.24,27.24,27.24,27.23,27.23,27.23,27.23,27.23,27.23,0,0,0,0,0,0,0,0,0,0,0,0,0,0,0,0,0,0,0,0,0,0,0,0,0,0,0,0,0,0,0,0,0,0,0,0,0,0,0,0,0,0,0,0,0,0,0,0,0,0,0,0],
[0,0,0,0,0,0,0,0,0,0,0,0,0,0,0,0,0,0,0,0,0,0,0,0,0,0,0,0,0,0,0,0,0,0,0,0,0,0,0,0,0,0,0,0,0,0,0,0,0,0,0,0,0,0,0,0,0,0,0,0,0,0,0,0,0,0,0,0,0,0,0,0,0,0,0,0,0,0,0,0,0,0,0,0,27.23,27.23,27.23,27.23,27.23,27.23,27.23,27.23,27.23,27.23,27.23,27.23,27.23,27.23,27.23,27.23,27.25,27.26,27.27,27.27,27.27,27.26,27.26,27.26,27.26,27.26,27.25,27.25,27.25,27.25,27.25,27.24,27.24,27.24,27.24,27.24,27.24,27.23,27.23,27.23,27.23,27.23,27.23,27.23,0,0,0,0,0,0,0,0,0,0,0,0,0,0,0,0,0,0,0,0,0,0,0,0,0,0,0,0,0,0,0,0,0,0,0,0,0,0,0,0,0,0,0,0,0,0,0,0,0,0,0,0],
[0,0,0,0,0,0,0,0,0,0,0,0,0,0,0,0,0,0,0,0,0,0,0,0,0,0,0,0,0,0,0,0,0,0,0,0,0,0,0,0,0,0,0,0,0,0,0,0,0,0,0,0,0,0,0,0,0,0,0,0,0,0,0,0,0,0,0,0,0,0,0,0,0,0,0,0,0,0,0,0,0,0,0,27.23,27.23,27.23,27.23,27.23,27.23,27.23,27.23,27.23,27.23,27.23,27.23,27.23,27.23,27.23,27.23,27.23,27.23,27.25,27.27,27.27,27.26,27.26,27.26,27.26,27.26,27.25,27.25,27.25,27.25,27.25,27.24,27.24,27.24,27.24,27.24,27.24,27.23,27.23,27.23,27.23,27.23,27.23,27.23,0,0,0,0,0,0,0,0,0,0,0,0,0,0,0,0,0,0,0,0,0,0,0,0,0,0,0,0,0,0,0,0,0,0,0,0,0,0,0,0,0,0,0,0,0,0,0,0,0,0,0,0,0],
[0,0,0,0,0,0,0,0,0,0,0,0,0,0,0,0,0,0,0,0,0,0,0,0,0,0,0,0,0,0,0,0,0,0,0,0,0,0,0,0,0,0,0,0,0,0,0,0,0,0,0,0,0,0,0,0,0,0,0,0,0,0,0,0,0,0,0,0,0,0,0,0,0,0,0,0,0,0,0,0,0,0,0,27.23,27.23,27.23,27.23,27.23,27.23,27.23,27.23,27.23,27.23,27.23,27.23,27.23,27.23,27.23,27.23,27.23,27.23,27.24,27.25,27.26,27.26,27.26,27.26,27.26,27.25,27.25,27.25,27.25,27.25,27.24,27.24,27.24,27.24,27.24,27.24,27.23,27.23,27.23,27.23,27.23,27.23,27.23,27.23,0,0,0,0,0,0,0,0,0,0,0,0,0,0,0,0,0,0,0,0,0,0,0,0,0,0,0,0,0,0,0,0,0,0,0,0,0,0,0,0,0,0,0,0,0,0,0,0,0,0,0,0,0],
[0,0,0,0,0,0,0,0,0,0,0,0,0,0,0,0,0,0,0,0,0,0,0,0,0,0,0,0,0,0,0,0,0,0,0,0,0,0,0,0,0,0,0,0,0,0,0,0,0,0,0,0,0,0,0,0,0,0,0,0,0,0,0,0,0,0,0,0,0,0,0,0,0,0,0,0,0,0,0,0,0,0,0,27.23,27.23,27.23,27.23,27.23,27.23,27.23,27.23,27.23,27.23,27.23,27.23,27.23,27.23,27.23,27.23,27.23,27.23,27.23,27.24,27.26,27.26,27.26,27.26,27.25,27.25,27.25,27.25,27.25,27.24,27.24,27.24,27.24,27.24,27.24,27.23,27.23,27.23,27.23,27.23,27.23,27.23,27.23,0,0,0,0,0,0,0,0,0,0,0,0,0,0,0,0,0,0,0,0,0,0,0,0,0,0,0,0,0,0,0,0,0,0,0,0,0,0,0,0,0,0,0,0,0,0,0,0,0,0,0,0,0,0],
[0,0,0,0,0,0,0,0,0,0,0,0,0,0,0,0,0,0,0,0,0,0,0,0,0,0,0,0,0,0,0,0,0,0,0,0,0,0,0,0,0,0,0,0,0,0,0,0,0,0,0,0,0,0,0,0,0,0,0,0,0,0,0,0,0,0,0,0,0,0,0,0,0,0,0,0,0,0,0,0,0,0,27.23,27.23,27.23,27.23,27.23,27.23,27.23,27.23,27.23,27.23,27.23,27.23,27.23,27.23,27.23,27.23,27.23,27.23,27.23,27.23,27.23,27.24,27.26,27.26,27.25,27.25,27.25,27.25,27.25,27.24,27.24,27.24,27.24,27.24,27.24,27.23,27.23,27.23,27.23,27.23,27.23,27.23,27.23,27.23,0,0,0,0,0,0,0,0,0,0,0,0,0,0,0,0,0,0,0,0,0,0,0,0,0,0,0,0,0,0,0,0,0,0,0,0,0,0,0,0,0,0,0,0,0,0,0,0,0,0,0,0,0,0],
[0,0,0,0,0,0,0,0,0,0,0,0,0,0,0,0,0,0,0,0,0,0,0,0,0,0,0,0,0,0,0,0,0,0,0,0,0,0,0,0,0,0,0,0,0,0,0,0,0,0,0,0,0,0,0,0,0,0,0,0,0,0,0,0,0,0,0,0,0,0,0,0,0,0,0,0,0,0,0,0,0,0,27.23,27.23,27.23,27.23,27.23,27.23,27.23,27.23,27.23,27.23,27.23,27.23,27.23,27.23,27.23,27.23,27.23,27.23,27.23,27.23,27.23,27.23,27.25,27.25,27.25,27.25,27.25,27.25,27.24,27.24,27.24,27.24,27.24,27.24,27.23,27.23,27.23,27.23,27.23,27.23,27.23,27.23,27.23,27.23,0,0,0,0,0,0,0,0,0,0,0,0,0,0,0,0,0,0,0,0,0,0,0,0,0,0,0,0,0,0,0,0,0,0,0,0,0,0,0,0,0,0,0,0,0,0,0,0,0,0,0,0,0,0],
[0,0,0,0,0,0,0,0,0,0,0,0,0,0,0,0,0,0,0,0,0,0,0,0,0,0,0,0,0,0,0,0,0,0,0,0,0,0,0,0,0,0,0,0,0,0,0,0,0,0,0,0,0,0,0,0,0,0,0,0,0,0,0,0,0,0,0,0,0,0,0,0,0,0,0,0,0,0,0,0,0,0,27.23,27.23,27.23,27.23,27.23,27.23,27.23,27.23,27.23,27.23,27.23,27.23,27.23,27.23,27.23,27.23,27.23,27.23,27.23,27.23,27.23,27.23,27.24,27.25,27.25,27.25,27.25,27.24,27.24,27.24,27.24,27.24,27.24,27.23,27.23,27.23,27.23,27.23,27.23,27.23,27.23,27.23,27.23,27.23,27.23,0,0,0,0,0,0,0,0,0,0,0,0,0,0,0,0,0,0,0,0,0,0,0,0,0,0,0,0,0,0,0,0,0,0,0,0,0,0,0,0,0,0,0,0,0,0,0,0,0,0,0,0,0],
[0,0,0,0,0,0,0,0,0,0,0,0,0,0,0,0,0,0,0,0,0,0,0,0,0,0,0,0,0,0,0,0,0,0,0,0,0,0,0,0,0,0,0,0,0,0,0,0,0,0,0,0,0,0,0,0,0,0,0,0,0,0,0,0,0,0,0,0,0,0,0,0,0,0,0,0,0,0,0,0,0,27.23,27.23,27.23,27.23,27.23,27.23,27.23,27.23,27.23,27.23,27.23,27.23,27.23,27.23,27.23,27.23,27.23,27.23,27.23,27.23,27.23,27.23,27.23,27.23,27.24,27.25,27.25,27.25,27.24,27.24,27.24,27.24,27.24,27.23,27.23,27.23,27.23,27.23,27.23,27.23,27.23,27.23,27.23,27.23,27.23,27.23,0,0,0,0,0,0,0,0,0,0,0,0,0,0,0,0,0,0,0,0,0,0,0,0,0,0,0,0,0,0,0,0,0,0,0,0,0,0,0,0,0,0,0,0,0,0,0,0,0,0,0,0,0],
[0,0,0,0,0,0,0,0,0,0,0,0,0,0,0,0,0,0,0,0,0,0,0,0,0,0,0,0,0,0,0,0,0,0,0,0,0,0,0,0,0,0,0,0,0,0,0,0,0,0,0,0,0,0,0,0,0,0,0,0,0,0,0,0,0,0,0,0,0,0,0,0,0,0,0,0,0,0,0,0,0,27.23,27.23,27.23,27.23,27.23,27.23,27.23,27.23,27.23,27.23,0,0,27.23,27.23,27.23,27.23,27.23,27.23,27.23,27.23,27.23,27.23,27.23,27.23,27.23,27.24,27.25,27.24,27.24,27.24,27.24,27.24,27.23,27.23,27.23,27.23,27.23,27.23,27.23,27.23,27.23,27.23,27.23,27.23,27.23,27.23,0,0,0,0,0,0,0,0,0,0,0,0,0,0,0,0,0,0,0,0,0,0,0,0,0,0,0,0,0,0,0,0,0,0,0,0,0,0,0,0,0,0,0,0,0,0,0,0,0,0,0,0,0],
[0,0,0,0,0,0,0,0,0,0,0,0,0,0,0,0,0,0,0,0,0,0,0,0,0,0,0,0,0,0,0,0,0,0,0,0,0,0,0,0,0,0,0,0,0,0,0,0,0,0,0,0,0,0,0,0,0,0,0,0,0,0,0,0,0,0,0,0,0,0,0,0,0,0,0,0,0,0,0,0,27.23,27.23,27.23,27.23,27.23,27.23,27.23,27.23,0,0,0,0,0,0,0,0,27.23,27.23,27.23,27.23,27.23,27.23,27.23,27.23,27.23,27.23,27.23,27.24,27.24,27.24,27.24,27.24,27.23,27.23,27.23,27.23,27.23,27.23,27.23,27.23,27.23,27.23,27.23,27.23,27.23,27.23,27.23,27.23,0,0,0,0,0,0,0,0,0,0,0,0,0,0,0,0,0,0,0,0,0,0,0,0,0,0,0,0,0,0,0,0,0,0,0,0,0,0,0,0,0,0,0,0,0,0,0,0,0,0,0,0],
[0,0,0,0,0,0,0,0,0,0,0,0,0,0,0,0,0,0,0,0,0,0,0,0,0,0,0,0,0,0,0,0,0,0,0,0,0,0,0,0,0,0,0,0,0,0,0,0,0,0,0,0,0,0,0,0,0,0,0,0,0,0,0,0,0,0,0,0,0,0,0,0,0,0,0,0,0,0,0,0,27.23,27.23,27.23,27.23,27.23,27.23,27.23,0,0,0,0,0,0,0,0,0,0,0,0,27.23,27.23,27.23,27.23,27.23,27.23,27.23,27.23,27.23,27.24,27.24,27.24,27.23,27.23,27.23,27.23,27.23,27.23,27.23,27.23,27.23,27.23,27.23,27.23,27.23,27.23,27.23,27.23,27.23,0,0,0,0,0,0,0,0,0,0,0,0,0,0,0,0,0,0,0,0,0,0,0,0,0,0,0,0,0,0,0,0,0,0,0,0,0,0,0,0,0,0,0,0,0,0,0,0,0,0,0,0],
[0,0,0,0,0,0,0,0,0,0,0,0,0,0,0,0,0,0,0,0,0,0,0,0,0,0,0,0,0,0,0,0,0,0,0,0,0,0,0,0,0,0,0,0,0,0,0,0,0,0,0,0,0,0,0,0,0,0,0,0,0,0,0,0,0,0,0,0,0,0,0,0,0,0,0,0,0,0,0,0,0,27.23,27.23,27.23,27.23,27.23,27.23,0,0,0,0,0,0,0,0,0,0,0,0,0,0,0,27.23,27.23,27.23,27.23,27.23,27.23,27.24,27.24,27.23,27.23,27.23,27.23,27.23,27.23,27.23,27.23,27.23,27.23,27.23,27.23,27.23,27.23,27.23,27.23,27.23,27.23,0,0,0,0,0,0,0,0,0,0,0,0,0,0,0,0,0,0,0,0,0,0,0,0,0,0,0,0,0,0,0,0,0,0,0,0,0,0,0,0,0,0,0,0,0,0,0,0,0,0,0,0],
[0,0,0,0,0,0,0,0,0,0,0,0,0,0,0,0,0,0,0,0,0,0,0,0,0,0,0,0,0,0,0,0,0,0,0,0,0,0,0,0,0,0,0,0,0,0,0,0,0,0,0,0,0,0,0,0,0,0,0,0,0,0,0,0,0,0,0,0,0,0,0,0,0,0,0,0,0,0,0,0,0,0,0,27.23,27.23,27.23,0,0,0,0,0,0,0,0,0,0,0,0,0,0,0,0,0,0,0,27.23,27.23,27.23,27.23,27.23,27.23,27.23,27.23,27.23,27.23,27.23,27.23,27.23,27.23,27.23,27.23,27.23,27.23,27.23,27.23,27.23,27.23,0,0,0,0,0,0,0,0,0,0,0,0,0,0,0,0,0,0,0,0,0,0,0,0,0,0,0,0,0,0,0,0,0,0,0,0,0,0,0,0,0,0,0,0,0,0,0,0,0,0,0,0,0],
[0,0,0,0,0,0,0,0,0,0,0,0,0,0,0,0,0,0,0,0,0,0,0,0,0,0,0,0,0,0,0,0,0,0,0,0,0,0,0,0,0,0,0,0,0,0,0,0,0,0,0,0,0,0,0,0,0,0,0,0,0,0,0,0,0,0,0,0,0,0,0,0,0,0,0,0,0,0,0,0,0,0,0,0,0,0,0,0,0,0,0,0,0,0,0,0,0,0,0,0,0,0,0,0,0,0,0,0,27.23,27.23,27.23,27.23,27.23,27.23,27.23,27.23,27.23,27.23,27.23,27.23,27.23,27.23,27.23,27.23,27.23,27.23,27.23,0,0,0,0,0,0,0,0,0,0,0,0,0,0,0,0,0,0,0,0,0,0,0,0,0,0,0,0,0,0,0,0,0,0,0,0,0,0,0,0,0,0,0,0,0,0,0,0,0,0,0,0,0],
[0,0,0,0,0,0,0,0,0,0,0,0,0,0,0,0,0,0,0,0,0,0,0,0,0,0,0,0,0,0,0,0,0,0,0,0,0,0,0,0,0,0,0,0,0,0,0,0,0,0,0,0,0,0,0,0,0,0,0,0,0,0,0,0,0,0,0,0,0,0,0,0,0,0,0,0,0,0,0,0,0,0,0,0,0,0,0,0,0,0,0,0,0,0,0,0,0,0,0,0,0,0,0,0,0,0,0,0,0,27.23,27.23,27.23,27.23,27.23,27.23,27.23,27.23,27.23,27.23,27.23,27.23,27.23,27.23,27.23,27.23,0,0,0,0,0,0,0,0,0,0,0,0,0,0,0,0,0,0,0,0,0,0,0,0,0,0,0,0,0,0,0,0,0,0,0,0,0,0,0,0,0,0,0,0,0,0,0,0,0,0,0,0,0,0,0],
[0,0,0,0,0,0,0,0,0,0,0,0,0,0,0,0,0,0,0,0,0,0,0,0,0,0,0,0,0,0,0,0,0,0,0,0,0,0,0,0,0,0,0,0,0,0,0,0,0,0,0,0,0,0,0,0,0,0,0,0,0,0,0,0,0,0,0,0,0,0,0,0,0,0,0,0,0,0,0,0,0,0,0,0,0,0,0,0,0,0,0,0,0,0,0,0,0,0,0,0,0,0,0,0,0,0,0,0,0,27.23,27.23,27.23,27.23,27.23,27.23,27.23,27.23,27.23,27.23,27.23,27.23,27.23,27.23,27.23,0,0,0,0,0,0,0,0,0,0,0,0,0,0,0,0,0,0,0,0,0,0,0,0,0,0,0,0,0,0,0,0,0,0,0,0,0,0,0,0,0,0,0,0,0,0,0,0,0,0,0,0,0,0,0,0],
[0,0,0,0,0,0,0,0,0,0,0,0,0,0,0,0,0,0,0,0,0,0,0,0,0,0,0,0,0,0,0,0,0,0,0,0,0,0,0,0,0,0,0,0,0,0,0,0,0,0,0,0,0,0,0,0,0,0,0,0,0,0,0,0,0,0,0,0,0,0,0,0,0,0,0,0,0,0,0,0,0,0,0,0,0,0,0,0,0,0,0,0,0,0,0,0,0,0,0,0,0,0,0,0,0,0,0,0,0,27.23,27.23,27.23,27.23,27.23,27.23,27.23,27.23,27.23,27.23,27.23,27.23,0,0,0,0,0,0,0,0,0,0,0,0,0,0,0,0,0,0,0,0,0,0,0,0,0,0,0,0,0,0,0,0,0,0,0,0,0,0,0,0,0,0,0,0,0,0,0,0,0,0,0,0,0,0,0,0,0,0,0],
[0,0,0,0,0,0,0,0,0,0,0,0,0,0,0,0,0,0,0,0,0,0,0,0,0,0,0,0,0,0,0,0,0,0,0,0,0,0,0,0,0,0,0,0,0,0,0,0,0,0,0,0,0,0,0,0,0,0,0,0,0,0,0,0,0,0,0,0,0,0,0,0,0,0,0,0,0,0,0,0,0,0,0,0,0,0,0,0,0,0,0,0,0,0,0,0,0,0,0,0,0,0,0,0,0,0,0,0,0,27.23,27.23,27.23,27.23,27.23,27.23,27.23,27.23,27.23,0,0,0,0,0,0,0,0,0,0,0,0,0,0,0,0,0,0,0,0,0,0,0,0,0,0,0,0,0,0,0,0,0,0,0,0,0,0,0,0,0,0,0,0,0,0,0,0,0,0,0,0,0,0,0,0,0,0,0,0,0,0],
[0,0,0,0,0,0,0,0,0,0,0,0,0,0,0,0,0,0,0,0,0,0,0,0,0,0,0,0,0,0,0,0,0,0,0,0,0,0,0,0,0,0,0,0,0,0,0,0,0,0,0,0,0,0,0,0,0,0,0,0,0,0,0,0,0,0,0,0,0,0,0,0,0,0,0,0,0,0,0,0,0,0,0,0,0,0,0,0,0,0,0,0,0,0,0,0,0,0,0,0,0,0,0,0,0,0,0,0,0,0,27.23,27.23,27.23,27.23,0,0,0,0,0,0,0,0,0,0,0,0,0,0,0,0,0,0,0,0,0,0,0,0,0,0,0,0,0,0,0,0,0,0,0,0,0,0,0,0,0,0,0,0,0,0,0,0,0,0,0,0,0,0,0,0,0,0,0,0,0,0,0,0,0,0],
[0,0,0,0,0,0,0,0,0,0,0,0,0,0,0,0,0,0,0,0,0,0,0,0,0,0,0,0,0,0,0,0,0,0,0,0,0,0,0,0,0,0,0,0,0,0,0,0,0,0,0,0,0,0,0,0,0,0,0,0,0,0,0,0,0,0,0,0,0,0,0,0,0,0,0,0,0,0,0,0,0,0,0,0,0,0,0,0,0,0,0,0,0,0,0,0,0,0,0,0,0,0,0,0,0,0,0,0,0,0,0,0,0,0,0,0,0,0,0,0,0,0,0,0,0,0,0,0,0,0,0,0,0,0,0,0,0,0,0,0,0,0,0,0,0,0,0,0,0,0,0,0,0,0,0,0,0,0,0,0,0,0,0,0,0,0,0,0,0,0,0,0,0,0,0,0,0,0,0,0],
[0,0,0,0,0,0,0,0,0,0,0,0,0,0,0,0,0,0,0,0,0,0,0,0,0,0,0,0,0,0,0,0,0,0,0,0,0,0,0,0,0,0,0,0,0,0,0,0,0,0,0,0,0,0,0,0,0,0,0,0,0,0,0,0,0,0,0,0,0,0,0,0,0,0,0,0,0,0,0,0,0,0,0,0,0,0,0,0,0,0,0,0,0,0,0,0,0,0,0,0,0,0,0,0,0,0,0,0,0,0,0,0,0,0,0,0,0,0,0,0,0,0,0,0,0,0,0,0,0,0,0,0,0,0,0,0,0,0,0,0,0,0,0,0,0,0,0,0,0,0,0,0,0,0,0,0,0,0,0,0,0,0,0,0,0,0,0,0,0,0,0,0,0,0,0,0,0,0,0,0],
[0,0,0,0,0,0,0,0,0,0,0,0,0,0,0,0,0,0,0,0,0,0,0,0,0,0,0,0,0,0,0,0,0,0,0,0,0,0,0,0,0,0,0,0,0,0,0,0,0,0,0,0,0,0,0,0,0,0,0,0,0,0,0,0,0,0,0,0,0,0,0,0,0,0,0,0,0,0,0,0,0,0,0,0,0,0,0,0,0,0,0,0,0,0,0,0,0,0,0,0,0,0,0,0,0,0,0,0,0,0,0,0,0,0,0,0,0,0,0,0,0,0,0,0,0,0,0,0,0,0,0,0,0,0,0,0,0,0,0,0,0,0,0,0,0,0,0,0,0,0,0,0,0,0,0,0,0,0,0,0,0,0,0,0,0,0,0,0,0,0,0,0,0,0,0,0,0,0,0,0],
[0,0,0,0,0,0,0,0,0,0,0,0,0,0,0,0,0,0,0,0,0,0,0,0,0,0,0,0,0,0,0,0,0,0,0,0,0,0,0,0,0,0,0,0,0,0,0,0,0,0,0,0,0,0,0,0,0,0,0,0,0,0,0,0,0,0,0,0,0,0,0,0,0,0,0,0,0,0,0,0,0,0,0,0,0,0,0,0,0,0,0,0,0,0,0,0,0,0,0,0,0,0,0,0,0,0,0,0,0,0,0,0,0,0,0,0,0,0,0,0,0,0,0,0,0,0,0,0,0,0,0,0,0,0,0,0,0,0,0,0,0,0,0,0,0,0,0,0,0,0,0,0,0,0,0,0,0,0,0,0,0,0,0,0,0,0,0,0,0,0,0,0,0,0,0,0,0,0,0,0],
[0,0,0,0,0,0,0,0,0,0,0,0,0,0,0,0,0,0,0,0,0,0,0,0,0,0,0,0,0,0,0,0,0,0,0,0,0,0,0,0,0,0,0,0,0,0,0,0,0,0,0,0,0,0,0,0,0,0,0,0,0,0,0,0,0,0,0,0,0,0,0,0,0,0,0,0,0,0,0,0,0,0,0,0,0,0,0,0,0,0,0,0,0,0,0,0,0,0,0,0,0,0,0,0,0,0,0,0,0,0,0,0,0,0,0,0,0,0,0,0,0,0,0,0,0,0,0,0,0,0,0,0,0,0,0,0,0,0,0,0,0,0,0,0,0,0,0,0,0,0,0,0,0,0,0,0,0,0,0,0,0,0,0,0,0,0,0,0,0,0,0,0,0,0,0,0,0,0,0,0],
[0,0,0,0,0,0,0,0,0,0,0,0,0,0,0,0,0,0,0,0,0,0,0,0,0,0,0,0,0,0,0,0,0,0,0,0,0,0,0,0,0,0,0,0,0,0,0,0,0,0,0,0,0,0,0,0,0,0,0,0,0,0,0,0,0,0,0,0,0,0,0,0,0,0,0,0,0,0,0,0,0,0,0,0,0,0,0,0,0,0,0,0,0,0,0,0,0,0,0,0,0,0,0,0,0,0,0,0,0,0,0,0,0,0,0,0,0,0,0,0,0,0,0,0,0,0,0,0,0,0,0,0,0,0,0,0,0,0,0,0,0,0,0,0,0,0,0,0,0,0,0,0,0,0,0,0,0,0,0,0,0,0,0,0,0,0,0,0,0,0,0,0,0,0,0,0,0,0,0,0],
[0,0,0,0,0,0,0,0,0,0,0,0,0,0,0,0,0,0,0,0,0,0,0,0,0,0,0,0,0,0,0,0,0,0,0,0,0,0,0,0,0,0,0,0,0,0,0,0,0,0,0,0,0,0,0,0,0,0,0,0,0,0,0,0,0,0,0,0,0,0,0,0,0,0,0,0,0,0,0,0,0,0,0,0,0,0,0,0,0,0,0,0,0,0,0,0,0,0,0,0,0,0,0,0,0,0,0,0,0,0,0,0,0,0,0,0,0,0,0,0,0,0,0,0,0,0,0,0,0,0,0,0,0,0,0,0,0,0,0,0,0,0,0,0,0,0,0,0,0,0,0,0,0,0,0,0,0,0,0,0,0,0,0,0,0,0,0,0,0,0,0,0,0,0,0,0,0,0,0,0],
[0,0,0,0,0,0,0,0,0,0,0,0,0,0,0,0,0,0,0,0,0,0,0,0,0,0,0,0,0,0,0,0,0,0,0,0,0,0,0,0,0,0,0,0,0,0,0,0,0,0,0,0,0,0,0,0,0,0,0,0,0,0,0,0,0,0,0,0,0,0,0,0,0,0,0,0,0,0,0,0,0,0,0,0,0,0,0,0,0,0,0,0,0,0,0,0,0,0,0,0,0,0,0,0,0,0,0,0,0,0,0,0,0,0,0,0,0,0,0,0,0,0,0,0,0,0,0,0,0,0,0,0,0,0,0,0,0,0,0,0,0,0,0,0,0,0,0,0,0,0,0,0,0,0,0,0,0,0,0,0,0,0,0,0,0,0,0,0,0,0,0,0,0,0,0,0,0,0,0,0],
[0,0,0,0,0,0,0,0,0,0,0,0,0,0,0,0,0,0,0,0,0,0,0,0,0,0,0,0,0,0,0,0,0,0,0,0,0,0,0,0,0,0,0,0,0,0,0,0,0,0,0,0,0,0,0,0,0,0,0,0,0,0,0,0,0,0,0,0,0,0,0,0,0,0,0,0,0,0,0,0,0,0,0,0,0,0,0,0,0,0,0,0,0,0,0,0,0,0,0,0,0,0,0,0,0,0,0,0,0,0,0,0,0,0,0,0,0,0,0,0,0,0,0,0,0,0,0,0,0,0,0,0,0,0,0,0,0,0,0,0,0,0,0,0,0,0,0,0,0,0,0,0,0,0,0,0,0,0,0,0,0,0,0,0,0,0,0,0,0,0,0,0,0,0,0,0,0,0,0,0],
[0,0,0,0,0,0,0,0,0,0,0,0,0,0,0,0,0,0,0,0,0,0,0,0,0,0,0,0,0,0,0,0,0,0,0,0,0,0,0,0,0,0,0,0,0,0,0,0,0,0,0,0,0,0,0,0,0,0,0,0,0,0,0,0,0,0,0,0,0,0,0,0,0,0,0,0,0,0,0,0,0,0,0,0,0,0,0,0,0,0,0,0,0,0,0,0,0,0,0,0,0,0,0,0,0,0,0,0,0,0,0,0,0,0,0,0,0,0,0,0,0,0,0,0,0,0,0,0,0,0,0,0,0,0,0,0,0,0,0,0,0,0,0,0,0,0,0,0,0,0,0,0,0,0,0,0,0,0,0,0,0,0,0,0,0,0,0,0,0,0,0,0,0,0,0,0,0,0,0,0],
[0,0,0,0,0,0,0,0,0,0,0,0,0,0,0,0,0,0,0,0,0,0,0,0,0,0,0,0,0,0,0,0,0,0,0,0,0,0,0,0,0,0,0,0,0,0,0,0,0,0,0,0,0,0,0,0,0,0,0,0,0,0,0,0,0,0,0,0,0,0,0,0,0,0,0,0,0,0,0,0,0,0,0,0,0,0,0,0,0,0,0,0,0,0,0,0,0,0,0,0,0,0,0,0,0,0,0,0,0,0,0,0,0,0,0,0,0,0,0,0,0,0,0,0,0,0,0,0,0,0,0,0,0,0,0,0,0,0,0,0,0,0,0,0,0,0,0,0,0,0,0,0,0,0,0,0,0,0,0,0,0,0,0,0,0,0,0,0,0,0,0,0,0,0,0,0,0,0,0,0],
[0,0,0,0,0,0,0,0,0,0,0,0,0,0,0,0,0,0,0,0,0,0,0,0,0,0,0,0,0,0,0,0,0,0,0,0,0,0,0,0,0,0,0,0,0,0,0,0,0,0,0,0,0,0,0,0,0,0,0,0,0,0,0,0,0,0,0,0,0,0,0,0,0,0,0,0,0,0,0,0,0,0,0,0,0,0,0,0,0,0,0,0,0,0,0,0,0,0,0,0,0,0,0,0,0,0,0,0,0,0,0,0,0,0,0,0,0,0,0,0,0,0,0,0,0,0,0,0,0,0,0,0,0,0,0,0,0,0,0,0,0,0,0,0,0,0,0,0,0,0,0,0,0,0,0,0,0,0,0,0,0,0,0,0,0,0,0,0,0,0,0,0,0,0,0,0,0,0,0,0],
[0,0,0,0,0,0,0,0,0,0,0,0,0,0,0,0,0,0,0,0,0,0,0,0,0,0,0,0,0,0,0,0,0,0,0,0,0,0,0,0,0,0,0,0,0,0,0,0,0,0,0,0,0,0,0,0,0,0,0,0,0,0,0,0,0,0,0,0,0,0,0,0,0,0,0,0,0,0,0,0,0,0,0,0,0,0,0,0,0,0,0,0,0,0,0,0,0,0,0,0,0,0,0,0,0,0,0,0,0,0,0,0,0,0,0,0,0,0,0,0,0,0,0,0,0,0,0,0,0,0,0,0,0,0,0,0,0,0,0,0,0,0,0,0,0,0,0,0,0,0,0,0,0,0,0,0,0,0,0,0,0,0,0,0,0,0,0,0,0,0,0,0,0,0,0,0,0,0,0,0]]