[[0,0,0,0,0,0,0,0,0,0,0,0,0,0,0,0,0,0,0,0,0,0,0,0,0,0,0,0,0,0,0,0,0,0,0,0,0,0,0,0,0,0,0,0,0,0,0,0,0,0,0,0,0,0,0,0,0,0,0,0,0,0,0,0,0,0,0,0,0,0,0,0,0,0,0,0,0,0,0,0,0,0,0,0,0,0,0,0,0,0,0,0,0,0,0,0,0,0,0,0,0,0,0,0,0,0,0,0,0,0,0,0,0,0,0,0,0,0,0,0],
[0,0,0,0,0,0,0,0,0,0,0,0,0,0,0,0,0,0,0,0,0,0,0,0,0,0,0,0,0,0,0,0,0,0,0,0,0,0,0,0,0,0,0,0,0,0,0,0,0,0,0,0,0,0,0,0,0,0,0,0,0,0,0,0,0,0,0,0,0,0,0,0,0,0,0,0,0,0,0,0,0,0,0,0,0,0,0,0,0,0,0,0,0,0,0,0,0,0,0,0,0,0,0,0,0,0,0,0,0,0,0,0,0,0,0,0,0,0,0,0],
[0,0,0,0,0,0,0,0,0,0,0,0,0,0,0,0,0,0,0,0,0,0,0,0,0,0,0,0,0,0,0,0,0,0,0,0,0,0,0,0,0,0,0,0,0,0,0,0,0,0,0,0,0,0,0,0,0,0,0,0,0,0,0,0,0,0,0,0,0,0,0,0,0,0,0,0,0,0,0,0,0,0,0,0,0,0,0,0,0,0,0,0,0,0,0,0,0,0,0,0,0,0,0,0,0,0,0,0,0,0,0,0,0,0,0,0,0,0,0,0],
[0,0,0,0,0,0,0,0,0,0,0,0,0,0,0,0,0,0,0,0,0,0,0,0,0,0,0,0,0,0,0,0,0,0,0,0,0,0,0,0,0,0,0,0,0,0,0,0,0,0,0,0,0,0,0,0,0,0,0,0,0,0,0,0,0,0,0,0,0,0,0,0,0,0,0,0,0,0,0,0,0,0,0,0,0,0,0,0,0,0,0,0,0,0,0,0,0,0,0,0,0,0,0,0,0,0,0,0,0,0,0,0,0,0,0,0,0,0,0,0],
[0,0,0,0,0,0,0,0,0,0,0,0,0,0,0,0,0,0,0,0,0,0,0,0,0,0,0,0,0,0,0,0,0,0,0,0,0,0,0,0,0,0,0,0,0,0,0,0,0,0,0,0,0,0,0,0,0,0,0,0,0,0,0,0,0,0,0,0,0,0,0,0,0,0,0,0,0,0,0,0,0,0,0,0,0,0,0,0,0,0,0,0,0,0,0,0,0,0,0,0,0,0,0,0,0,0,0,0,0,0,0,0,0,0,0,0,0,0,0,0],
[0,0,0,0,0,0,0,0,0,0,0,0,0,0,0,0,0,0,0,0,0,0,0,0,0,0,0,0,0,0,0,0,0,0,0,0,0,0,0,0,0,0,0,0,0,0,0,0,0,0,0,0,0,0,0,0,0,0,0,0,0,0,0,0,0,0,0,0,0,0,0,0,0,0,0,0,0,0,0,0,0,0,0,0,0,0,0,0,0,0,0,0,0,0,0,0,0,0,0,0,0,0,0,0,0,0,0,0,0,0,0,0,0,0,0,0,0,0,0,0],
[0,0,0,0,0,0,0,0,0,0,0,0,0,0,0,0,0,0,0,0,0,0,0,0,0,0,0,0,0,0,0,0,0,0,0,0,0,0,0,0,0,0,0,0,0,0,0,0,0,0,0,0,0,0,0,0,0,0,0,0,0,0,0,0,0,0,0,0,0,0,0,0,0,0,0,0,0,0,0,0,0,0,0,15.40,15.40,0,0,0,0,0,0,0,0,0,0,0,0,0,0,0,0,0,0,0,0,0,0,0,0,0,0,0,0,0,0,0,0,0,0,0],
[0,0,0,0,0,0,0,0,0,0,0,0,0,0,0,0,0,0,0,0,0,0,0,0,0,0,0,0,0,0,0,0,0,0,0,0,0,0,0,0,0,0,0,0,0,0,0,0,0,0,0,0,0,0,0,0,0,0,0,0,0,0,0,0,0,0,0,0,0,0,0,0,0,0,0,0,0,0,0,0,0,15.40,15.40,15.40,15.40,15.40,15.40,0,0,0,0,0,0,0,0,0,0,0,0,0,0,0,0,0,0,0,0,0,0,0,0,0,0,0,0,0,0,0,0,0],
[0,0,0,0,0,0,0,0,0,0,0,0,0,0,0,0,0,0,0,0,0,0,0,0,0,0,0,0,0,0,0,0,0,0,0,0,0,0,0,0,0,0,0,0,0,0,0,0,0,0,0,0,0,0,0,0,0,0,0,0,0,0,0,0,0,0,0,0,0,0,0,0,0,0,0,0,0,0,0,15.40,15.40,15.40,15.40,15.40,15.40,15.40,15.40,0,0,0,0,0,0,0,0,0,0,0,0,0,0,0,0,0,0,0,0,0,0,0,0,0,0,0,0,0,0,0,0,0],
[0,0,0,0,0,0,0,0,0,0,0,0,0,0,0,0,0,0,0,0,0,0,0,0,0,0,0,0,0,0,0,0,0,0,0,0,0,0,0,0,0,0,0,0,0,0,0,0,0,0,0,0,0,0,0,0,0,0,0,0,0,0,0,0,0,0,0,0,0,0,0,0,0,0,0,0,15.40,15.40,15.40,15.40,15.40,15.40,15.40,15.40,15.40,15.40,15.40,0,0,0,0,0,0,0,0,0,0,0,0,0,0,0,0,0,0,0,0,0,0,0,0,0,0,0,0,0,0,0,0,0],
[0,0,0,0,0,0,0,0,0,0,0,0,0,0,0,0,0,0,0,0,0,0,0,0,0,0,0,0,0,0,0,0,0,0,0,0,0,0,0,0,0,0,0,0,0,0,0,0,0,0,0,0,0,0,0,0,0,0,0,0,0,0,0,0,0,0,0,0,0,0,0,0,0,15.40,15.40,15.40,15.40,15.40,15.40,15.40,15.40,15.40,15.40,15.40,15.40,15.40,0,0,0,0,0,0,0,0,0,0,0,0,0,0,0,0,0,0,0,0,0,0,0,0,0,0,0,0,0,0,0,0,0,0],
[0,0,0,0,0,0,0,0,0,0,0,0,0,0,0,0,0,0,0,0,0,0,0,0,0,0,0,0,0,0,0,0,0,0,0,0,0,0,0,0,0,0,0,0,0,0,0,0,0,0,0,0,0,0,0,0,0,0,0,0,0,0,0,0,0,0,0,0,0,0,0,0,15.40,15.40,15.40,15.40,15.40,15.40,15.40,15.40,15.40,15.40,15.40,15.40,15.40,15.40,0,0,0,0,0,0,0,0,0,0,0,0,0,0,0,0,0,0,0,0,0,0,0,0,0,0,0,0,0,0,0,0,0,0],
[0,0,0,0,0,0,0,0,0,0,0,0,0,0,0,0,0,0,0,0,0,0,0,0,0,0,0,0,0,0,0,0,0,0,0,0,0,0,0,0,0,0,0,0,0,0,0,0,0,0,0,0,0,0,0,0,0,0,0,0,0,0,0,0,0,0,0,0,0,0,15.40,15.40,15.40,15.40,15.40,15.40,15.40,15.40,15.40,15.40,15.40,15.40,15.40,15.40,15.40,15.40,0,0,0,0,0,0,0,0,0,0,0,0,0,0,0,0,0,0,0,0,0,0,0,0,0,0,0,0,0,0,0,0,0,0],
[0,0,0,0,0,0,0,0,0,0,0,0,0,0,0,0,0,0,0,0,0,0,0,0,0,0,0,0,0,0,0,0,0,0,0,0,0,0,0,0,0,0,0,0,0,0,0,0,0,0,0,0,0,0,0,0,0,0,0,0,0,0,0,0,0,0,0,15.40,15.40,15.40,15.40,15.40,15.40,15.40,15.40,15.40,15.40,15.40,15.40,15.40,15.40,15.40,15.40,15.40,15.40,15.40,15.40,0,0,0,0,0,0,0,0,0,0,0,0,0,0,0,15.40,15.40,15.40,0,0,0,0,0,0,0,0,0,0,0,0,0,0,0],
[0,0,0,0,0,0,0,0,0,0,0,0,0,0,0,0,0,0,0,0,0,0,0,0,0,0,0,0,0,0,0,0,0,0,0,0,0,0,0,0,0,0,0,0,0,0,0,0,0,0,0,0,0,0,0,0,0,0,0,0,0,0,0,0,0,0,15.40,15.40,15.40,15.40,15.40,15.40,15.40,15.40,15.40,15.40,15.40,15.40,15.40,15.40,15.40,15.40,15.40,15.40,15.40,15.40,15.40,15.40,0,0,0,0,0,0,0,0,0,0,0,0,15.40,15.40,15.40,15.40,15.40,15.40,0,0,0,0,0,0,0,0,0,0,0,0,0,0],
[0,0,0,0,0,0,0,0,0,0,0,0,0,0,0,0,0,0,0,0,0,0,0,0,0,0,0,0,0,0,0,0,0,0,0,0,0,0,0,0,0,0,0,0,0,0,0,0,0,0,0,0,0,0,0,0,0,0,0,0,0,0,0,0,0,15.40,15.40,15.40,15.40,15.40,15.40,15.40,15.40,15.40,15.40,15.40,15.40,15.40,15.40,15.40,15.40,15.40,15.40,15.40,15.40,15.40,15.40,15.40,15.40,15.40,0,0,0,0,0,0,0,0,0,15.40,15.40,15.40,15.40,15.40,15.40,15.40,0,0,0,0,0,0,0,0,0,0,0,0,0,0],
[0,0,0,0,0,0,0,0,0,0,0,0,0,0,0,0,0,0,0,0,0,0,0,0,0,0,0,0,0,0,0,0,0,0,0,0,0,0,0,0,0,0,0,0,0,0,0,0,0,0,0,0,0,0,0,0,0,0,0,0,0,0,0,0,15.40,15.40,15.40,15.40,15.40,15.40,15.40,15.40,15.40,15.40,15.40,15.40,15.40,15.40,15.40,15.40,15.40,15.40,15.40,15.40,15.40,15.40,15.40,15.40,15.40,15.40,15.40,15.40,15.40,15.40,15.40,0,15.40,15.40,15.40,15.40,15.40,15.40,15.40,15.40,15.40,15.40,0,0,0,0,0,0,0,0,0,0,0,0,0,0],
[0,0,0,0,0,0,0,0,0,0,0,0,0,0,0,0,0,0,0,0,0,0,0,0,0,0,0,0,0,0,0,0,0,0,0,0,0,0,0,0,0,0,0,0,0,0,0,0,0,0,0,0,0,0,0,0,0,0,0,0,0,0,0,15.40,15.40,15.40,15.40,15.40,15.40,15.40,15.40,15.40,15.40,15.40,15.40,15.40,15.40,15.40,15.40,15.40,15.40,15.40,15.40,15.40,15.40,15.40,15.40,15.40,15.40,15.40,15.40,15.40,15.40,15.40,15.40,15.40,15.40,15.40,15.40,15.40,15.40,15.40,15.40,15.40,15.40,0,0,0,0,0,0,0,0,0,0,0,0,0,0,0],
[0,0,0,0,0,0,0,0,0,0,0,0,0,0,0,0,0,0,0,0,0,0,0,0,0,0,0,0,0,0,0,0,0,0,0,0,0,0,0,0,0,0,0,0,0,0,0,0,0,0,0,0,0,0,0,0,0,0,0,0,0,0,0,15.40,15.40,15.40,15.40,15.40,15.40,15.40,15.40,15.40,15.40,15.40,15.40,15.40,15.40,15.40,15.40,15.40,15.40,15.40,15.40,15.40,15.40,15.40,15.40,15.40,15.40,15.40,15.40,15.40,15.40,15.40,15.40,15.40,15.40,15.40,15.40,15.40,15.40,15.40,15.40,15.40,15.40,0,0,0,0,0,0,0,0,0,0,0,0,0,0,0],
[0,0,0,0,0,0,0,0,0,0,0,0,0,0,0,0,0,0,0,0,0,0,0,0,0,0,0,0,0,0,0,0,0,0,0,0,0,0,0,0,0,0,0,0,0,0,0,0,0,0,0,0,0,0,0,0,0,0,0,0,0,0,0,15.40,15.40,15.40,15.40,15.40,15.40,15.40,15.40,15.40,15.40,15.40,15.40,15.40,15.40,15.40,15.40,15.40,15.40,15.40,15.40,15.40,15.40,15.40,15.40,15.40,15.40,15.40,15.40,15.40,15.40,15.40,15.40,15.40,15.40,15.40,15.40,15.40,15.40,15.40,15.40,15.40,15.40,0,0,0,0,0,0,0,0,0,0,0,0,0,0,0],
[0,0,0,0,0,0,0,0,0,0,0,0,0,0,0,0,0,0,0,0,0,0,0,0,0,0,0,0,0,0,0,0,0,0,0,0,0,0,0,0,0,0,0,0,0,0,0,0,0,0,0,0,0,0,0,0,0,0,0,0,0,0,0,15.40,15.40,15.40,15.40,15.40,15.40,15.40,15.40,15.40,15.40,15.40,15.40,15.40,15.40,15.40,15.40,15.40,15.40,15.40,15.40,15.40,15.40,15.40,15.40,15.40,15.40,15.40,15.40,15.40,15.40,15.40,15.40,15.40,15.40,15.40,15.40,15.40,15.40,15.40,15.40,15.40,15.40,0,0,0,0,0,0,0,0,0,0,0,0,0,0,0],
[0,0,0,0,0,0,0,0,0,0,0,0,0,0,0,0,0,0,0,0,0,0,0,0,0,0,0,0,0,0,0,0,0,0,0,0,0,0,0,0,0,0,0,0,0,0,0,0,0,0,0,0,0,0,0,0,0,0,0,0,0,0,0,0,15.40,15.40,15.40,15.40,15.40,15.40,15.40,15.40,15.40,15.40,15.40,15.40,15.40,15.40,15.40,15.40,15.40,15.40,15.40,15.40,15.40,15.40,15.40,15.40,15.40,15.40,15.40,15.40,15.40,15.40,15.40,15.40,15.40,15.40,15.40,15.40,15.40,15.40,15.40,15.40,15.40,0,0,0,0,0,0,0,0,0,0,0,0,0,0,0],
[0,0,0,0,0,0,0,0,0,0,0,0,0,0,0,0,0,0,0,0,0,0,0,0,0,0,0,0,0,0,0,0,0,0,0,0,0,0,0,0,0,0,0,0,0,0,0,0,0,0,0,0,0,0,0,0,0,0,0,0,0,0,0,0,15.40,15.40,15.40,15.40,15.40,15.40,15.40,15.40,15.40,15.40,15.40,15.40,15.40,15.40,15.40,15.40,15.40,15.40,15.40,15.40,15.40,15.40,15.40,15.40,15.40,15.40,15.40,15.40,15.40,15.40,15.40,15.40,15.40,15.40,15.40,15.40,15.40,15.40,15.40,15.40,15.40,0,0,0,0,0,0,0,0,0,0,0,0,0,0,0],
[0,0,0,0,0,0,0,0,0,0,0,0,0,0,0,0,0,0,0,0,0,0,0,0,0,0,0,0,0,0,0,0,0,0,0,0,0,0,0,0,0,0,0,0,0,0,0,0,0,0,0,0,0,0,0,0,0,0,0,0,0,0,0,0,15.40,15.40,15.40,15.40,15.40,15.40,15.40,15.40,15.40,15.40,15.40,15.40,15.40,15.40,15.40,15.40,15.40,15.40,15.40,15.40,15.40,15.40,15.40,15.40,15.40,15.40,15.40,15.40,15.40,15.40,15.40,15.40,15.40,15.40,15.40,15.40,15.40,15.40,15.40,15.40,0,0,0,0,0,0,0,0,0,0,0,0,0,0,0,0],
[0,0,0,0,0,0,0,0,0,0,0,0,0,0,0,0,0,0,0,0,0,0,0,0,0,0,0,0,0,0,0,0,0,0,0,0,0,0,0,0,0,0,0,0,0,0,0,0,0,0,0,0,0,0,0,0,0,0,0,0,0,0,0,0,15.40,15.40,15.40,15.40,15.40,15.40,15.40,15.40,15.40,15.40,15.40,15.40,15.40,15.40,15.40,15.40,15.40,15.40,15.40,15.40,15.40,15.40,15.40,15.40,15.40,15.40,15.40,15.40,15.40,15.40,15.40,15.40,15.40,15.40,15.40,15.40,15.40,15.40,15.40,15.40,0,0,0,0,0,0,0,0,0,0,0,0,0,0,0,0],
[0,0,0,0,0,0,0,0,0,0,0,0,0,0,0,0,0,0,0,0,0,0,0,0,0,0,0,0,0,0,0,0,0,0,0,0,0,0,0,0,0,0,0,0,0,0,0,0,0,0,0,0,0,0,0,0,0,0,0,0,0,0,0,15.40,15.40,15.40,15.40,15.40,15.40,15.40,15.40,15.40,15.40,15.40,15.40,15.40,15.40,15.40,15.40,15.40,15.40,15.40,15.40,15.40,15.40,15.40,15.40,15.40,15.40,15.40,15.40,15.40,15.40,15.40,15.40,15.40,15.40,15.40,15.40,15.40,15.40,15.40,15.40,15.40,15.40,0,0,0,0,0,0,0,0,0,0,0,0,0,0,0],
[0,0,0,0,0,0,0,0,0,0,0,0,0,0,0,0,0,0,0,0,0,0,0,0,0,0,0,0,0,0,0,0,0,0,0,0,0,0,0,0,0,0,0,0,0,0,0,0,0,0,0,0,0,0,0,0,0,0,0,0,0,0,15.40,15.40,15.40,15.40,15.40,15.40,15.40,15.40,15.40,15.40,15.40,15.40,15.40,15.40,15.40,15.40,15.40,15.40,15.40,15.40,15.40,15.40,15.40,15.40,15.40,15.40,15.40,15.40,15.40,15.40,15.40,15.40,15.40,15.40,15.40,15.40,15.40,15.40,15.40,15.40,15.40,15.40,15.40,0,0,0,0,0,0,0,0,0,0,0,0,0,0,0],
[0,0,0,0,0,0,0,0,0,0,0,0,0,0,0,0,0,0,0,0,0,0,0,0,0,0,0,0,0,0,0,0,0,0,0,0,0,0,0,0,0,0,0,0,0,0,0,0,0,0,0,0,0,0,0,0,0,0,0,0,0,0,15.40,15.40,15.40,15.40,15.40,15.40,15.40,15.40,15.40,15.40,15.40,15.40,15.40,15.40,15.40,15.40,15.40,15.40,15.40,15.40,15.40,15.40,15.40,15.40,15.40,15.40,15.40,15.40,15.40,15.40,15.40,15.40,15.40,15.40,15.40,15.40,15.40,15.40,15.40,15.40,15.40,15.40,15.40,15.40,0,0,0,0,0,0,0,0,0,0,0,0,0,0],
[0,0,0,0,0,0,0,0,0,0,0,0,0,0,0,0,0,0,0,0,0,0,0,0,0,0,0,0,0,0,0,0,0,0,0,0,0,0,0,0,0,0,0,0,0,0,0,0,0,0,0,0,0,0,0,0,0,0,0,0,0,0,15.40,15.40,15.40,15.40,15.40,15.40,15.40,15.40,15.40,15.40,15.40,15.40,15.40,15.40,15.40,15.40,15.40,15.40,15.40,15.40,15.40,15.40,15.40,15.40,15.40,15.40,15.40,15.40,15.40,15.40,15.40,15.40,15.40,15.40,15.40,15.40,15.40,15.40,15.40,15.40,15.40,15.40,15.40,15.40,15.40,0,0,0,0,0,0,0,0,0,0,0,0,0],
[0,0,0,0,0,0,0,0,0,0,0,0,0,0,0,0,0,0,0,0,0,0,0,0,0,0,0,0,0,0,0,0,0,0,0,0,0,0,0,0,0,0,0,0,0,0,0,0,0,0,0,0,0,0,0,0,0,0,0,0,0,0,15.40,15.40,15.40,15.40,15.40,15.40,15.40,15.40,15.40,15.40,15.40,15.40,15.40,15.40,15.40,15.40,15.40,15.40,15.40,15.40,0,0,15.40,15.40,15.40,15.40,15.40,15.40,15.40,15.40,15.40,15.40,15.40,15.40,15.40,15.40,15.40,15.40,15.40,15.40,15.40,15.40,15.40,15.40,15.40,15.40,15.40,0,0,15.40,15.40,15.40,15.40,0,0,0,0,0],
[0,0,0,0,0,0,0,0,0,0,0,0,0,0,0,0,0,0,0,0,0,0,0,0,0,0,0,0,0,0,0,0,0,0,0,0,0,0,0,0,0,0,0,0,0,0,0,0,0,0,0,0,0,0,0,0,0,0,0,0,0,0,0,15.40,15.40,15.40,15.40,15.40,15.40,15.40,15.40,15.40,15.40,15.40,15.40,15.40,15.40,15.40,15.40,15.40,15.40,0,0,0,0,15.40,0,0,0,15.40,15.40,15.40,15.40,15.40,15.40,15.40,15.40,15.40,15.40,15.40,15.40,15.40,15.40,15.40,15.40,15.40,15.40,15.40,15.40,15.40,15.40,15.40,15.40,15.40,15.40,15.40,15.40,0,0,0],
[0,0,0,0,0,0,0,0,0,0,0,0,0,0,0,0,0,0,0,0,0,0,0,0,0,0,0,0,0,0,19.49,19.49,19.49,0,0,0,0,0,0,0,0,0,0,0,0,0,0,0,0,0,0,0,0,0,0,0,0,0,0,0,0,0,0,15.40,15.40,15.40,15.40,15.40,15.40,15.40,15.40,15.40,15.40,15.40,15.40,15.40,15.40,15.40,15.40,15.40,0,0,0,0,0,0,0,0,0,0,0,0,0,15.40,15.40,15.40,15.40,15.40,15.40,15.40,15.40,15.40,15.40,15.40,15.40,15.40,15.40,15.40,15.40,15.40,15.40,15.40,15.40,15.40,15.40,15.40,15.40,0,0,0],
[0,0,0,0,0,0,0,0,0,0,0,0,0,0,0,0,0,0,0,0,0,0,0,0,0,0,0,0,0,19.49,19.49,19.49,19.49,19.49,19.49,0,0,0,0,0,0,0,0,0,0,0,0,0,0,0,0,0,0,0,0,0,0,0,0,0,0,0,0,15.40,15.40,15.40,15.40,15.40,15.40,15.40,15.40,15.40,15.40,15.40,15.40,15.40,15.40,15.40,15.40,0,0,0,0,0,0,0,0,0,0,0,0,0,0,0,15.40,15.40,15.40,15.40,15.40,15.40,15.40,15.40,15.40,15.40,15.40,15.40,15.40,15.40,15.40,15.40,15.40,15.40,15.40,15.40,15.40,15.40,15.40,15.40,0,0],
[0,0,0,0,0,0,0,0,0,0,0,0,0,0,0,0,0,0,0,0,0,0,0,0,0,0,0,0,0,19.49,19.49,19.49,19.49,19.49,19.49,19.49,19.49,0,0,0,0,0,0,0,0,0,0,0,0,0,0,0,0,0,0,0,0,0,0,0,0,0,15.65,15.40,15.40,15.40,15.40,15.40,15.40,15.40,15.40,15.40,15.40,15.40,15.40,15.40,15.40,15.40,15.40,0,0,0,0,0,0,0,0,0,0,0,0,0,0,0,0,0,15.40,15.40,15.40,15.40,15.40,15.40,15.40,15.40,15.40,15.40,15.40,15.40,15.40,15.40,15.40,15.40,15.40,15.40,15.40,15.40,15.40,15.40,15.40,0],
[0,0,0,0,0,0,0,0,0,0,0,0,0,0,0,0,0,0,0,0,0,0,0,0,0,19.49,19.49,19.49,19.49,19.49,19.49,19.49,19.49,19.49,19.49,19.49,19.49,19.49,0,0,0,0,0,0,0,0,0,0,0,0,0,0,0,0,0,0,0,0,0,0,16.28,16.04,15.78,15.53,15.40,15.40,15.40,15.40,15.40,15.40,15.40,15.40,15.40,15.40,15.40,15.40,15.40,15.40,15.40,0,0,0,0,0,0,0,0,0,0,0,0,0,0,0,0,0,0,0,15.40,15.40,15.40,15.40,15.40,15.40,15.40,15.40,15.40,15.40,15.40,15.40,15.40,15.40,15.40,15.40,15.40,15.40,15.40,15.40,15.40,0],
[0,0,0,0,0,0,0,0,0,0,0,0,0,0,0,0,0,0,0,0,0,0,0,0,19.49,19.49,19.49,19.49,19.49,19.49,19.49,19.49,19.49,19.49,19.49,19.49,19.49,19.49,0,0,0,0,0,0,0,0,0,0,0,0,0,0,0,0,0,0,0,0,17.19,16.82,16.43,16.17,15.91,15.65,15.40,15.40,15.40,15.40,15.40,15.40,15.40,15.40,15.40,15.40,15.40,15.40,15.40,15.40,15.40,0,0,0,0,0,0,0,0,0,0,0,0,0,0,0,0,0,0,0,0,0,15.40,15.40,15.40,15.40,15.40,15.40,15.40,15.40,15.40,15.40,15.40,15.40,15.40,15.40,15.40,15.40,15.40,15.40,0,0],
[0,0,0,0,0,0,0,0,0,0,0,0,0,0,0,0,0,0,0,0,0,0,0,0,19.49,19.49,19.49,19.49,19.49,19.49,19.49,19.49,19.49,19.49,19.49,19.49,19.49,19.49,0,0,0,0,0,0,0,0,0,0,0,0,0,0,0,0,0,0,0,17.80,17.42,17.02,16.62,16.36,16.10,15.82,15.57,15.40,15.40,15.40,15.40,15.40,15.40,15.40,15.40,15.40,15.40,15.40,15.40,15.40,0,0,0,0,0,0,0,0,0,0,0,0,0,0,0,0,0,0,0,0,0,0,0,0,15.40,15.40,15.40,15.40,15.40,15.40,15.40,15.40,15.40,15.40,15.40,15.40,15.40,15.40,15.40,15.40,0,0],
[0,0,0,0,0,0,0,0,0,0,0,0,0,0,0,0,0,0,0,0,0,0,0,0,19.49,19.49,19.49,19.49,19.49,19.49,19.49,19.49,19.49,19.49,19.49,19.49,19.49,19.49,0,0,0,0,0,0,0,0,0,0,0,0,0,0,0,0,0,18.78,18.40,18.01,17.61,17.21,16.82,16.54,16.25,15.98,15.74,15.49,15.40,15.40,15.40,15.40,15.40,15.40,0,0,0,0,0,0,0,0,0,0,0,0,0,0,0,0,0,0,0,0,0,0,0,0,0,0,0,0,0,0,15.40,15.40,15.40,15.40,15.40,15.40,15.40,15.40,15.40,15.40,15.40,15.40,15.40,15.40,15.40,0,0,0],
[0,0,0,0,0,0,0,0,0,0,0,0,0,0,0,0,0,0,0,0,0,0,0,0,0,19.49,19.49,19.49,19.49,19.49,19.49,19.49,19.49,19.49,19.49,19.49,19.49,19.49,0,0,0,0,0,0,0,0,0,0,0,0,0,0,0,0,19.25,19.00,18.61,18.23,17.85,17.47,17.07,16.70,16.41,16.15,15.90,15.66,15.40,15.40,15.40,15.40,15.40,15.40,0,0,0,0,0,0,0,0,0,0,0,0,0,0,0,0,0,0,0,0,0,0,0,0,0,0,0,0,0,0,15.40,15.40,15.40,15.40,15.40,15.40,15.40,15.40,15.40,15.40,15.40,15.40,15.40,15.40,0,0,0,0],
[0,0,0,0,0,0,0,0,0,0,0,0,0,0,0,0,0,0,0,0,0,0,0,0,0,19.49,19.49,19.49,19.49,19.49,19.49,19.49,19.49,19.49,19.49,19.49,19.49,0,0,0,0,0,0,0,0,0,0,0,0,0,0,0,0,0,19.33,19.28,18.95,18.56,18.18,17.76,17.37,16.91,16.57,16.33,16.09,15.86,0,0,0,15.40,0,0,0,0,0,0,0,0,0,0,0,0,0,0,0,0,0,0,0,0,0,0,0,0,0,0,0,0,0,0,0,15.40,15.40,15.40,15.40,15.40,15.40,15.40,15.40,15.40,15.40,15.40,15.40,15.40,15.40,0,0,0,0,0],
[0,0,0,0,0,0,0,0,0,0,0,0,0,0,0,0,0,0,0,0,0,0,0,0,19.49,19.49,19.49,19.49,19.49,19.49,19.49,19.49,19.49,19.49,19.49,19.49,0,0,0,0,0,0,0,0,0,0,0,0,0,0,0,0,0,19.47,19.44,19.41,19.24,18.88,18.46,18.05,17.68,17.14,16.83,16.53,16.30,0,0,0,0,0,0,0,0,0,0,0,0,0,0,0,0,0,0,0,0,0,0,0,0,0,0,0,0,0,0,0,0,0,0,0,0,15.40,15.40,15.40,15.40,15.40,15.40,15.40,15.40,15.40,15.40,15.40,15.40,15.40,0,0,0,0,0,0],
[0,0,0,0,0,0,0,0,0,0,0,0,0,0,0,0,0,0,0,0,0,0,0,19.49,19.49,19.49,19.49,19.49,19.49,19.49,19.49,19.49,19.49,19.49,19.49,19.49,19.49,19.49,0,0,0,0,0,0,0,19.49,0,0,19.49,19.49,0,0,19.49,19.49,19.48,19.45,19.39,19.17,18.75,18.35,17.98,17.57,17.18,16.77,0,0,0,0,0,0,0,0,0,0,0,0,0,0,0,0,0,0,0,0,0,0,0,0,0,0,0,0,0,0,0,0,0,0,15.40,15.40,15.40,15.40,15.40,15.40,15.40,15.40,15.40,15.40,15.40,15.40,15.40,15.40,15.40,15.40,0,0,0,0,0,0],
[0,0,0,0,0,0,0,0,0,0,0,0,0,0,0,0,0,0,0,0,0,0,0,19.49,19.49,19.49,19.49,19.49,19.49,19.49,19.49,19.49,19.49,19.49,19.49,19.49,19.49,19.49,19.49,19.49,19.49,19.49,19.49,19.49,19.49,19.49,19.49,19.49,19.49,19.49,19.49,19.49,19.49,19.49,19.49,19.48,19.44,19.35,19.04,18.66,18.24,17.87,0,0,0,0,0,0,0,0,0,0,0,0,0,0,0,0,0,0,0,0,0,0,0,0,0,0,0,0,0,0,0,0,0,0,0,15.40,15.40,15.40,15.40,15.40,15.40,15.40,15.40,15.40,15.40,15.40,15.40,15.40,15.40,15.40,15.40,15.40,0,0,0,0,0,0],
[0,0,0,0,0,0,0,0,0,0,0,0,0,0,0,0,0,0,0,0,0,0,0,19.49,19.49,19.49,19.49,19.49,19.49,19.49,19.49,19.49,19.49,19.49,19.49,19.49,19.49,19.49,19.49,19.49,19.49,19.49,19.49,19.49,19.49,19.49,19.49,19.49,19.49,19.49,19.49,19.49,19.49,19.49,19.49,19.49,19.48,19.41,19.29,19.03,18.61,0,0,0,0,0,0,0,0,0,0,0,0,0,0,0,0,0,0,0,0,0,0,0,0,0,0,0,0,0,0,0,0,0,0,0,0,15.40,15.40,15.40,15.40,15.40,15.40,15.40,15.40,15.40,15.40,15.40,15.40,15.40,15.40,15.40,15.40,15.40,0,0,0,0,0,0],
[0,0,0,0,0,0,0,0,0,0,0,0,0,0,0,0,0,0,0,0,0,0,0,19.49,19.49,19.49,19.49,19.49,19.49,19.49,19.49,19.49,19.49,19.49,19.49,19.49,19.49,19.49,19.49,19.49,19.49,19.49,19.49,19.49,19.49,19.49,19.49,19.49,19.49,19.49,19.49,19.49,19.49,19.49,19.49,19.49,19.49,19.46,19.41,0,0,0,0,0,0,0,0,0,0,0,0,0,0,0,0,0,0,0,0,0,0,0,0,0,0,0,0,0,0,0,0,0,0,0,0,0,0,15.40,15.40,15.40,15.40,15.40,15.40,15.40,15.40,15.40,15.40,15.40,15.40,15.40,15.40,15.40,15.40,15.40,0,0,0,0,0,0],
[0,0,0,0,0,0,0,0,0,0,0,0,0,0,0,0,0,0,0,0,0,0,0,19.49,19.49,19.49,19.49,19.49,19.49,19.49,19.49,19.49,19.49,19.49,19.49,19.49,19.49,19.49,19.49,19.49,19.49,19.49,19.49,19.49,19.49,19.49,19.49,19.49,19.49,19.49,19.49,19.49,19.49,19.49,19.49,19.49,19.49,0,0,0,0,0,0,0,0,0,0,0,0,0,0,0,0,0,0,0,0,0,0,0,0,0,0,0,0,0,0,0,0,0,0,0,0,0,0,0,0,15.40,15.40,15.40,15.40,15.40,15.40,15.40,15.40,15.40,15.40,15.40,15.40,15.40,15.40,15.40,15.40,15.40,0,0,0,0,0,0],
[0,0,0,0,0,0,0,0,0,0,0,0,0,0,0,0,0,0,0,0,0,0,19.49,19.49,19.49,19.49,19.49,19.49,19.49,19.49,19.49,19.49,19.49,19.49,19.49,19.49,19.49,19.49,19.49,19.49,19.49,19.49,19.49,19.49,19.49,19.49,19.49,19.49,19.49,19.49,19.49,19.49,19.49,19.49,19.49,19.49,19.49,0,0,0,0,0,0,0,0,0,0,0,0,0,0,0,0,0,0,0,0,0,0,0,0,0,0,0,0,0,0,0,0,0,0,0,0,0,0,0,15.40,15.40,15.40,15.40,15.40,15.40,15.40,15.40,15.40,15.40,15.40,15.40,15.40,15.40,15.40,15.40,15.40,15.40,0,0,0,0,0,0],
[0,0,0,0,0,0,0,0,0,0,0,0,0,0,0,0,0,0,0,0,0,0,0,19.49,19.49,19.49,19.49,19.49,19.49,19.49,19.49,19.49,19.49,19.49,19.49,19.49,19.49,19.49,19.49,19.49,19.49,19.49,19.49,19.49,19.49,19.49,19.49,19.49,19.49,19.49,19.49,19.49,19.49,19.49,19.49,19.49,0,0,0,0,0,0,0,0,0,0,0,0,0,0,0,0,0,0,0,0,0,0,0,0,0,0,0,0,0,0,0,0,0,0,0,0,0,0,0,15.40,15.40,15.40,15.40,15.40,15.40,15.40,15.40,15.40,15.40,15.40,15.40,15.40,15.40,15.40,15.40,15.40,15.40,0,0,0,0,0,0,0],
[0,0,0,0,0,0,0,0,0,0,0,0,0,0,0,0,0,0,0,0,0,0,0,19.49,19.49,19.49,19.49,19.49,19.49,19.49,19.49,19.49,19.49,19.49,19.49,19.49,19.49,19.49,19.49,19.49,19.49,19.49,19.49,19.49,19.49,19.49,19.49,19.49,19.49,19.49,19.49,19.49,19.49,19.49,19.49,19.49,0,0,0,0,0,0,0,0,0,0,0,0,0,0,0,0,0,0,0,0,0,0,0,0,0,0,0,0,0,0,0,0,0,0,0,0,0,0,0,15.40,15.40,15.40,15.40,15.40,15.40,15.40,15.40,15.40,15.40,15.40,15.40,15.40,15.40,15.40,15.40,15.40,15.40,0,0,0,0,0,0,0],
[0,0,0,0,0,0,0,0,0,0,0,0,0,0,0,0,0,0,0,0,0,0,0,19.49,19.49,19.49,19.49,19.49,19.49,19.49,19.49,19.49,19.49,19.49,19.49,19.49,19.49,19.49,19.49,19.49,19.49,19.49,19.49,19.49,19.49,19.49,19.49,19.49,19.49,19.49,19.49,19.49,19.49,19.49,0,0,0,0,0,0,0,0,0,0,0,0,0,0,0,0,0,0,0,0,0,0,0,0,0,0,0,0,0,0,0,0,0,0,0,0,0,0,0,0,0,15.40,15.40,15.40,15.40,15.40,15.40,15.40,15.40,15.40,15.40,15.40,15.40,15.40,15.40,15.40,15.40,15.40,0,0,0,0,0,0,0,0],
[0,0,0,0,0,0,0,0,0,0,0,0,0,0,0,0,0,0,0,0,0,0,19.49,19.49,19.49,19.49,19.49,19.49,19.49,19.49,19.49,19.49,19.49,19.49,19.49,19.49,19.49,19.49,19.49,19.49,19.49,19.49,19.49,19.49,19.49,19.49,19.49,19.49,19.49,19.49,19.49,19.49,19.49,0,0,0,0,0,0,0,0,0,0,0,0,0,0,0,0,0,0,0,0,0,0,0,0,0,0,0,0,0,0,0,0,0,0,0,0,0,0,0,0,0,0,15.40,15.40,15.40,15.40,15.40,15.40,15.40,15.40,15.40,15.40,15.40,15.40,15.40,15.40,15.40,0,0,0,0,0,0,0,0,0,0],
[0,0,0,0,0,0,0,0,0,0,0,0,0,0,0,0,0,0,0,0,19.49,19.49,19.49,19.49,19.49,19.49,19.49,19.49,19.49,19.49,19.49,19.49,19.49,19.49,19.49,19.49,19.49,19.49,19.49,19.49,19.49,19.49,19.49,19.49,19.49,19.49,19.49,19.49,19.49,19.49,19.49,19.49,19.49,0,0,0,0,0,0,0,0,0,0,0,0,0,0,0,0,0,0,0,0,0,0,0,0,0,0,0,0,0,0,0,0,0,0,0,0,0,0,0,0,0,15.40,15.40,15.40,15.40,15.40,15.40,15.40,15.40,15.40,15.40,15.40,15.40,15.40,15.40,15.40,0,0,0,0,0,0,0,0,0,0,0],
[0,0,0,0,0,0,0,0,0,0,0,0,0,0,0,0,0,0,19.49,19.49,19.49,19.49,19.49,19.49,19.49,19.49,19.49,19.49,19.49,19.49,19.49,19.49,19.49,19.49,19.49,19.49,19.49,19.49,19.49,19.49,19.49,19.49,19.49,19.49,19.49,19.49,19.49,19.49,19.49,19.49,0,0,0,0,0,0,0,0,0,0,0,0,0,0,0,0,0,0,0,0,0,0,0,0,0,0,0,0,0,0,0,0,0,0,0,0,0,0,0,0,0,0,0,0,0,15.40,15.40,15.40,15.40,15.40,15.40,15.40,15.40,15.40,15.40,15.40,15.40,15.40,15.40,0,0,0,0,0,0,0,0,0,0,0],
[0,0,0,0,0,0,0,0,0,0,0,0,0,0,0,0,0,19.49,19.49,19.49,19.49,19.49,19.49,19.49,19.49,19.49,19.49,19.49,19.49,19.49,19.49,19.49,19.49,19.49,19.49,19.49,19.49,19.49,19.49,19.49,19.49,19.49,19.49,19.49,19.49,19.49,19.49,19.49,19.49,0,0,0,0,0,0,0,0,0,0,0,0,0,0,0,0,0,0,0,0,0,0,0,0,0,0,0,0,0,0,0,0,0,0,0,0,0,0,0,0,0,0,0,0,0,0,15.40,15.40,15.40,15.40,15.40,15.40,15.40,15.40,15.40,15.40,15.40,15.40,15.40,15.40,0,0,0,0,0,0,0,0,0,0,0],
[0,0,0,0,0,0,0,0,0,0,0,0,0,0,0,0,0,19.49,19.49,19.49,19.49,19.49,19.49,19.49,19.49,19.49,19.49,19.49,19.49,19.49,19.49,19.49,19.49,19.49,19.49,19.49,19.49,19.49,19.49,19.49,19.49,19.49,19.49,19.49,19.49,19.49,19.49,19.49,19.49,0,0,0,0,0,0,0,0,0,0,0,0,0,0,0,0,0,0,0,0,0,0,0,0,0,0,0,0,0,0,0,0,0,0,0,0,0,0,0,0,0,0,0,0,0,0,15.40,15.40,15.40,15.40,15.40,15.40,15.40,15.40,15.40,15.40,15.40,0,0,0,0,0,0,0,0,0,0,0,0,0,0],
[0,0,0,0,0,0,0,0,0,0,0,0,0,0,0,0,0,19.49,19.49,19.49,19.49,19.49,19.49,19.49,19.49,19.49,19.49,19.49,19.49,19.49,19.49,19.49,19.49,19.49,19.49,19.49,19.49,19.49,19.49,19.49,19.49,19.49,19.49,19.49,19.49,19.49,19.49,19.49,19.49,0,0,0,0,0,0,0,0,0,0,0,0,0,0,0,0,0,0,0,0,0,0,0,0,0,0,0,0,0,0,0,0,0,0,0,0,0,0,0,0,0,0,0,0,0,0,0,15.40,15.40,15.40,15.40,15.40,15.40,15.40,15.40,15.40,15.40,0,0,0,0,0,0,0,0,0,0,0,0,0,0],
[0,0,0,0,0,0,0,0,0,0,0,0,0,0,0,19.49,19.49,19.49,19.49,19.49,19.49,19.49,19.49,19.49,19.49,19.49,19.49,19.49,19.49,19.49,19.49,19.49,19.49,19.49,19.49,19.49,0,0,0,0,19.49,19.49,19.49,19.49,19.49,19.49,19.49,19.49,19.49,0,0,0,0,0,0,0,0,0,0,0,0,0,0,0,0,0,0,0,0,0,0,0,0,0,0,0,0,0,0,0,0,0,0,0,0,0,0,0,0,0,0,0,0,0,0,0,0,15.40,15.40,15.40,15.40,15.40,15.40,15.40,15.40,0,0,0,0,0,0,0,0,0,0,0,0,0,0,0],
[0,0,0,0,0,0,0,0,0,0,0,0,0,19.49,19.49,19.49,19.49,19.49,19.49,19.49,19.49,19.49,19.49,19.49,19.49,19.49,19.49,19.49,19.49,19.49,19.49,0,0,0,0,0,0,0,0,0,0,19.49,19.49,19.49,19.49,19.49,19.49,19.49,19.49,0,0,0,0,0,0,0,0,0,0,0,0,0,0,0,0,0,0,0,0,0,0,0,0,0,0,0,0,0,0,0,0,0,0,0,0,0,0,0,0,0,0,0,0,0,0,0,0,0,0,15.40,15.40,15.40,15.40,15.40,0,0,0,0,0,0,0,0,0,0,0,0,0,0,0,0],
[0,0,0,0,0,0,0,0,0,0,0,0,0,19.49,19.49,19.49,19.49,19.49,19.49,19.49,19.49,19.49,19.49,19.49,19.49,19.49,19.49,19.49,19.49,19.49,0,0,0,0,0,0,0,0,0,0,0,0,19.49,19.49,19.49,19.49,19.49,19.49,19.49,0,0,0,0,0,0,0,0,0,0,0,0,0,0,0,0,0,0,0,0,0,0,0,0,0,0,0,0,0,0,0,0,0,0,0,0,0,0,0,0,0,0,0,0,0,0,0,0,0,0,0,0,0,0,0,0,0,0,0,0,0,0,0,0,0,0,0,0,0,0,0],
[0,0,0,0,0,0,0,0,0,0,0,0,0,19.49,19.49,19.49,19.49,19.49,19.49,19.49,19.49,19.49,19.49,19.49,19.49,19.49,19.49,19.49,19.49,19.49,0,0,0,0,0,0,0,0,0,0,0,0,0,19.49,19.49,19.49,19.49,19.49,0,0,0,0,0,0,0,0,0,0,0,0,0,0,0,0,0,0,0,0,0,0,0,0,0,0,0,0,0,0,0,0,0,0,0,0,0,0,0,0,0,0,0,0,0,0,0,0,0,0,0,0,0,0,0,0,0,0,0,0,0,0,0,0,0,0,0,0,0,0,0,0],
[0,0,0,0,0,0,0,0,0,0,0,19.49,19.49,19.49,19.49,19.49,19.49,19.49,19.49,19.49,19.49,19.49,19.49,19.49,19.49,19.49,19.49,19.49,19.49,0,0,0,0,0,0,0,0,0,0,0,0,0,0,0,19.49,19.49,19.49,0,0,0,0,0,0,0,0,0,0,0,0,0,0,0,0,0,0,0,0,0,0,0,0,0,0,0,0,0,0,0,0,0,0,0,0,0,0,0,0,0,0,0,0,0,0,0,0,0,0,0,0,0,0,0,0,0,0,0,0,0,0,0,0,0,0,0,0,0,0,0,0,0],
[0,0,0,0,0,0,0,0,0,0,19.49,19.49,19.49,19.49,19.49,19.49,19.49,19.49,19.49,19.49,19.49,19.49,19.49,19.49,19.49,19.49,19.49,19.49,0,0,0,0,0,0,0,0,0,0,0,0,0,0,0,0,0,0,0,0,0,0,0,0,0,0,0,0,0,0,0,0,0,0,0,0,0,0,0,0,0,0,0,0,0,0,0,0,0,0,0,0,0,0,0,0,0,0,0,0,0,0,0,0,0,0,0,0,0,0,0,0,0,0,0,0,0,0,0,0,0,0,0,0,0,0,0,0,0,0,0,0],
[0,0,0,0,0,0,0,0,0,0,19.49,19.49,19.49,19.49,19.49,19.49,19.49,19.49,19.49,19.49,19.49,19.49,19.49,19.49,19.49,19.49,19.49,19.49,0,0,0,0,0,0,0,0,0,0,0,0,0,0,0,0,0,0,0,0,0,0,0,0,0,0,0,0,0,0,0,0,0,0,0,0,0,0,0,0,0,0,0,0,0,0,0,0,0,0,0,0,0,0,0,0,0,0,0,0,0,0,0,0,0,0,0,0,0,0,0,0,0,0,0,0,0,0,0,0,0,0,0,0,0,0,0,0,0,0,0,0],
[0,0,0,0,0,0,0,0,19.49,19.49,19.49,19.49,19.49,19.49,19.49,19.49,19.49,19.49,19.49,19.49,19.49,19.49,19.49,19.49,19.49,19.49,19.49,19.49,0,0,0,0,0,0,0,0,0,0,0,0,0,0,0,0,0,0,0,0,0,0,0,0,0,0,0,0,0,0,0,0,0,0,0,0,0,0,0,0,0,0,0,0,0,0,0,0,0,0,0,0,0,0,0,0,0,0,0,0,0,0,0,0,0,0,0,0,0,0,0,0,0,0,0,0,0,0,0,0,0,0,0,0,0,0,0,0,0,0,0,0],
[0,0,0,0,0,19.49,19.49,19.49,19.49,19.49,19.49,19.49,19.49,19.49,19.49,19.49,19.49,19.49,19.49,19.49,19.49,19.49,19.49,19.49,19.49,19.49,19.49,0,0,0,0,0,0,0,0,0,0,0,0,0,0,0,0,0,0,0,0,0,0,0,0,0,0,0,0,0,0,0,0,0,0,0,0,0,0,0,0,0,0,0,0,0,0,0,0,0,0,0,0,0,0,0,0,0,0,0,0,0,0,0,0,0,0,0,0,0,0,0,0,0,0,0,0,0,0,0,0,0,0,0,0,0,0,0,0,0,0,0,0,0],
[0,0,0,0,0,19.49,19.49,19.49,19.49,19.49,19.49,19.49,19.49,19.49,19.49,19.49,19.49,19.49,19.49,19.49,19.49,19.49,19.49,19.49,19.49,19.49,19.49,0,0,0,0,0,0,0,0,0,0,0,0,0,0,0,0,0,0,0,0,0,0,0,0,0,0,0,0,0,0,0,0,0,0,0,0,0,0,0,0,0,0,0,0,0,0,0,0,0,0,0,0,0,0,0,0,0,0,0,0,0,0,0,0,0,0,0,0,0,0,0,0,0,0,0,0,0,0,0,0,0,0,0,0,0,0,0,0,0,0,0,0,0],
[0,0,0,0,19.49,19.49,19.49,19.49,19.49,19.49,19.49,19.49,19.49,19.49,19.49,19.49,19.49,19.49,19.49,19.49,19.49,19.49,19.49,19.49,19.49,19.49,19.49,19.49,0,0,0,0,0,0,0,0,0,0,0,0,0,0,0,0,0,0,0,0,0,0,0,0,0,0,0,0,0,0,0,0,0,0,0,0,0,0,0,0,0,0,0,0,0,0,0,0,0,0,0,0,0,0,0,0,0,0,0,0,0,0,0,0,0,0,0,0,0,0,0,0,0,0,0,0,0,0,0,0,0,0,0,0,0,0,0,0,0,0,0,0],
[0,0,0,0,19.49,19.49,19.49,19.49,19.49,19.49,19.49,19.49,19.49,19.49,19.49,19.49,19.49,19.49,19.49,19.49,19.49,19.49,19.49,19.49,19.49,19.49,19.49,19.49,19.49,0,0,0,0,0,0,0,0,0,0,0,0,0,0,0,0,0,0,0,0,0,0,0,0,0,0,0,0,0,0,0,0,0,0,0,0,0,0,0,0,0,0,0,0,0,0,0,0,0,0,0,0,0,0,0,0,0,0,0,0,0,0,0,0,0,0,0,0,0,0,0,0,0,0,0,0,0,0,0,0,0,0,0,0,0,0,0,0,0,0,0],
[0,0,0,0,19.49,19.49,19.49,19.49,19.49,19.49,19.49,19.49,19.49,19.49,19.49,19.49,19.49,19.49,19.49,19.49,19.49,19.49,19.49,19.49,19.49,19.49,19.49,19.49,19.49,19.49,0,0,0,0,0,0,0,0,0,0,0,0,0,0,0,0,0,0,0,0,0,0,0,0,0,0,0,0,0,0,0,0,0,0,0,0,0,0,0,0,0,0,0,0,0,0,0,0,0,0,0,0,0,0,0,0,0,0,0,0,0,0,0,0,0,0,0,0,0,0,0,0,0,0,0,0,0,0,0,0,0,0,0,0,0,0,0,0,0,0],
[0,0,0,0,19.49,19.49,19.49,19.49,19.49,19.49,19.49,19.49,19.49,19.49,19.49,19.49,19.49,19.49,19.49,19.49,19.49,19.49,19.49,19.49,19.49,19.49,19.49,19.49,19.49,19.49,0,0,0,0,0,0,0,0,0,0,0,0,0,0,0,0,0,0,0,0,19.49,19.49,0,0,0,0,0,0,0,0,0,0,0,0,0,0,0,0,0,0,0,0,0,0,0,0,0,0,0,0,0,0,0,0,0,0,0,0,0,0,0,0,0,0,0,0,0,0,0,0,0,0,0,0,0,0,0,0,0,0,0,0,0,0,0,0,0,0,0,0],
[0,0,0,0,0,19.49,19.49,19.49,19.49,19.49,19.49,19.49,19.49,19.49,19.49,19.49,19.49,19.49,19.49,19.49,19.49,19.49,19.49,19.49,19.49,19.49,19.49,19.49,19.49,19.49,19.49,19.49,0,0,0,0,0,0,0,0,0,0,0,0,0,0,0,0,0,19.49,19.49,19.49,19.49,19.49,0,0,0,0,0,0,0,0,0,0,0,0,0,0,0,0,0,0,0,0,0,0,0,0,0,0,0,0,0,0,0,0,0,0,0,0,0,0,0,0,0,0,0,0,0,0,0,0,0,0,0,0,0,0,0,0,0,0,0,0,0,0,0,0,0,0],
[0,0,0,0,0,0,19.49,19.49,19.49,19.49,19.49,19.49,19.49,19.49,19.49,19.49,19.49,19.49,19.49,19.49,19.49,19.49,19.49,19.49,19.49,19.49,19.49,19.49,19.49,19.49,19.49,19.49,19.49,19.49,0,0,0,0,0,0,0,0,0,0,0,0,0,0,0,19.49,19.49,19.49,19.49,19.49,0,0,0,0,0,0,0,0,0,0,0,0,0,0,0,0,0,0,0,0,0,0,0,0,0,0,0,0,0,0,0,0,0,0,0,0,0,0,0,0,0,0,0,0,0,0,0,0,0,0,0,0,0,0,0,0,0,0,0,0,0,0,0,0,0,0],
[0,0,0,0,0,19.49,19.49,19.49,19.49,19.49,19.49,19.49,19.49,19.49,19.49,19.49,19.49,19.49,19.49,19.49,19.49,19.49,19.49,19.49,19.49,19.49,19.49,19.49,19.49,19.49,19.49,19.49,19.49,19.49,19.49,19.49,19.49,19.49,19.49,19.49,19.49,19.49,19.49,0,0,0,0,0,19.49,19.49,19.49,19.49,19.49,19.49,19.49,0,0,0,0,0,0,0,0,0,0,0,0,0,0,0,0,0,0,0,0,0,0,0,0,0,0,0,0,0,0,0,0,0,0,0,0,0,0,0,0,0,0,0,0,0,0,0,0,0,0,0,0,0,0,0,0,0,0,0,0,0,0,0,0,0],
[0,0,0,0,0,0,19.49,19.49,19.49,19.49,19.49,19.49,19.49,19.49,19.49,19.49,19.49,19.49,19.49,19.49,19.49,19.49,19.49,19.49,19.49,19.49,19.49,19.49,19.49,19.49,19.49,19.49,19.49,19.49,19.49,19.49,19.49,19.49,19.49,19.49,19.49,19.49,19.49,19.49,19.49,0,19.49,19.49,19.49,19.49,19.49,19.49,19.49,19.49,19.49,0,0,0,0,0,0,0,0,0,0,0,0,0,0,0,0,0,0,0,0,0,0,0,0,0,0,0,0,0,0,0,0,0,0,0,0,0,0,0,0,0,0,0,0,0,0,0,0,0,0,0,0,0,0,0,0,0,0,0,0,0,0,0,0,0],
[0,0,0,0,0,0,0,0,0,0,19.49,19.49,19.49,0,0,19.49,19.49,19.49,19.49,19.49,19.49,19.49,19.49,19.49,19.49,19.49,19.49,19.49,19.49,19.49,19.49,19.49,19.49,19.49,19.49,19.49,19.49,19.49,19.49,19.49,19.49,19.49,19.49,19.49,19.49,19.49,19.49,19.49,19.49,19.49,19.49,19.49,19.49,19.49,19.49,0,0,0,0,0,0,0,0,0,0,0,0,0,0,0,0,0,0,0,0,0,0,0,0,0,0,0,0,0,0,0,0,0,0,0,0,0,0,0,0,0,0,0,0,0,0,0,0,0,0,0,0,0,0,0,0,0,0,0,0,0,0,0,0,0],
[0,0,0,0,0,0,0,0,0,0,0,0,0,0,0,0,19.49,19.49,19.49,19.49,19.49,19.49,19.49,19.49,19.49,19.49,19.49,19.49,19.49,19.49,19.49,19.49,19.49,19.49,19.49,19.49,19.49,19.49,19.49,19.49,19.49,19.49,19.49,19.49,19.49,19.49,19.49,19.49,19.49,19.49,19.49,19.49,19.49,19.49,19.49,0,0,0,0,0,0,0,0,0,0,0,0,0,0,0,0,0,0,0,0,0,0,0,0,0,0,0,0,0,0,0,0,0,0,0,0,0,0,0,0,0,0,0,0,0,0,0,0,0,0,0,0,0,0,0,0,0,0,0,0,0,0,0,0,0],
[0,0,0,0,0,0,0,0,0,0,0,0,0,0,0,0,0,0,0,0,19.49,19.49,19.49,19.49,19.49,19.49,19.49,19.49,19.49,19.49,19.49,19.49,19.49,19.49,19.49,19.49,19.49,19.49,19.49,19.49,19.49,19.49,19.49,19.49,19.49,19.49,19.49,19.49,19.49,19.49,19.49,19.49,19.49,19.49,0,0,0,0,0,0,0,0,0,0,0,0,0,0,0,0,0,0,0,0,0,0,0,0,0,0,0,0,0,0,0,0,0,0,0,0,0,0,0,0,0,0,0,0,0,0,0,0,0,0,0,0,0,0,0,0,0,0,0,0,0,0,0,0,0,0],
[0,0,0,0,0,0,0,0,0,0,0,0,0,0,0,0,0,0,0,0,19.49,19.49,19.49,19.49,19.49,19.49,19.49,19.49,19.49,19.49,19.49,19.49,19.49,19.49,19.49,19.49,19.49,19.49,19.49,19.49,19.49,19.49,19.49,19.49,19.49,19.49,19.49,19.49,19.49,19.49,19.49,19.49,19.49,19.49,0,0,0,0,0,0,0,0,0,0,0,0,0,0,0,0,0,0,0,0,0,0,0,0,0,0,0,0,0,0,0,0,0,0,0,0,0,0,0,0,0,0,0,0,0,0,0,0,0,0,0,0,0,0,0,0,0,0,0,0,0,0,0,0,0,0],
[0,0,0,0,0,0,0,0,0,0,0,0,0,0,0,0,0,0,0,0,19.49,19.49,19.49,19.49,19.49,19.49,19.49,19.49,19.49,19.49,19.49,19.49,19.49,19.49,19.49,19.49,19.49,19.49,19.49,19.49,19.49,19.49,19.49,19.49,19.49,19.49,19.49,19.49,19.49,19.49,19.49,19.49,19.49,19.49,19.49,0,0,0,0,0,0,0,0,0,0,0,0,0,0,0,0,0,0,0,0,0,0,0,0,0,0,0,0,0,0,0,0,0,0,0,0,0,0,0,0,0,0,0,0,0,0,0,0,0,0,0,0,0,0,0,0,0,0,0,0,0,0,0,0,0],
[0,0,0,0,0,0,0,0,0,0,0,0,0,0,0,0,0,0,0,0,0,19.49,19.49,19.49,19.49,19.49,19.49,19.49,19.49,19.49,19.49,19.49,19.49,19.49,19.49,19.49,19.49,19.49,19.49,19.49,19.49,19.49,19.49,19.49,19.49,19.49,19.49,19.49,19.49,19.49,19.49,19.49,19.49,19.49,19.49,19.49,19.49,0,0,0,0,0,0,0,0,0,0,0,0,0,0,0,0,0,0,0,0,0,0,0,0,0,0,0,0,0,0,0,0,0,0,0,0,0,0,0,0,0,0,0,0,0,0,0,0,0,0,0,0,0,0,0,0,0,0,0,0,0,0,0],
[0,0,0,0,0,0,0,0,0,0,0,0,0,0,0,0,0,0,0,0,0,0,19.49,19.49,19.49,19.49,19.49,19.49,19.49,19.49,19.49,19.49,19.49,19.49,19.49,19.49,19.49,19.49,19.49,19.49,19.49,19.49,19.49,19.49,19.49,19.49,19.49,19.49,19.49,19.49,19.49,19.49,19.49,19.49,19.49,19.49,19.49,19.49,0,0,0,0,0,0,0,0,0,0,0,0,0,0,0,0,0,0,0,0,0,0,0,0,0,0,0,0,0,0,0,0,0,0,0,0,0,0,0,0,0,0,0,0,0,0,0,0,0,0,0,0,0,0,0,0,0,0,0,0,0,0],
[0,0,0,0,0,0,0,0,0,0,0,0,0,0,0,0,0,0,0,0,0,0,0,19.49,19.49,19.49,19.49,19.49,19.49,19.49,19.49,19.49,19.49,19.49,19.49,19.49,19.49,19.49,19.49,19.49,19.49,19.49,19.49,19.49,19.49,19.49,19.49,19.49,19.49,19.49,19.49,19.49,19.49,19.49,19.49,19.49,19.49,19.49,19.49,0,0,0,0,0,0,0,0,0,0,0,0,0,0,0,0,0,0,0,0,0,0,0,0,0,0,0,0,0,0,0,0,0,0,0,0,0,0,0,0,0,0,0,0,0,0,0,0,0,0,0,0,0,0,0,0,0,0,0,0,0],
[0,0,0,0,0,0,0,0,0,0,0,0,0,0,0,0,0,0,0,0,0,0,0,19.49,19.49,19.49,19.49,19.49,19.49,19.49,19.49,19.49,19.49,19.49,19.49,19.49,19.49,19.49,19.49,19.49,19.49,19.49,19.49,19.49,19.49,19.49,19.49,19.49,19.49,19.49,19.49,19.49,19.49,19.49,19.49,19.49,19.49,19.49,19.49,0,0,0,0,0,0,0,0,0,0,0,0,0,0,0,0,0,0,0,0,0,0,0,0,0,0,0,0,0,0,0,0,0,0,0,0,0,0,0,0,0,0,0,0,0,0,0,0,0,0,0,0,0,0,0,0,0,0,0,0,0],
[0,0,0,0,0,0,0,0,0,0,0,0,0,0,0,0,0,0,0,0,0,0,0,19.49,19.49,19.49,19.49,19.49,19.49,19.49,19.49,19.49,19.49,19.49,19.49,19.49,19.49,19.49,19.49,19.49,19.49,19.49,19.49,19.49,19.49,19.49,19.49,19.49,19.49,19.49,19.49,19.49,19.49,19.49,19.49,19.49,19.49,19.49,19.49,19.49,0,0,0,0,0,0,0,0,0,0,0,0,0,0,0,0,0,0,0,0,0,0,0,0,0,0,0,0,0,0,0,0,0,0,0,0,0,0,0,0,0,0,0,0,0,0,0,0,0,0,0,0,0,0,0,0,0,0,0,0],
[0,0,0,0,0,0,0,0,0,0,0,0,0,0,0,0,0,0,0,0,0,0,0,0,19.49,19.49,19.49,19.49,19.49,19.49,19.49,19.49,19.49,19.49,19.49,19.49,19.49,19.49,19.49,19.49,19.49,19.49,19.49,19.49,19.49,19.49,19.49,19.49,19.49,19.49,19.49,19.49,19.49,19.49,19.49,19.49,19.49,19.49,19.49,19.49,19.49,0,0,0,0,0,0,0,0,0,0,0,0,0,0,0,0,0,0,0,0,0,0,0,0,0,0,0,0,0,0,0,0,0,0,0,0,0,0,0,0,0,0,0,0,0,0,0,0,0,0,0,0,0,0,0,0,0,0,0],
[0,0,0,0,0,0,0,0,0,0,0,0,0,0,0,0,0,0,0,0,0,0,0,0,0,0,19.49,19.49,19.49,19.49,19.49,19.49,19.49,19.49,19.49,19.49,19.49,19.49,19.49,19.49,19.49,19.49,19.49,19.49,19.49,19.49,19.49,19.49,19.49,19.49,19.49,19.49,19.49,19.49,19.49,19.49,19.49,19.49,19.49,19.49,19.49,0,0,0,0,0,0,0,0,0,0,0,0,0,0,0,0,0,0,0,0,0,0,0,0,0,0,0,0,0,0,0,0,0,0,0,0,0,0,0,0,0,0,0,0,0,0,0,0,0,0,0,0,0,0,0,0,0,0,0],
[0,0,0,0,0,0,0,0,0,0,0,0,0,0,0,0,0,0,0,0,0,0,0,0,0,0,0,0,0,0,19.49,19.49,19.49,19.49,19.49,19.49,19.49,19.49,19.49,19.49,19.49,19.49,19.49,19.49,19.49,19.49,19.49,19.49,19.49,19.49,19.49,19.49,19.49,19.49,19.49,19.49,19.49,19.49,19.49,19.49,19.49,0,0,0,0,0,0,0,0,0,0,0,0,0,0,0,0,0,0,0,0,0,0,0,0,0,0,0,0,0,0,0,0,0,0,0,0,0,0,0,0,0,0,0,0,0,0,0,0,0,0,0,0,0,0,0,0,0,0,0],
[0,0,0,0,0,0,0,0,0,0,0,0,0,0,0,0,0,0,0,0,0,0,0,0,0,0,0,0,0,0,19.49,19.49,19.49,19.49,19.49,19.49,19.49,19.49,19.49,19.49,19.49,19.49,19.49,19.49,19.49,19.49,19.49,19.49,19.49,19.49,19.49,19.49,19.49,19.49,19.49,19.49,19.49,19.49,19.49,19.49,0,0,0,0,0,0,0,0,0,0,0,0,0,0,0,0,0,0,0,0,0,0,0,0,0,0,0,0,0,0,0,0,0,0,0,0,0,0,0,0,0,0,0,0,0,0,0,0,0,0,0,0,0,0,0,0,0,0,0,0],
[0,0,0,0,0,0,0,0,0,0,0,0,0,0,0,0,0,0,0,0,0,0,0,0,0,0,0,0,0,0,0,19.49,19.49,19.49,19.49,19.49,19.49,19.49,19.49,19.49,19.49,19.49,19.49,19.49,19.49,19.49,19.49,19.49,19.49,19.49,19.49,19.49,19.49,19.49,19.49,19.49,19.49,19.49,19.49,0,0,0,0,0,0,0,0,0,0,0,0,0,0,0,0,0,0,0,0,0,0,0,0,0,0,0,0,0,0,0,0,0,0,0,0,0,0,0,0,0,0,0,0,0,0,0,0,0,0,0,0,0,0,0,0,0,0,0,0,0],
[0,0,0,0,0,0,0,0,0,0,0,0,0,0,0,0,0,0,0,0,0,0,0,0,0,0,0,0,0,0,0,0,19.49,19.49,19.49,19.49,19.49,19.49,19.49,19.49,19.49,19.49,19.49,19.49,19.49,19.49,19.49,19.49,19.49,19.49,19.49,19.49,19.49,19.49,19.49,19.49,19.49,19.49,0,0,0,0,0,0,0,0,0,0,0,0,0,0,0,0,0,0,0,0,0,0,0,0,0,0,0,0,0,0,0,0,0,0,0,0,0,0,0,0,0,0,0,0,0,0,0,0,0,0,0,0,0,0,0,0,0,0,0,0,0,0],
[0,0,0,0,0,0,0,0,0,0,0,0,0,0,0,0,0,0,0,0,0,0,0,0,0,0,0,0,0,0,0,0,0,19.49,19.49,19.49,19.49,19.49,19.49,19.49,19.49,19.49,19.49,19.49,19.49,19.49,19.49,19.49,19.49,19.49,19.49,19.49,19.49,19.49,19.49,19.49,19.49,0,0,0,0,0,0,0,0,0,0,0,0,0,0,0,0,0,0,0,0,0,0,0,0,0,0,0,0,0,0,0,0,0,0,0,0,0,0,0,0,0,0,0,0,0,0,0,0,0,0,0,0,0,0,0,0,0,0,0,0,0,0,0],
[0,0,0,0,0,0,0,0,0,0,0,0,0,0,0,0,0,0,0,0,0,0,0,0,0,0,0,0,0,0,0,0,0,0,19.49,19.49,19.49,19.49,19.49,19.49,19.49,19.49,19.49,19.49,19.49,19.49,19.49,19.49,19.49,19.49,19.49,19.49,19.49,19.49,19.49,19.49,0,0,0,0,0,0,0,0,0,0,0,0,0,0,0,0,0,0,0,0,0,0,0,0,0,0,0,0,0,0,0,0,0,0,0,0,0,0,0,0,0,0,0,0,0,0,0,0,0,0,0,0,0,0,0,0,0,0,0,0,0,0,0,0],
[0,0,0,0,0,0,0,0,0,0,0,0,0,0,0,0,0,0,0,0,0,0,0,0,0,0,0,0,0,0,0,0,0,0,19.49,19.49,19.49,19.49,19.49,19.49,19.49,19.49,19.49,19.49,19.49,19.49,19.49,19.49,19.49,19.49,19.49,19.49,19.49,19.49,0,0,0,0,0,0,0,0,0,0,0,0,0,0,0,0,0,0,0,0,0,0,0,0,0,0,0,0,0,0,0,0,0,0,0,0,0,0,0,0,0,0,0,0,0,0,0,0,0,0,0,0,0,0,0,0,0,0,0,0,0,0,0,0,0,0],
[0,0,0,0,0,0,0,0,0,0,0,0,0,0,0,0,0,0,0,0,0,0,0,0,0,0,0,0,0,0,0,0,0,0,0,0,19.49,19.49,19.49,19.49,19.49,19.49,19.49,19.49,19.49,19.49,19.49,19.49,19.49,19.49,19.49,0,0,0,0,0,0,0,0,0,0,0,0,0,0,0,0,0,0,0,0,0,0,0,0,0,0,0,0,0,0,0,0,0,0,0,0,0,0,0,0,0,0,0,0,0,0,0,0,0,0,0,0,0,0,0,0,0,0,0,0,0,0,0,0,0,0,0,0,0],
[0,0,0,0,0,0,0,0,0,0,0,0,0,0,0,0,0,0,0,0,0,0,0,0,0,0,0,0,0,0,0,0,0,0,0,0,0,0,19.49,19.49,19.49,19.49,19.49,19.49,19.49,19.49,19.49,19.49,19.49,19.49,19.49,0,0,0,0,0,0,0,0,0,0,0,0,0,0,0,0,0,0,0,0,0,0,0,0,0,0,0,0,0,0,0,0,0,0,0,0,0,0,0,0,0,0,0,0,0,0,0,0,0,0,0,0,0,0,0,0,0,0,0,0,0,0,0,0,0,0,0,0,0],
[0,0,0,0,0,0,0,0,0,0,0,0,0,0,0,0,0,0,0,0,0,0,0,0,0,0,0,0,0,0,0,0,0,0,0,0,0,0,0,0,19.49,19.49,19.49,19.49,19.49,19.49,0,0,0,0,0,0,0,0,0,0,0,0,0,0,0,0,0,0,0,0,0,0,0,0,0,0,0,0,0,0,0,0,0,0,0,0,0,0,0,0,0,0,0,0,0,0,0,0,0,0,0,0,0,0,0,0,0,0,0,0,0,0,0,0,0,0,0,0,0,0,0,0,0,0],
[0,0,0,0,0,0,0,0,0,0,0,0,0,0,0,0,0,0,0,0,0,0,0,0,0,0,0,0,0,0,0,0,0,0,0,0,0,0,0,0,0,0,19.49,19.49,19.49,0,0,0,0,0,0,0,0,0,0,0,0,0,0,0,0,0,0,0,0,0,0,0,0,0,0,0,0,0,0,0,0,0,0,0,0,0,0,0,0,0,0,0,0,0,0,0,0,0,0,0,0,0,0,0,0,0,0,0,0,0,0,0,0,0,0,0,0,0,0,0,0,0,0,0],
[0,0,0,0,0,0,0,0,0,0,0,0,0,0,0,0,0,0,0,0,0,0,0,0,0,0,0,0,0,0,0,0,0,0,0,0,0,0,0,0,0,0,0,0,0,0,0,0,0,0,0,0,0,0,0,0,0,0,0,0,0,0,0,0,0,0,0,0,0,0,0,0,0,0,0,0,0,0,0,0,0,0,0,0,0,0,0,0,0,0,0,0,0,0,0,0,0,0,0,0,0,0,0,0,0,0,0,0,0,0,0,0,0,0,0,0,0,0,0,0],
[0,0,0,0,0,0,0,0,0,0,0,0,0,0,0,0,0,0,0,0,0,0,0,0,0,0,0,0,0,0,0,0,0,0,0,0,0,0,0,0,0,0,0,0,0,0,0,0,0,0,0,0,0,0,0,0,0,0,0,0,0,0,0,0,0,0,0,0,0,0,0,0,0,0,0,0,0,0,0,0,0,0,0,0,0,0,0,0,0,0,0,0,0,0,0,0,0,0,0,0,0,0,0,0,0,0,0,0,0,0,0,0,0,0,0,0,0,0,0,0],
[0,0,0,0,0,0,0,0,0,0,0,0,0,0,0,0,0,0,0,0,0,0,0,0,0,0,0,0,0,0,0,0,0,0,0,0,0,0,0,0,0,0,0,0,0,0,0,0,0,0,0,0,0,0,0,0,0,0,0,0,0,0,0,0,0,0,0,0,0,0,0,0,0,0,0,0,0,0,0,0,0,0,0,0,0,0,0,0,0,0,0,0,0,0,0,0,0,0,0,0,0,0,0,0,0,0,0,0,0,0,0,0,0,0,0,0,0,0,0,0]]