[[0,0,0,0,0,0,0,0,0,0,0,0,0,0,0,0,0,0,0,0,0,0,0,0,0,0,0,0,0,0,0,0,0,0,0,0,0,0,0,0,0,0,0,0,0,0,0,0,0,0,0,0,0,0,0,0,0,0,0,0,0,0,0,0,0,0,0,0,0,0,0,0,0,0,0,0,0,0,0,0,0,0,0,0,0,0,0,0,0,0,0,0,0,0,0,0,0,0,0,0,0,0,0,0,0,0,0,0,0,0,0,0,0,0,0,0,0,0,0,0,0,0,0,0,0,0,0,0,0,0],
[0,0,0,0,0,0,0,0,0,0,0,0,0,0,0,0,0,0,0,0,0,0,0,0,0,0,0,0,0,0,0,0,0,0,0,0,0,0,0,0,0,0,0,0,0,0,0,0,0,0,0,0,0,0,0,0,0,0,0,0,0,0,0,0,0,0,0,0,0,0,0,0,0,0,0,0,0,0,0,0,0,0,0,0,0,0,0,0,0,0,0,0,0,0,0,0,0,0,0,0,0,0,0,0,0,0,0,0,0,0,0,0,0,0,0,0,0,0,0,0,0,0,0,0,0,0,0,0,0,0],
[0,0,0,0,0,0,0,0,0,0,0,0,0,0,2.43,2.43,2.43,2.43,2.43,0,0,0,0,0,0,0,0,0,0,0,0,0,0,0,0,0,0,0,0,0,0,0,0,0,0,0,0,0,0,0,0,0,0,0,0,0,0,0,0,0,0,0,0,0,0,0,0,0,0,0,0,0,0,0,0,0,0,0,0,0,0,0,0,0,0,0,0,0,0,0,0,0,0,0,0,0,0,0,0,0,0,0,0,0,0,0,0,0,0,0,0,0,0,0,0,0,0,0,0,0,0,0,0,0,0,0,0,0,0,0],
[0,0,0,0,0,0,0,0,0,0,0,0,0,2.43,2.43,2.43,2.43,2.43,2.43,0,0,0,0,0,0,0,0,0,0,0,0,0,0,0,0,0,0,0,0,0,0,0,0,0,0,0,0,0,0,0,0,0,0,0,0,0,0,0,0,0,0,0,0,0,0,0,0,0,0,0,0,0,0,0,0,0,0,0,0,0,0,0,0,0,0,0,0,0,0,0,0,0,0,0,0,0,0,0,0,0,0,0,0,0,0,0,0,0,0,0,0,0,0,0,0,0,0,0,0,0,0,0,0,0,0,0,0,0,0,0],
[0,0,0,0,0,0,0,0,0,0,0,0,0,2.43,2.43,2.43,2.43,2.43,2.43,0,0,0,0,0,0,0,0,0,0,0,0,0,0,0,0,0,0,0,0,0,0,0,0,0,0,0,0,0,0,0,0,0,0,0,0,0,0,0,0,0,0,0,0,0,0,0,0,0,0,0,0,0,0,0,0,0,0,0,0,0,0,0,0,0,0,0,0,0,0,0,0,0,0,0,0,0,0,0,0,0,0,0,0,0,0,0,0,0,0,0,0,0,0,0,0,0,0,0,0,0,0,0,0,0,0,0,0,0,0,0],
[0,0,0,0,0,0,0,0,0,0,0,0,2.43,2.43,2.43,2.43,2.43,2.43,2.43,0,0,0,0,0,0,0,0,0,0,0,0,0,0,0,0,0,0,0,0,0,0,0,0,0,0,0,0,0,0,0,0,0,0,0,0,0,0,0,0,0,0,0,0,0,0,0,0,0,0,0,0,0,0,0,0,0,0,0,0,0,0,0,0,0,0,0,0,0,0,0,0,0,0,0,0,0,0,0,0,0,0,0,0,0,0,0,0,0,0,0,0,0,0,0,0,0,0,0,0,0,0,0,0,0,0,0,0,0,0,0],
[0,0,0,0,0,0,0,0,2.43,2.43,2.43,2.43,2.43,2.43,2.43,2.43,2.43,2.43,2.43,2.43,2.43,2.43,0,0,0,0,0,0,0,0,0,0,0,0,0,0,0,0,0,0,0,0,0,0,0,0,0,0,0,0,0,0,0,0,0,0,0,0,0,0,0,0,0,0,0,0,0,0,0,0,0,0,0,0,0,0,0,0,0,0,0,0,0,0,0,0,0,0,0,0,0,0,0,0,0,0,0,0,0,0,0,0,0,0,0,0,0,0,0,0,0,0,0,0,0,0,0,0,0,0,0,0,0,0,0,0,0,0,0,0],
[0,0,0,0,0,0,0,2.43,2.43,2.43,2.43,2.43,2.43,2.43,2.43,2.43,2.43,2.43,2.43,2.43,2.43,2.43,2.43,0,0,0,0,0,0,0,0,0,0,0,0,0,0,0,0,0,0,0,0,0,0,0,0,0,0,0,0,0,0,0,0,0,0,0,0,0,0,0,0,0,0,0,0,0,0,0,0,0,0,0,0,0,0,0,0,0,0,0,0,0,0,0,0,0,0,0,0,0,0,0,0,0,0,0,0,0,0,0,0,0,0,0,0,0,0,0,0,0,0,0,0,0,0,0,0,0,0,0,0,0,0,0,0,0,0,0],
[0,0,0,0,0,0,2.43,2.43,2.43,2.43,2.43,2.43,2.43,2.43,2.43,2.43,2.43,2.43,2.43,2.43,2.43,2.43,2.43,0,0,0,0,0,0,0,0,0,0,0,0,0,0,0,0,0,0,0,0,0,0,0,0,0,0,0,0,0,0,0,0,0,0,0,0,0,0,0,0,0,0,0,0,0,0,0,0,0,0,0,0,0,0,0,0,0,0,0,0,0,0,0,0,0,0,0,0,0,0,0,0,0,0,0,0,0,0,0,0,0,0,0,0,0,0,0,0,0,0,0,0,0,0,0,0,0,0,0,0,0,0,0,0,0,0,0],
[0,0,0,0,0,0,2.43,2.43,2.43,2.43,2.43,2.43,2.43,2.43,2.43,2.43,2.43,2.43,2.43,2.43,2.43,2.43,2.43,2.43,0,0,0,0,0,0,0,0,0,0,0,0,0,0,0,0,0,0,0,0,0,0,0,0,0,0,0,0,0,0,0,0,0,0,0,0,0,0,0,0,0,0,0,0,0,0,0,0,0,0,0,0,0,0,0,0,0,0,0,0,0,0,0,0,0,0,0,0,0,0,0,0,0,0,0,0,0,0,0,0,0,0,0,0,0,0,0,0,0,0,0,0,0,0,0,0,0,0,0,0,0,0,0,0,0,0],
[0,0,0,0,0,2.43,2.43,2.43,2.43,2.43,2.43,2.43,2.43,2.43,2.43,2.43,2.43,2.43,2.43,2.43,2.43,2.43,2.43,2.43,2.43,0,0,0,0,0,0,0,0,0,0,0,0,0,0,0,0,0,0,0,0,0,0,0,0,0,0,0,0,0,0,0,0,0,0,0,0,0,0,0,0,0,0,0,0,0,0,0,0,0,0,0,0,0,0,0,0,0,0,0,0,0,0,0,0,0,0,0,0,0,0,0,0,0,0,0,0,0,0,0,0,0,0,0,0,0,0,0,0,0,0,0,0,0,0,0,0,0,0,0,0,0,0,0,0,0],
[0,0,0,0,0,2.43,2.43,2.43,2.43,2.43,2.43,2.43,2.43,2.43,2.43,2.43,2.43,2.43,2.43,2.43,2.43,2.43,2.43,2.43,2.43,0,0,0,0,0,0,0,0,0,0,0,0,0,0,0,0,0,0,0,0,0,0,0,0,0,0,0,0,0,0,0,0,0,0,0,0,0,0,0,0,0,0,0,0,0,0,0,0,0,0,0,0,0,0,0,0,0,0,0,0,0,0,0,0,0,0,0,0,0,0,0,0,0,0,0,0,0,0,0,0,0,0,0,0,0,0,0,0,0,0,0,0,0,0,0,0,0,0,0,0,0,0,0,0,0],
[0,0,0,0,0,2.43,2.43,2.43,2.43,2.43,2.43,2.43,2.43,2.43,2.43,2.43,2.43,2.43,2.43,2.43,2.43,2.43,2.43,2.43,2.43,0,0,0,0,0,0,0,0,0,0,0,0,0,0,0,0,0,0,0,0,0,0,0,0,0,0,0,0,0,0,0,0,0,0,0,0,0,0,0,0,0,0,0,0,0,0,0,0,0,0,0,0,0,0,0,0,0,0,0,0,0,0,0,0,0,0,0,0,0,0,0,0,0,0,0,0,0,0,0,0,0,0,0,0,0,0,0,0,0,0,0,0,0,0,0,0,0,0,0,0,0,0,0,0,0],
[0,0,0,0,0,2.43,2.43,2.43,2.43,2.43,2.43,2.43,2.43,2.43,2.43,2.43,2.43,2.43,2.43,2.43,2.43,2.43,2.43,2.43,2.43,0,0,0,0,0,0,0,0,0,0,0,0,0,0,0,0,0,0,0,0,0,0,0,0,0,0,0,0,0,0,0,0,0,0,0,0,0,0,0,0,0,0,0,0,0,0,0,0,0,0,0,0,0,0,0,0,0,0,0,0,0,0,0,0,0,0,0,0,0,0,0,0,0,0,0,0,0,0,0,0,0,0,0,0,0,0,0,0,0,0,0,0,0,0,0,0,0,0,0,0,0,0,0,0,0],
[0,0,0,0,0,0,2.43,2.43,2.43,2.43,2.43,2.43,2.43,2.43,2.43,2.43,2.43,2.43,2.43,2.43,2.43,2.43,2.43,2.43,2.43,0,0,0,0,0,0,0,0,0,0,0,0,0,0,0,0,0,0,0,0,0,0,0,0,0,0,0,0,0,0,0,0,0,0,0,0,0,0,0,0,0,0,0,0,0,0,0,0,0,0,0,0,0,0,0,0,0,0,0,0,0,0,0,0,0,0,0,0,0,0,0,0,0,0,0,0,0,0,0,0,0,0,0,0,0,0,0,0,0,0,0,0,0,0,0,0,0,0,0,0,0,0,0,0,0],
[0,0,0,0,0,0,0,0,2.43,2.43,2.43,2.43,2.43,2.43,2.43,2.43,2.43,2.43,2.43,2.43,2.43,2.43,2.43,2.43,0,0,0,0,0,0,0,0,0,0,0,0,0,0,0,0,0,0,0,0,0,0,0,0,0,0,0,0,0,0,0,0,0,0,0,0,0,0,0,0,0,0,0,0,0,0,0,0,0,0,0,0,0,0,0,0,0,0,0,0,0,0,0,0,0,0,0,0,0,0,0,0,0,0,0,0,0,0,0,0,0,0,0,0,0,0,0,0,0,0,0,0,0,0,0,0,0,0,0,0,0,0,0,0,0,0],
[0,0,0,0,0,0,0,0,0,0,2.43,2.43,2.43,2.43,2.43,2.43,2.43,2.43,2.43,2.43,2.43,2.43,2.43,2.43,0,0,0,0,0,0,0,0,0,0,0,0,0,0,0,0,0,0,0,0,0,0,0,0,0,0,0,0,0,0,0,0,0,0,0,0,0,0,0,0,0,0,0,0,0,0,0,0,0,0,0,0,0,0,0,0,0,0,0,0,0,0,0,0,0,0,0,0,0,0,0,0,0,0,0,0,0,0,0,0,0,0,0,0,0,0,0,0,0,0,0,0,0,0,0,0,0,0,0,0,0,0,0,0,0,0],
[0,0,0,0,0,0,0,0,0,2.43,2.43,2.43,2.43,2.43,2.43,2.43,2.43,2.43,2.43,2.43,2.43,2.43,2.43,0,0,0,0,0,0,0,0,0,0,0,0,0,0,0,0,0,0,0,0,0,0,0,0,0,0,0,0,0,0,0,0,0,0,0,0,0,0,0,0,0,0,0,0,0,0,0,0,0,0,0,0,0,0,0,0,0,0,0,0,0,0,0,0,0,0,0,0,0,0,0,0,0,0,0,0,0,0,0,0,0,0,0,0,0,0,0,0,0,0,0,0,0,0,0,0,0,0,0,0,0,0,0,0,0,0,0],
[0,0,0,0,0,0,0,0,2.43,2.43,2.43,2.43,2.43,2.43,2.43,2.43,2.43,2.43,2.43,2.43,2.43,2.43,2.43,0,0,0,0,0,0,0,0,0,0,0,0,0,0,0,0,0,0,0,0,0,0,0,0,0,0,0,0,0,0,0,0,0,0,0,0,0,0,0,0,0,0,0,0,0,0,0,0,0,0,0,0,0,0,0,0,0,0,0,0,0,0,0,0,0,0,0,0,0,0,0,0,0,0,0,0,0,0,0,0,0,0,0,0,0,0,0,0,0,0,0,0,0,0,0,0,0,0,0,0,0,0,0,0,0,0,0],
[0,0,0,0,0,0,0,0,2.43,2.43,2.43,2.43,2.43,2.43,2.43,2.43,2.43,2.43,2.43,2.43,2.43,2.43,0,0,0,0,0,0,0,0,0,0,0,0,0,0,0,0,0,0,0,0,0,0,0,0,0,0,0,0,0,0,0,0,0,0,0,0,0,0,0,0,0,0,0,0,0,0,0,0,0,0,0,0,0,0,0,0,0,0,0,0,0,0,0,0,0,0,0,0,0,0,0,0,0,0,0,0,0,0,0,0,0,0,0,0,0,0,0,0,0,0,0,0,0,0,0,0,0,0,0,0,0,0,0,0,0,0,0,0],
[0,0,0,0,0,0,0,2.43,2.43,2.43,2.43,2.43,2.43,2.43,2.43,2.43,2.43,2.43,2.43,2.43,2.43,2.43,0,0,0,0,0,0,0,0,0,0,0,0,0,0,0,0,0,0,0,0,0,0,0,0,0,0,0,0,0,0,0,0,0,0,0,0,0,0,0,0,0,0,0,0,0,0,0,0,0,0,0,0,0,0,0,0,0,0,0,0,0,0,0,0,0,0,0,0,0,0,0,0,0,0,0,0,0,0,0,0,0,0,0,0,0,0,0,0,0,0,0,0,0,0,0,0,0,0,0,0,0,0,0,0,0,0,0,0],
[0,0,0,0,0,0,0,2.43,2.43,2.43,2.43,2.43,2.43,2.43,2.43,2.43,2.43,2.43,2.43,2.43,2.43,0,0,0,0,0,0,0,0,0,0,0,0,0,0,0,0,0,0,0,0,0,0,0,0,0,0,0,0,0,0,0,0,0,0,0,0,0,0,0,0,0,0,0,0,0,0,0,0,0,0,0,0,0,0,0,0,0,0,0,0,0,0,0,0,0,0,0,0,0,0,0,0,0,0,0,0,0,0,0,0,0,0,0,0,0,0,0,0,0,0,0,0,0,0,0,0,0,0,0,0,0,0,0,0,0,0,0,0,0],
[0,0,0,0,0,0,0,2.43,2.43,2.43,2.43,2.43,2.43,2.43,2.43,2.43,2.43,2.43,2.43,2.43,2.43,0,0,0,0,0,0,0,0,0,0,0,0,0,0,0,0,0,0,0,0,0,0,0,0,0,0,0,0,0,0,0,0,0,0,0,0,0,0,0,0,0,0,0,0,0,0,0,0,0,0,0,0,0,0,0,0,0,0,0,0,0,0,0,0,0,0,0,0,0,0,0,0,0,0,0,0,0,0,0,0,0,0,0,0,0,0,0,0,0,0,0,0,0,0,0,0,0,0,0,0,0,0,0,0,0,0,0,0,0],
[0,0,0,0,0,0,0,2.43,2.43,2.43,2.43,2.43,2.43,2.43,2.43,2.43,2.43,2.43,2.43,2.43,0,0,0,0,0,0,0,0,0,0,0,0,0,0,0,0,0,0,0,0,0,0,0,0,0,0,0,0,0,0,0,0,0,0,0,0,0,0,0,0,0,0,0,0,0,0,0,0,0,0,0,0,0,0,0,0,0,0,0,0,0,0,0,0,0,0,0,0,0,0,0,0,0,0,0,0,0,0,0,0,0,0,0,0,0,0,0,0,0,0,0,0,0,0,0,0,0,0,0,0,0,0,0,0,0,0,0,0,0,0],
[0,0,0,0,0,0,0,2.43,2.43,2.43,2.43,2.43,2.43,2.43,2.43,2.43,2.43,2.43,2.43,2.43,0,0,0,0,0,0,0,0,0,0,0,0,0,0,0,0,0,0,0,0,0,0,0,0,0,0,0,0,0,0,0,0,0,0,0,0,0,0,0,0,0,0,0,0,0,0,0,0,0,0,0,0,0,0,0,0,0,0,0,0,0,0,0,0,0,0,0,0,0,0,0,0,0,0,0,0,0,0,0,0,0,0,0,0,0,0,0,0,0,0,0,0,0,0,0,0,0,0,0,0,0,0,0,0,0,0,0,0,0,0],
[0,0,0,0,0,0,0,2.43,2.43,2.43,2.43,2.43,2.43,2.43,2.43,2.43,2.43,2.43,2.43,2.43,0,0,0,0,0,0,0,0,0,0,0,0,0,0,0,0,0,0,0,0,0,0,0,0,0,0,0,0,0,0,0,0,0,0,0,0,0,0,0,0,0,0,0,0,0,0,0,0,0,0,0,0,0,0,0,0,0,0,0,0,0,0,0,0,0,0,0,0,0,0,0,0,0,0,0,0,0,0,0,0,0,0,0,0,0,0,0,0,0,0,0,0,0,0,0,0,0,0,0,0,0,0,0,0,0,0,0,0,0,0],
[0,0,0,0,0,0,0,2.43,2.43,2.43,2.43,2.43,2.43,2.43,2.43,2.43,2.43,2.43,2.43,2.43,0,0,0,0,0,0,0,0,0,0,0,0,0,0,0,0,0,0,0,0,0,0,0,0,0,0,0,0,0,0,0,0,0,0,0,0,0,0,0,0,0,0,0,0,0,0,0,0,0,0,0,0,0,0,0,0,0,0,0,0,0,0,0,0,0,0,0,0,0,0,0,0,0,0,0,0,0,0,0,0,0,0,0,0,0,0,0,0,0,0,0,0,0,0,0,0,0,0,0,0,0,0,0,0,0,0,0,0,0,0],
[0,0,0,0,0,0,0,0,2.43,2.43,2.43,2.43,2.43,2.43,2.43,2.43,2.43,2.43,2.43,2.43,0,0,0,0,0,0,0,0,0,0,0,0,0,0,0,0,0,0,0,0,0,0,0,0,0,0,0,0,0,0,0,0,0,0,0,0,0,0,0,0,0,0,0,0,0,0,0,0,0,0,0,0,0,0,0,0,0,0,0,0,0,0,0,0,0,0,0,0,0,0,0,0,0,0,0,0,0,0,0,0,0,0,0,0,0,0,0,0,0,0,0,0,0,0,0,0,0,0,0,0,0,0,0,0,0,0,0,0,0,0],
[0,0,0,0,0,0,0,0,0,2.43,2.43,2.43,2.43,2.43,2.43,2.43,2.43,2.43,2.43,2.43,0,0,0,0,0,0,0,0,0,0,0,0,0,0,0,0,0,0,0,0,0,0,0,0,0,0,0,0,0,0,0,0,0,0,0,0,0,0,0,0,0,0,0,0,0,0,0,0,0,0,0,0,0,0,0,0,0,0,0,0,0,0,0,0,0,0,0,0,0,0,0,0,0,0,0,0,0,0,0,0,0,0,0,0,0,0,0,0,0,0,0,0,0,0,0,0,0,0,0,0,0,0,0,0,0,0,0,0,0,0],
[0,0,0,0,0,0,0,0,0,0,0,2.43,2.43,2.43,2.43,2.43,2.43,2.43,2.43,2.43,0,0,0,0,0,0,0,0,0,0,0,0,0,0,0,0,0,0,0,0,0,0,0,0,0,0,0,0,0,0,0,0,0,0,0,0,0,0,0,0,0,0,0,0,0,0,0,0,0,0,0,0,0,0,0,0,0,0,0,0,0,0,0,0,0,0,0,0,0,0,0,0,0,0,0,0,0,0,0,0,0,0,0,0,0,0,0,0,0,0,0,0,0,0,0,0,0,0,0,0,0,0,0,0,0,0,0,0,0,0],
[0,0,0,0,0,0,0,0,0,0,0,0,2.43,2.43,2.43,2.43,2.43,2.43,2.43,2.43,0,0,0,0,0,0,0,0,0,0,0,0,0,0,0,0,0,0,0,0,0,0,0,0,0,0,0,0,0,0,0,0,0,0,0,0,0,0,0,0,0,0,0,0,0,0,0,0,0,0,0,0,0,0,0,0,0,0,0,0,0,0,0,0,0,0,0,0,0,0,0,0,0,0,0,0,0,0,0,0,0,0,0,0,0,0,0,0,0,0,0,0,0,0,0,0,0,0,0,0,0,0,0,0,0,0,0,0,0,0],
[0,0,0,0,0,0,0,0,0,0,0,0,0,2.43,2.43,2.43,2.43,2.43,2.43,2.43,0,0,0,0,0,0,0,0,0,0,0,0,0,0,0,0,0,0,0,0,0,0,0,0,0,0,0,0,0,0,0,0,0,0,0,0,0,0,0,0,0,0,0,0,0,0,0,0,0,0,0,0,0,0,0,0,0,0,0,0,0,0,0,0,0,0,0,0,0,0,0,0,0,0,0,0,0,0,0,0,0,0,0,0,0,0,0,0,0,0,0,0,0,0,0,0,0,0,0,0,0,0,0,0,0,0,0,0,0,0],
[0,0,0,0,0,0,0,0,0,0,0,0,0,0,2.43,2.43,2.43,2.43,2.43,2.43,0,0,0,0,0,0,0,0,0,0,0,0,0,0,0,0,0,0,0,0,0,0,0,0,0,0,0,0,0,0,0,0,0,0,0,0,0,0,0,0,0,0,0,0,0,0,0,0,0,0,0,0,0,0,0,0,0,0,0,0,0,0,0,0,0,0,0,0,0,0,0,0,0,0,0,0,0,0,0,0,0,0,0,0,0,0,0,0,0,0,0,0,0,0,0,0,0,0,0,0,0,0,0,0,0,0,0,0,0,0],
[0,0,0,0,0,0,0,0,0,0,0,0,0,0,2.43,2.43,2.43,2.43,2.43,0,0,0,0,0,0,0,0,0,0,0,0,0,0,0,0,0,0,0,0,0,0,0,0,0,0,0,0,0,0,0,0,0,0,0,0,0,0,0,0,0,0,0,0,0,0,0,0,0,0,0,0,0,0,0,0,0,0,0,0,0,0,0,0,0,0,0,0,0,0,0,0,0,0,0,0,0,0,0,0,0,0,0,0,0,0,0,0,0,0,0,0,0,0,0,0,0,0,0,0,0,0,0,0,0,0,0,0,0,0,0],
[0,0,0,0,0,0,0,0,0,0,0,0,0,0,2.43,2.43,2.43,2.43,2.43,0,0,0,0,0,0,0,0,0,0,0,0,0,0,0,0,0,0,0,0,0,0,0,0,0,0,0,0,0,0,0,0,0,0,0,0,0,0,0,0,0,0,0,0,0,0,0,0,0,0,0,0,0,0,0,0,0,0,0,0,0,0,0,0,0,0,0,0,0,0,0,0,0,0,0,0,0,0,0,0,0,0,0,0,0,0,0,0,0,0,0,0,0,0,0,0,0,0,0,0,0,0,0,0,0,0,0,0,0,0,0],
[0,0,0,0,0,0,0,0,0,0,0,0,0,0,0,2.43,2.43,2.43,2.43,0,0,0,0,0,0,0,0,0,0,0,0,0,0,0,0,0,0,0,0,0,0,0,0,0,0,0,0,0,0,0,0,0,0,0,0,0,0,0,0,0,0,0,0,0,0,0,0,0,0,0,0,0,0,0,0,0,0,0,0,0,0,0,0,0,0,0,0,0,0,0,0,0,0,0,0,0,0,0,0,0,0,0,0,0,0,0,0,0,0,0,0,0,0,0,0,0,0,0,0,0,0,0,0,0,0,0,0,0,0,0],
[0,0,0,0,0,0,0,0,0,0,0,0,0,0,2.43,2.43,2.43,2.43,2.43,2.43,0,0,0,0,0,0,0,0,0,0,0,0,0,0,0,0,0,0,0,0,0,0,0,0,0,0,0,0,0,0,0,0,0,0,0,0,0,0,0,0,0,0,0,0,0,0,0,0,0,0,0,0,0,0,0,0,0,0,0,0,0,0,0,0,0,0,0,0,0,0,0,0,0,0,0,0,0,0,0,0,0,0,0,0,0,0,0,0,0,0,0,0,0,0,0,0,0,0,0,0,0,0,0,0,0,0,0,0,0,0],
[0,0,0,0,0,0,0,0,0,0,0,0,0,0,2.43,2.43,2.43,2.43,2.43,2.43,2.43,0,0,0,0,0,0,0,0,0,0,0,0,0,0,0,0,0,0,0,0,0,0,0,0,0,0,0,0,0,0,0,0,0,0,0,0,0,0,0,0,0,0,0,0,0,0,0,0,0,0,0,0,0,0,0,0,0,0,0,0,0,0,0,0,0,0,0,0,0,0,0,0,0,0,0,0,0,0,0,0,0,0,0,0,0,0,0,0,0,0,0,0,0,0,0,0,0,0,0,0,0,0,0,0,0,0,0,0,0],
[0,0,0,0,0,0,0,0,0,0,0,0,0,0,2.43,2.43,2.43,2.43,2.43,2.43,2.43,0,0,0,0,0,0,0,0,0,0,0,0,0,0,0,0,0,0,0,0,0,0,0,0,0,0,0,0,0,0,0,0,0,0,0,0,0,0,0,0,0,0,0,0,0,0,0,0,0,0,0,0,0,0,0,0,0,0,0,0,0,0,0,0,0,0,0,0,0,0,0,0,0,0,0,0,0,0,0,0,0,0,0,0,0,0,0,0,0,0,0,0,0,0,0,0,0,0,0,0,0,0,0,0,0,0,0,0,0],
[0,0,0,0,0,0,0,0,0,0,0,0,0,2.43,2.43,2.43,2.43,2.43,2.43,2.43,0,0,0,0,0,0,0,0,0,0,0,0,0,0,0,0,0,0,0,0,0,0,0,0,0,0,0,0,0,0,0,0,0,0,0,0,0,0,0,0,0,0,0,0,0,0,0,0,0,0,0,0,0,0,0,0,0,0,0,0,0,0,0,0,0,0,0,0,0,0,0,0,0,0,0,0,0,0,0,0,0,0,0,0,0,0,0,0,0,0,0,0,0,0,0,0,0,0,0,0,0,0,0,0,0,0,0,0,0,0],
[0,0,0,0,0,0,0,0,0,0,0,0,2.43,2.43,2.43,2.43,2.43,2.43,2.43,2.43,0,0,0,0,0,0,0,0,0,0,0,0,0,0,0,0,0,0,0,0,0,0,0,0,0,0,0,0,0,0,0,0,0,0,0,0,0,0,0,0,0,0,0,0,0,0,0,0,0,0,0,0,0,0,0,0,0,0,0,0,0,0,0,0,0,0,0,0,0,0,0,0,0,0,0,0,0,0,0,0,0,0,0,0,0,0,0,0,0,0,0,0,0,0,0,0,0,0,0,0,0,0,0,0,0,0,0,0,0,0],
[0,0,0,0,0,0,0,0,0,0,0,2.43,2.43,2.43,2.43,2.43,2.43,2.43,2.43,2.43,0,0,0,0,0,0,0,0,0,0,0,0,0,0,0,0,0,0,0,0,0,0,0,0,0,0,0,0,0,0,0,0,0,0,0,0,0,0,0,0,0,0,0,0,0,0,0,0,0,0,0,0,0,0,0,0,0,0,0,0,0,0,0,0,0,0,0,0,0,0,0,0,0,0,0,0,0,0,0,0,0,0,0,0,0,0,0,0,0,0,0,0,0,0,0,0,0,0,0,0,0,0,0,0,0,0,0,0,0,0],
[0,0,0,0,0,0,0,0,0,0,2.43,2.43,2.43,2.43,2.43,2.43,2.43,2.43,2.43,2.43,0,0,0,0,0,0,0,0,0,0,0,0,0,0,0,0,0,0,0,0,0,0,0,0,0,0,0,0,0,0,0,0,0,0,0,0,0,0,0,0,0,0,0,0,0,0,0,0,0,0,0,0,0,0,0,0,0,0,0,0,0,0,0,0,0,0,0,0,0,0,0,0,0,0,0,0,0,0,0,0,0,0,0,0,0,0,0,0,0,0,0,0,0,0,0,0,0,0,0,0,0,0,0,0,0,0,0,0,0,0],
[0,0,0,0,0,0,0,0,0,2.43,2.43,2.43,2.43,2.43,2.43,2.43,2.43,2.43,2.43,2.43,0,0,0,0,0,0,0,0,0,0,0,0,0,0,0,0,0,0,0,0,0,0,0,0,0,0,0,0,0,0,0,0,0,0,0,0,0,0,0,0,0,0,0,0,0,0,0,0,0,0,0,0,0,0,0,0,0,0,0,0,0,0,0,0,0,0,0,0,0,0,0,0,0,0,0,0,0,0,0,0,0,0,0,0,0,0,0,0,0,0,0,0,0,0,0,0,0,0,0,0,0,0,0,0,0,0,0,0,0,0],
[0,0,0,0,0,0,0,0,2.43,2.43,2.43,2.43,2.43,2.43,2.43,2.43,2.43,2.43,2.43,2.43,2.43,0,0,0,0,0,0,0,0,0,0,0,0,0,0,0,0,0,0,0,0,0,0,0,0,0,0,0,0,0,0,0,0,0,0,0,0,0,0,0,0,0,0,0,0,0,0,0,0,0,0,0,0,0,0,0,0,0,0,0,0,0,0,0,0,0,0,0,0,0,0,0,0,0,0,0,2.43,0,0,0,0,0,0,0,0,0,0,0,0,0,0,0,0,0,0,0,0,0,0,0,0,0,0,0,0,0,0,0,0,0],
[0,0,0,0,0,0,0,0,2.43,2.43,2.43,2.43,2.43,2.43,2.43,2.43,2.43,2.43,2.43,2.43,2.43,2.43,0,0,0,0,0,0,0,0,0,0,0,0,0,0,0,0,0,0,0,0,0,0,0,0,0,0,0,0,0,0,0,0,0,0,0,0,0,0,0,0,0,0,0,0,2.43,2.43,2.43,0,0,0,0,0,0,0,0,0,0,0,0,0,0,0,0,0,0,0,0,0,0,0,2.43,0,0,2.43,2.43,2.43,2.43,2.43,2.43,2.43,0,0,0,0,0,0,0,0,0,0,0,0,0,0,0,0,0,0,0,0,0,0,0,0,0,0,0,0],
[0,0,0,0,0,0,0,0,2.43,2.43,2.43,2.43,2.43,2.43,2.43,2.43,2.43,2.43,2.43,2.43,2.43,2.43,0,0,0,0,0,0,0,0,0,0,0,0,0,0,0,0,0,0,0,0,0,0,0,0,0,0,0,0,0,0,0,0,0,0,0,0,0,0,0,0,0,0,2.43,2.43,2.43,2.43,2.43,0,0,0,0,0,0,0,0,0,0,0,0,0,0,0,0,0,0,0,0,0,0,2.43,2.43,2.43,0,2.43,2.43,2.43,2.43,2.43,2.43,2.43,2.43,0,0,0,0,0,0,0,0,0,0,0,0,0,0,0,0,0,0,0,0,0,0,0,0,0,0,0],
[0,0,0,0,0,0,0,0,2.43,2.43,2.43,2.43,2.43,2.43,2.43,2.43,2.43,2.43,2.43,2.43,2.43,2.43,0,0,0,0,0,0,0,0,0,0,0,0,0,0,0,0,0,0,0,0,0,0,0,0,0,0,0,0,0,0,0,0,0,0,0,0,0,0,0,0,0,0,2.43,2.43,2.43,2.43,2.43,0,0,0,0,0,0,0,0,0,0,0,0,0,0,0,0,0,0,0,0,0,0,2.43,2.43,2.43,0,2.43,2.43,2.43,2.43,2.43,2.43,2.43,2.43,2.43,0,0,0,0,0,0,0,0,0,0,0,0,0,0,0,0,0,0,0,0,0,0,0,0,0,0],
[0,0,0,0,0,0,0,0,2.43,2.43,2.43,2.43,2.43,2.43,2.43,2.43,2.43,2.43,2.43,2.43,2.43,2.43,2.43,0,0,0,0,0,0,0,0,0,0,0,0,0,0,0,0,0,0,0,0,0,0,0,0,0,0,0,2.43,0,0,0,0,0,0,0,0,0,0,0,2.43,2.43,2.43,2.43,2.43,2.43,2.43,2.43,0,0,0,0,0,0,0,0,0,0,0,0,0,0,0,0,0,0,0,0,2.43,2.43,2.43,2.43,2.43,2.43,2.43,2.43,2.43,2.43,2.43,2.43,2.43,2.43,2.43,0,0,0,0,0,0,0,0,0,0,0,0,0,0,0,0,0,0,0,0,0,0,0,0,0],
[0,0,0,0,0,0,0,0,2.43,2.43,2.43,2.43,2.43,2.43,2.43,2.43,2.43,2.43,2.43,2.43,2.43,2.43,2.43,0,0,0,0,0,0,0,0,0,0,0,0,0,0,0,0,0,0,0,0,0,0,0,0,0,0,2.43,2.43,2.43,2.43,2.43,0,0,0,0,0,0,0,2.43,2.43,2.43,2.43,2.43,2.43,2.43,2.43,2.43,0,0,0,0,0,0,0,0,0,0,0,0,0,0,0,0,0,0,0,0,2.43,2.43,2.43,2.43,2.43,2.43,2.43,2.43,2.43,2.43,2.43,2.43,2.43,2.43,2.43,2.43,2.43,2.43,0,0,0,0,0,2.43,0,0,0,0,0,0,0,0,0,0,0,0,0,0,0,0],
[0,0,0,0,0,0,0,0,2.43,2.43,2.43,2.43,2.43,2.43,2.43,2.43,2.43,2.43,2.43,2.43,2.43,2.43,2.43,2.43,0,0,0,0,0,0,0,0,0,0,0,0,0,0,0,0,0,0,0,0,0,0,0,0,0,2.43,2.43,2.43,2.43,2.43,2.43,2.43,2.43,0,0,0,0,2.43,2.43,2.43,2.43,2.43,2.43,2.43,2.43,2.43,0,0,0,0,0,0,0,0,0,0,0,0,0,0,0,0,0,0,0,2.43,2.43,2.43,2.43,2.43,2.43,2.43,2.43,2.43,2.43,2.43,2.43,2.43,2.43,2.43,2.43,2.43,2.43,2.43,2.43,0,2.43,2.43,2.43,2.43,2.43,0,0,0,0,0,0,0,0,0,0,0,0,0,0,0],
[0,0,0,0,0,0,0,0,2.43,2.43,2.43,2.43,2.43,2.43,2.43,2.43,2.43,2.43,2.43,2.43,2.43,2.43,2.43,2.43,2.43,2.43,0,0,0,0,0,0,0,0,0,0,0,0,0,0,0,0,0,0,0,0,0,0,0,2.43,2.43,2.43,2.43,2.45,2.44,2.43,2.43,2.43,2.43,2.43,2.43,2.43,2.43,2.43,2.43,2.43,2.43,2.43,2.43,2.43,0,0,0,0,0,0,0,0,0,0,0,0,0,0,0,0,0,0,2.43,2.43,2.43,2.43,2.43,2.43,2.43,2.43,2.43,2.43,2.43,2.43,2.43,2.43,2.43,2.43,2.43,2.43,2.43,2.43,2.43,2.43,2.43,2.43,2.43,2.43,2.43,2.43,0,0,0,0,0,0,0,0,0,0,0,0,0,0],
[0,0,0,0,0,0,0,0,2.43,2.43,2.43,2.43,2.43,2.43,2.43,2.43,2.43,2.43,2.43,2.43,2.43,2.43,2.43,2.43,2.43,2.43,2.43,2.43,0,0,0,0,0,0,0,0,0,0,0,0,0,0,0,0,0,0,0,0,0,0,2.43,2.43,2.50,2.49,2.48,2.46,2.45,2.43,2.43,2.43,2.43,2.43,2.43,2.43,2.43,2.43,2.43,2.43,2.43,2.43,0,0,0,0,0,0,0,0,0,0,0,0,0,0,0,0,0,0,2.43,2.43,2.43,2.43,2.43,2.43,2.43,2.43,2.43,2.43,2.43,2.43,2.43,2.43,2.43,2.43,2.43,2.43,2.43,2.43,2.43,2.43,2.43,2.43,2.43,2.43,2.43,2.43,2.43,0,0,0,0,0,0,0,0,0,0,0,0,0],
[0,0,0,0,0,0,0,0,2.43,2.43,2.43,2.43,2.43,2.43,2.43,2.43,2.43,2.43,2.43,2.43,2.43,2.43,2.43,2.43,2.43,2.44,2.45,2.43,2.51,2.64,2.69,2.91,3.12,3.34,3.56,3.77,3.94,3.98,4.02,4.07,4.07,4.03,3.92,3.74,3.52,3.26,3.00,2.74,2.64,2.54,2.43,2.55,2.53,2.51,2.48,2.45,2.44,2.43,2.43,2.43,2.43,2.43,2.43,2.43,2.43,2.43,2.43,2.43,2.43,0,0,0,0,0,0,0,0,0,0,0,0,0,0,0,2.43,2.43,2.43,2.43,2.43,2.43,2.43,2.43,2.43,2.43,2.43,2.43,2.43,2.43,2.43,2.43,2.43,2.43,2.43,2.43,2.43,2.43,2.43,2.43,2.43,2.43,2.43,2.43,2.43,2.43,2.43,2.43,2.43,2.43,0,0,0,0,0,0,0,0,0,0,0,0],
[0,0,0,0,0,0,0,2.43,2.43,2.43,2.43,2.43,2.43,2.43,2.43,2.43,2.43,2.43,2.43,2.43,2.43,2.43,2.43,2.43,2.43,2.43,2.46,2.47,2.58,2.62,2.68,2.94,3.16,3.37,3.59,3.81,3.95,3.99,4.03,4.07,4.07,4.03,3.92,3.74,3.51,3.25,2.99,2.73,2.64,2.60,2.56,2.53,2.50,2.47,2.46,2.44,2.43,2.43,2.43,2.43,2.43,2.43,2.43,2.43,2.43,2.43,2.43,2.43,2.43,0,0,0,0,0,0,0,0,0,0,0,0,2.43,2.43,2.43,2.43,2.43,2.43,2.43,2.43,2.43,2.43,2.43,2.43,2.43,2.43,2.43,2.43,2.43,2.43,2.43,2.43,2.43,2.43,2.43,0,0,2.43,2.43,2.43,2.43,2.43,2.43,2.43,2.43,2.43,2.43,2.43,2.43,0,0,0,0,0,0,0,0,0,0,0,0],
[0,0,0,0,0,0,0,2.43,2.43,2.43,2.43,2.43,2.43,2.43,2.43,2.43,2.43,2.43,2.43,2.43,2.43,2.43,2.43,2.43,2.43,2.43,2.44,2.48,2.54,2.60,2.67,2.91,3.16,3.42,3.67,3.84,3.95,4.01,4.05,4.09,4.07,4.03,3.92,3.74,3.50,3.23,2.97,2.72,2.64,2.58,2.53,2.50,2.48,2.46,2.44,2.43,2.43,2.43,2.43,2.43,2.43,2.43,2.43,2.43,2.43,2.43,2.43,2.43,2.43,2.43,2.43,2.43,2.43,0,0,0,0,0,0,0,0,2.43,2.43,2.43,2.43,2.43,2.43,2.43,2.43,2.43,2.43,2.43,2.43,2.43,0,0,0,2.43,2.43,2.43,2.43,2.43,2.43,2.43,0,0,2.43,2.43,2.43,2.43,2.43,2.43,2.43,2.43,2.43,2.43,2.43,2.43,0,0,0,0,0,0,0,0,0,0,0,0],
[0,0,0,0,0,0,0,2.43,2.43,2.43,2.43,2.43,2.43,2.43,2.43,2.43,2.43,2.43,2.43,2.43,2.43,2.43,2.43,2.43,2.43,2.43,2.43,2.46,2.54,2.59,2.66,2.88,3.13,3.39,3.66,3.83,3.94,4.03,4.07,4.08,4.06,4.03,3.91,3.74,3.50,3.22,2.95,2.73,2.64,2.57,2.51,2.48,2.46,2.45,2.43,2.43,2.43,2.43,2.43,2.43,2.43,2.43,2.43,2.43,2.43,2.43,2.43,2.43,2.43,2.43,2.43,2.43,2.43,2.43,2.43,0,0,0,0,0,2.43,2.43,2.43,2.43,2.43,2.43,2.43,2.43,2.43,2.43,2.43,0,0,0,0,0,0,0,2.43,2.43,2.43,0,0,0,0,0,2.43,2.43,2.43,2.43,2.43,2.43,2.43,2.43,2.43,2.43,2.43,2.43,2.43,0,0,0,0,0,0,0,0,0,0,0],
[0,0,0,0,0,0,0,2.43,2.43,2.43,2.43,2.43,2.43,2.43,2.43,2.43,2.43,2.43,2.43,2.43,2.43,2.43,2.43,2.43,2.43,2.43,2.43,2.43,2.55,2.60,2.65,2.85,3.10,3.37,3.65,3.83,3.94,4.05,4.09,4.07,4.05,4.03,3.91,3.74,3.50,3.22,2.94,2.73,2.63,2.55,2.50,2.47,2.45,2.43,2.43,2.43,2.43,2.43,2.43,2.43,2.43,2.43,2.43,2.43,2.43,2.43,2.43,2.43,2.43,2.43,2.43,2.43,2.43,2.43,2.43,2.43,2.43,0,0,2.43,2.43,2.43,2.43,2.43,2.43,2.43,2.43,2.43,2.43,2.43,2.43,0,0,0,0,0,0,0,0,0,0,0,0,0,0,0,0,0,2.43,2.43,2.43,2.43,2.43,2.43,2.43,2.43,2.43,2.43,2.43,0,0,0,0,0,0,0,0,0,0,0],
[0,0,0,0,0,0,0,0,2.43,2.43,2.43,2.43,2.43,2.43,2.43,2.43,2.43,2.43,2.43,2.43,2.43,2.43,2.43,2.43,2.43,2.43,2.43,2.43,2.55,2.66,2.66,2.82,3.09,3.37,3.64,3.82,3.93,4.04,4.08,4.06,4.04,4.02,3.91,3.74,3.50,3.22,2.94,2.76,2.65,2.54,2.49,2.45,2.43,2.43,2.43,2.43,2.43,2.43,2.43,2.43,2.43,2.43,2.43,2.43,2.43,2.43,2.43,2.43,2.43,2.43,2.43,2.43,2.43,2.43,2.43,2.43,2.43,0,2.43,2.43,2.43,2.43,2.43,2.43,2.43,2.43,2.43,2.43,2.43,2.43,2.43,0,0,0,0,0,0,0,0,0,0,0,0,0,0,0,0,0,0,2.43,2.43,2.43,2.43,2.43,2.43,2.43,2.43,2.43,2.43,0,0,0,0,0,0,0,0,0,0,0],
[0,0,0,0,0,0,0,0,2.43,2.43,2.43,2.43,2.43,2.43,2.43,2.43,2.43,2.43,2.43,2.43,2.43,2.43,2.43,2.43,2.43,2.43,2.43,2.43,2.43,2.68,2.68,2.82,3.09,3.36,3.64,3.82,3.93,4.04,4.08,4.06,4.04,4.02,3.91,3.74,3.50,3.22,2.94,2.77,2.66,2.47,2.45,2.44,2.43,2.43,2.43,2.43,2.43,2.43,2.43,2.43,2.43,2.43,2.43,2.43,2.43,2.43,2.43,2.43,2.43,2.43,2.43,2.43,2.43,2.43,2.43,2.43,2.43,2.43,2.43,2.43,2.43,2.43,2.43,2.43,2.43,2.43,2.43,2.43,2.43,2.43,2.43,0,0,0,0,0,0,0,0,0,0,0,0,0,0,0,0,0,2.43,2.43,2.43,2.43,2.43,2.43,2.43,2.43,2.43,2.43,2.43,0,0,0,0,0,0,0,0,0,0,0],
[0,0,0,0,0,0,0,0,2.43,2.43,2.43,2.43,2.43,2.43,2.43,2.43,2.43,2.43,2.43,2.43,2.43,2.43,2.43,2.43,2.43,2.43,2.43,2.43,0,0,0,0,0,0,0,0,0,0,0,0,0,0,0,0,0,0,0,0,0,0,2.43,2.43,2.43,2.43,2.43,2.43,2.43,2.43,2.43,2.43,2.43,2.43,2.43,2.43,2.43,2.43,2.43,2.43,2.43,2.43,2.43,2.43,2.43,2.43,2.43,2.43,2.43,2.43,2.43,2.43,2.43,2.43,2.43,2.43,2.43,2.43,2.43,2.43,2.43,2.43,2.43,0,0,0,0,0,0,0,0,0,0,0,0,0,0,0,0,0,2.43,2.43,2.43,2.43,2.43,2.43,2.43,2.43,2.43,2.43,2.43,0,0,0,0,0,0,0,0,0,0,0],
[0,0,0,0,0,0,0,0,0,2.43,2.43,2.43,2.43,2.43,2.43,2.43,2.43,2.43,2.43,2.43,2.43,2.43,2.43,2.43,2.43,2.43,2.43,2.43,0,0,0,0,0,0,0,0,0,0,0,0,0,0,0,0,0,0,0,0,0,0,0,2.43,2.43,2.43,2.43,2.43,2.43,2.43,2.43,2.43,2.43,2.43,2.43,2.43,2.43,2.43,2.43,2.43,2.43,2.43,2.43,2.43,2.43,2.43,2.43,2.43,2.43,2.43,2.43,2.43,2.43,2.43,2.43,2.43,2.43,2.43,2.43,2.43,2.43,2.43,2.43,0,0,0,0,0,0,0,0,0,0,0,0,0,0,0,0,0,2.43,2.43,2.43,2.43,2.43,2.43,2.43,2.43,2.43,2.43,0,0,0,0,0,0,0,0,0,0,0,0],
[0,0,0,0,0,0,0,0,0,2.43,2.43,2.43,2.43,2.43,2.43,2.43,2.43,2.43,2.43,2.43,2.43,2.43,2.43,2.43,2.43,2.43,2.43,2.43,0,0,0,0,0,0,0,0,0,0,0,0,0,0,0,0,0,0,0,0,0,0,0,2.43,2.43,2.43,2.43,2.43,2.43,2.43,2.43,2.43,2.43,2.43,2.43,2.43,2.43,2.43,2.43,2.43,2.43,2.43,2.43,2.43,2.43,2.43,2.43,2.43,2.43,2.43,2.43,2.43,2.43,2.43,2.43,2.43,2.43,2.43,2.43,2.43,2.43,2.43,0,0,0,0,0,0,0,0,0,0,0,0,0,0,0,0,0,0,0,2.43,2.43,2.43,2.43,2.43,2.43,2.43,2.43,2.43,0,0,0,0,0,0,0,0,0,0,0,0],
[0,0,0,0,0,0,0,0,0,0,2.43,2.43,2.43,2.43,2.43,2.43,2.43,2.43,2.43,2.43,2.43,2.43,2.43,2.43,2.43,2.43,2.43,0,0,0,0,0,0,0,0,0,0,0,0,0,0,0,0,0,0,0,0,0,0,0,0,2.43,2.43,2.43,2.43,2.43,2.43,0,0,2.43,2.43,2.43,2.43,2.43,2.43,2.43,2.43,2.43,2.43,2.43,2.43,2.43,2.43,2.43,2.43,2.43,2.43,2.43,2.43,2.43,2.43,2.43,2.43,2.43,2.43,2.43,2.43,0,0,0,0,0,0,0,0,0,0,0,0,0,0,0,0,0,0,0,0,0,0,0,2.43,2.43,2.43,2.43,2.43,2.43,2.43,2.43,0,0,0,0,0,0,0,0,0,0,0,0],
[0,0,0,0,0,0,0,0,0,0,2.43,2.43,2.43,2.43,2.43,2.43,2.43,2.43,2.43,2.43,2.43,2.43,2.43,2.43,2.43,2.43,0,0,0,0,0,0,0,0,0,0,0,0,0,0,0,0,0,0,0,0,0,0,0,0,0,0,2.43,2.43,2.43,2.43,0,0,0,0,2.43,2.43,2.43,2.43,0,0,0,2.43,2.43,2.43,2.43,2.43,2.43,2.43,2.43,2.43,2.43,2.43,2.43,2.43,2.43,2.43,2.43,2.43,2.43,2.43,2.43,2.43,0,0,0,0,0,0,0,0,0,0,0,0,0,0,0,0,0,0,0,0,0,0,0,0,2.43,2.43,2.43,2.43,2.43,2.43,0,0,0,0,0,0,0,0,0,0,0,0],
[0,0,0,0,0,0,0,0,0,0,0,2.43,2.43,2.43,2.43,2.43,2.43,2.43,2.43,2.43,2.43,0,0,0,0,0,0,0,0,0,0,0,0,0,0,0,0,0,0,0,0,0,0,0,0,0,0,0,0,0,0,0,0,0,0,0,0,0,0,0,0,0,0,0,0,0,0,0,2.43,2.43,2.43,2.43,2.43,2.43,2.43,2.43,2.43,2.43,2.43,2.43,2.43,2.43,2.43,2.43,2.43,2.43,2.43,2.43,0,0,0,0,0,0,0,0,0,0,0,0,0,0,0,0,0,0,0,0,0,0,0,0,2.43,2.43,2.43,2.43,2.43,2.43,2.43,0,0,0,0,0,0,0,0,0,0,0],
[0,0,0,0,0,0,0,0,0,0,0,0,0,2.43,2.43,2.43,2.43,2.43,2.43,2.43,0,0,0,0,0,0,0,0,0,0,0,0,0,0,0,0,0,0,0,0,0,0,0,0,0,0,0,0,0,0,0,0,0,0,0,0,0,0,0,0,0,0,0,0,0,0,0,0,2.43,2.43,2.43,2.43,0,2.43,2.43,2.43,0,0,2.43,2.43,2.43,2.43,2.43,2.43,0,0,0,0,0,0,0,0,0,0,0,0,0,0,0,0,0,0,0,0,0,0,0,0,0,0,0,0,2.43,2.43,2.43,2.43,2.43,2.43,2.43,0,0,0,0,0,0,0,0,0,0,0],
[0,0,0,0,0,0,0,0,0,0,0,0,0,0,0,0,2.43,2.43,2.43,2.43,0,0,0,0,0,0,0,0,0,0,0,0,0,0,0,0,0,0,0,0,0,0,0,0,0,0,0,0,0,0,0,0,0,0,0,0,0,0,0,0,0,0,0,0,0,0,0,0,0,0,0,0,0,0,0,0,0,0,2.43,2.43,2.43,2.43,2.43,2.43,0,0,0,0,0,0,0,0,0,0,0,4.43,4.43,4.43,4.43,4.43,0,0,0,0,0,0,0,0,0,0,0,0,2.43,2.43,2.43,2.43,2.43,2.43,2.43,0,0,0,0,0,0,0,0,0,0,0],
[0,0,0,0,0,0,0,0,0,0,0,0,0,0,0,0,0,2.43,2.43,0,0,0,0,0,0,0,0,0,0,0,0,0,0,0,0,0,0,0,0,0,0,0,0,0,0,0,0,0,0,0,0,0,0,0,0,0,0,0,0,0,0,0,0,0,0,0,0,0,0,0,0,0,0,0,0,0,0,0,2.43,2.43,2.43,2.43,2.43,2.43,0,0,0,0,0,0,0,0,0,0,0,4.43,4.43,4.43,4.43,4.43,4.43,0,0,0,0,0,0,0,0,0,0,0,2.43,2.43,2.43,2.43,2.43,2.44,2.43,2.43,0,0,0,0,0,0,0,0,0,0],
[0,0,0,0,0,0,0,0,0,0,0,0,0,0,0,0,0,0,0,0,0,0,0,0,0,0,0,0,0,0,0,0,0,0,0,0,0,0,0,0,0,0,0,0,0,0,0,0,0,0,0,0,0,0,0,0,0,0,0,0,0,0,0,0,0,0,0,0,0,0,0,0,0,0,0,0,0,0,0,0,2.43,2.43,2.43,0,0,0,0,0,0,0,0,0,0,0,4.43,4.43,4.43,4.43,4.43,4.43,4.43,0,0,0,0,0,0,0,0,0,0,0,2.43,2.43,2.43,2.43,2.47,2.45,2.43,2.43,2.43,0,0,0,0,0,0,0,0,0],
[0,0,0,0,0,0,0,0,0,0,0,0,0,0,0,0,0,0,0,0,0,0,0,0,0,0,0,0,0,0,0,0,0,0,0,0,0,0,0,0,0,0,0,0,0,0,0,0,0,0,0,0,0,0,0,0,0,0,0,0,0,0,0,0,0,0,0,0,0,0,0,0,0,0,0,0,0,0,0,0,2.43,2.43,2.43,2.43,0,0,0,0,0,0,0,0,0,0,4.43,4.43,4.43,4.43,4.43,4.43,4.43,0,0,0,0,0,0,0,0,0,0,0,2.43,2.43,2.44,2.48,2.48,2.46,2.44,2.43,2.43,2.43,0,0,0,0,0,0,0,0],
[0,0,0,0,0,0,0,0,0,0,0,0,0,0,0,0,0,0,0,0,0,0,0,0,0,0,0,0,0,0,0,0,0,0,0,0,0,0,0,0,0,0,0,0,0,0,0,0,0,0,0,0,0,0,0,0,0,0,0,0,0,0,0,0,0,0,0,0,0,0,0,0,0,0,0,0,0,0,0,0,2.43,2.43,2.43,0,0,0,0,0,0,0,0,0,0,0,0,4.43,4.43,4.43,4.43,4.43,4.43,0,0,0,0,0,0,0,0,0,0,0,2.43,2.43,2.51,2.50,2.51,2.52,2.52,2.53,2.43,0,0,0,0,0,0,0,0,0],
[0,0,0,0,0,0,0,0,0,0,0,0,0,0,0,0,0,0,0,0,0,0,0,0,0,0,0,0,0,0,0,0,0,0,0,0,0,0,0,0,0,0,0,0,0,0,0,0,0,0,0,0,0,0,0,0,0,0,0,0,0,0,0,0,0,0,0,0,0,0,0,0,0,0,0,0,0,0,0,0,0,0,0,0,0,0,0,0,0,0,0,0,0,0,0,4.43,4.43,4.43,4.43,4.43,0,0,0,0,0,0,0,0,2.93,2.93,2.93,2.93,2.93,2.89,2.82,2.82,2.82,2.82,2.82,2.86,2.93,2.93,2.93,2.93,2.93,2.93,0,0,0,0],
[0,0,0,0,0,0,0,0,0,0,0,0,0,0,0,0,0,0,0,0,0,0,0,0,0,0,0,0,0,0,0,0,0,0,0,0,0,0,0,0,0,0,0,0,0,0,0,0,0,0,0,0,0,0,0,0,0,0,0,0,0,0,0,0,0,0,0,0,0,0,0,0,0,0,0,0,0,0,0,0,0,0,0,0,0,0,0,0,0,0,0,0,0,0,0,0,0,0,0,0,0,0,0,0,0,0,0,0,2.93,2.93,2.93,2.93,2.93,2.93,2.93,2.93,2.93,2.93,2.93,2.93,2.93,2.93,2.93,2.93,2.93,2.93,0,0,0,0],
[0,0,0,0,0,0,0,0,0,0,0,0,0,0,0,0,0,0,0,0,0,0,0,0,0,0,0,0,0,0,0,0,0,0,0,0,0,0,0,0,0,0,0,0,0,0,0,0,0,0,0,0,0,0,0,0,0,0,0,0,0,0,0,0,0,0,0,0,0,0,0,0,0,0,0,0,0,0,0,0,0,0,0,0,0,0,0,0,0,0,0,0,0,0,0,0,0,0,0,0,0,0,0,0,0,0,0,0,2.93,2.93,2.93,2.93,2.93,2.93,2.93,2.93,2.93,2.93,2.93,2.93,2.93,2.93,2.93,2.93,2.93,2.93,0,0,0,0],
[0,0,0,0,0,0,0,0,0,0,0,0,0,0,0,0,0,0,0,0,0,0,0,0,0,0,0,0,0,0,0,0,0,0,0,0,0,0,0,0,0,0,0,0,0,0,0,0,0,0,0,0,0,0,0,0,0,0,0,0,0,0,0,0,0,0,0,0,0,0,0,0,0,0,0,0,0,0,0,0,0,0,0,0,0,0,0,0,0,0,0,0,0,0,0,0,0,0,0,0,0,0,0,2.43,2.43,2.43,2.43,0,2.93,2.93,2.93,2.93,2.93,2.93,2.93,2.93,2.93,2.93,2.93,2.93,2.93,2.93,2.93,2.93,2.93,2.93,0,0,0,0],
[0,0,0,0,0,0,0,0,0,0,0,0,0,0,0,0,0,0,0,0,0,0,0,0,0,0,0,0,0,0,0,0,0,0,0,0,0,0,0,0,0,0,0,0,0,0,0,0,0,0,0,0,0,0,0,0,0,0,0,0,0,0,0,0,0,0,0,0,0,0,0,0,0,0,0,0,0,0,0,0,0,0,0,0,0,0,0,0,0,0,0,0,0,0,0,0,0,0,0,0,0,0,2.43,2.43,2.43,2.43,2.43,0,2.93,2.93,2.93,2.93,2.93,2.93,2.93,2.93,2.93,2.93,2.93,2.93,2.93,2.93,2.93,2.93,2.93,2.93,0,0,0,0],
[0,0,0,0,0,0,0,0,0,0,0,0,0,0,0,0,0,0,0,0,0,0,0,0,0,0,0,0,0,0,0,0,0,0,0,0,0,0,0,0,0,0,0,0,0,0,0,0,0,0,0,0,0,0,0,0,0,0,0,0,0,0,0,0,0,0,0,0,0,0,0,0,0,0,0,0,0,0,0,0,0,0,0,0,0,0,0,0,0,0,0,0,0,0,0,0,0,0,0,0,2.43,2.43,2.43,2.43,2.43,2.43,2.43,0,2.93,2.93,2.93,2.93,2.93,2.93,2.93,2.93,2.93,2.93,2.93,2.93,2.93,2.93,2.93,2.93,2.93,2.93,0,0,0,0],
[0,0,0,0,0,0,0,0,0,0,0,0,0,0,0,0,0,0,0,0,0,0,0,0,0,0,0,0,0,0,0,0,0,0,0,0,0,0,0,0,0,0,0,0,0,0,0,0,0,0,0,0,0,0,0,0,0,0,0,0,0,0,0,0,0,0,0,0,0,0,0,0,0,0,0,0,0,0,0,0,0,0,0,0,0,0,0,0,0,0,0,0,0,0,0,0,0,0,2.43,2.43,2.43,2.43,2.43,2.43,2.43,2.43,2.43,0,2.93,2.93,2.93,2.93,2.93,2.93,2.93,2.93,2.93,2.93,2.93,2.93,2.93,2.93,2.93,2.93,2.93,2.93,0,0,0,0],
[0,0,0,0,0,0,0,0,0,0,0,0,0,0,0,0,0,0,0,0,0,0,0,0,0,0,0,0,0,0,0,0,0,0,0,0,0,0,0,0,0,0,0,0,0,0,0,0,0,0,0,0,0,0,0,0,0,0,0,0,0,0,0,0,0,0,0,0,0,0,0,0,0,0,0,0,0,0,0,0,0,0,0,0,0,0,0,0,0,0,0,0,0,0,0,0,0,0,2.43,2.43,2.43,2.43,2.43,2.43,2.43,2.43,2.43,2.99,2.93,2.93,2.93,2.93,2.93,2.93,2.93,2.93,2.93,2.93,2.93,2.93,2.93,2.93,2.93,2.93,2.93,2.93,0,0,0,0],
[0,0,0,0,0,0,0,0,0,0,0,0,0,0,0,0,0,0,0,0,0,0,0,0,0,0,0,0,0,0,0,0,0,0,0,0,0,0,0,0,0,0,0,0,0,0,0,0,0,0,0,0,0,0,0,0,0,0,0,0,0,0,0,0,0,0,0,0,0,0,0,0,0,0,0,0,0,0,0,0,0,0,0,0,0,0,0,0,0,0,0,0,0,0,0,0,0,0,2.43,2.43,2.43,2.43,2.43,2.43,2.43,2.43,2.43,2.90,2.93,2.93,2.93,2.93,2.93,2.93,2.93,2.93,2.93,2.93,2.93,2.93,2.93,2.93,2.93,2.93,2.93,2.93,0,0,0,0],
[0,0,0,0,0,0,0,0,0,0,0,0,0,0,0,0,0,0,0,0,0,0,0,0,0,0,0,0,0,0,0,0,0,0,0,0,0,0,0,0,0,0,0,0,0,0,0,0,0,0,0,0,0,0,0,0,0,0,0,0,0,0,0,0,0,0,0,0,0,0,0,0,0,0,0,0,0,0,0,0,0,0,0,0,0,0,0,0,0,0,0,0,0,0,0,0,0,0,2.43,2.43,2.43,2.43,2.43,2.43,2.43,2.43,2.43,2.83,2.93,2.93,2.93,2.93,2.93,2.93,2.93,2.93,2.93,2.93,2.93,2.93,2.93,2.93,2.93,2.93,2.93,2.93,0,0,0,0],
[0,0,0,0,0,0,0,0,0,0,0,0,0,0,0,0,0,0,0,0,0,0,0,0,0,0,0,0,0,0,0,0,0,0,0,0,0,0,0,0,0,0,0,0,0,0,0,0,0,0,0,0,0,0,0,0,0,0,0,0,0,0,0,0,0,0,0,0,0,0,0,0,0,0,0,0,0,0,0,0,0,0,0,0,0,0,0,0,0,0,0,0,0,0,0,0,0,2.43,2.43,2.43,2.43,2.43,2.43,2.43,2.43,2.43,2.43,2.98,2.93,2.93,2.93,2.93,2.93,2.93,2.93,2.93,2.93,2.93,2.93,2.93,2.93,2.93,2.93,2.93,2.93,2.93,0,0,0,0],
[0,0,0,0,0,0,0,0,0,0,0,0,0,0,0,0,0,0,0,0,0,0,0,0,0,0,0,0,0,0,0,0,0,0,0,0,0,0,0,0,0,0,0,0,0,0,0,0,0,0,0,0,0,0,0,0,0,0,0,0,0,0,0,0,0,0,0,0,0,0,0,0,0,0,0,0,0,0,0,0,0,0,0,2.43,2.43,0,0,0,0,0,0,0,0,0,2.43,2.43,2.43,2.43,2.43,2.43,2.43,2.43,2.43,2.43,2.43,2.43,2.43,3.01,2.93,2.93,2.93,2.93,2.93,2.93,2.93,2.93,2.93,2.93,2.93,2.93,2.93,2.93,2.93,2.93,2.93,2.93,0,0,0,0],
[0,0,0,0,0,0,0,0,0,0,0,0,0,0,0,0,0,0,0,0,0,0,0,0,0,0,0,0,0,0,0,0,0,0,0,0,0,0,0,0,0,0,0,0,0,0,0,0,0,0,0,0,0,0,0,0,0,0,2.93,2.93,2.93,2.93,2.93,2.93,2.93,2.93,2.93,2.93,2.93,2.93,2.93,2.93,2.93,2.93,2.93,2.93,0,0,0,0,0,0,2.43,2.43,2.43,2.43,2.43,0,0,2.43,2.43,2.43,2.43,2.43,2.43,2.43,2.43,2.43,2.43,2.43,2.43,2.43,2.43,2.43,2.43,2.43,2.43,0,2.93,2.93,2.93,2.93,2.93,2.93,2.93,2.93,2.93,2.93,2.93,2.93,2.93,2.93,2.93,2.93,2.93,2.93,0,0,0,0],
[0,0,0,0,0,0,0,0,0,0,0,0,0,0,0,0,0,0,0,0,0,0,0,0,0,0,0,0,0,0,0,0,0,0,0,0,0,0,0,0,0,0,0,0,0,0,0,0,0,0,0,0,0,0,0,0,0,0,2.93,2.93,2.93,2.93,2.93,2.93,2.93,2.93,2.93,2.93,2.93,2.93,2.93,2.93,2.93,2.93,2.93,2.93,0,0,0,0,0,0,2.43,2.43,2.43,2.43,2.43,2.43,2.43,2.43,2.43,2.43,2.43,2.43,2.43,2.43,2.43,2.43,2.43,2.43,2.43,2.43,2.43,2.43,2.43,2.43,2.43,0,2.93,2.93,2.93,2.93,2.93,2.93,2.93,2.93,2.93,2.93,2.93,2.93,2.93,2.93,2.93,2.93,2.93,2.93,0,0,0,0],
[0,0,0,0,0,0,0,0,0,0,0,0,0,0,0,0,0,0,0,0,0,0,0,0,0,0,0,0,0,0,0,0,0,0,0,0,0,0,0,0,0,0,0,0,0,0,0,0,0,0,0,0,0,0,0,0,0,0,2.93,2.93,2.93,2.93,2.93,2.93,2.93,2.93,2.93,2.93,2.93,2.93,2.93,2.93,2.93,2.93,2.93,2.93,0,0,0,0,0,0,2.43,2.43,2.43,2.43,2.43,2.43,2.43,2.43,2.43,2.43,2.43,2.43,2.43,2.43,2.43,2.43,2.43,2.43,2.43,2.43,2.43,2.43,2.43,2.43,2.43,0,2.93,2.93,2.93,2.93,2.93,2.93,2.93,2.93,2.93,2.93,2.93,2.93,2.93,2.93,2.93,2.93,2.93,2.93,0,0,0,0],
[0,0,0,0,0,0,0,0,0,0,0,0,0,0,0,0,0,0,0,0,0,0,0,0,0,0,0,0,0,0,0,0,0,0,0,0,0,0,0,0,0,0,0,0,0,0,0,0,0,0,0,0,0,0,0,0,0,0,2.93,2.93,2.93,2.93,2.93,2.93,2.93,2.94,2.93,2.93,2.93,2.93,2.93,2.93,2.93,2.93,2.93,2.93,0,0,0,0,0,2.43,2.43,2.43,2.43,2.43,2.43,2.43,2.43,2.43,2.43,2.43,2.43,2.43,2.43,2.43,2.43,2.43,2.43,0,0,0,0,0,2.43,2.43,2.43,0,2.93,2.93,2.93,2.93,2.93,2.93,2.93,2.93,2.93,2.93,2.93,2.93,2.93,2.93,2.93,2.93,2.93,2.93,0,0,0,0],
[0,0,0,0,0,0,0,0,0,0,0,0,0,0,0,0,0,0,0,0,0,0,0,0,0,0,0,0,0,0,0,0,0,0,0,0,0,0,0,0,0,0,0,0,0,0,0,0,0,0,0,0,0,0,0,0,0,0,2.93,2.93,2.93,2.93,2.93,2.93,2.93,2.94,2.93,2.93,2.93,2.93,2.93,2.93,2.93,2.93,2.93,2.93,0,0,0,0,0,2.43,2.43,2.43,2.43,2.43,2.43,2.43,2.43,2.43,2.43,2.43,2.43,2.43,2.43,2.43,2.43,2.43,2.43,0,0,0,0,0,0,0,0,0,2.93,2.93,2.93,2.93,2.93,2.93,2.93,2.93,2.93,2.93,2.93,2.93,2.93,2.93,2.93,2.93,2.93,2.93,0,0,0,0],
[0,0,0,0,0,0,0,0,0,0,0,0,0,0,0,0,0,0,0,0,0,0,0,0,0,0,0,0,0,0,0,0,0,0,0,0,0,0,0,0,0,0,0,0,0,0,0,0,0,0,0,0,0,0,0,0,0,0,2.93,2.93,2.93,2.93,2.93,2.93,2.93,2.95,2.93,2.93,2.93,2.93,2.93,2.93,2.93,2.93,2.93,2.93,0,0,0,0,0,2.43,2.43,2.43,2.43,2.43,2.43,2.43,2.43,2.43,2.43,2.43,2.43,2.43,2.43,2.43,2.43,2.43,0,0,0,0,0,0,0,0,0,0,2.93,2.93,2.93,2.93,2.93,2.93,2.93,2.93,2.93,2.93,2.93,2.93,2.93,2.93,2.93,2.93,2.93,2.93,0,0,0,0],
[0,0,0,0,0,0,0,0,0,0,0,0,0,0,0,0,0,0,0,0,0,0,0,0,0,0,0,0,0,0,0,0,0,0,0,0,0,0,0,0,0,0,0,0,0,0,0,0,0,0,0,0,0,0,0,0,0,0,2.93,2.93,2.93,2.93,2.93,2.93,2.93,2.95,2.94,2.93,2.93,2.93,2.93,2.93,2.93,2.93,2.93,2.93,0,0,0,0,0,2.43,2.43,2.43,2.43,2.43,2.43,2.43,2.43,2.43,2.43,2.43,2.43,2.43,2.43,2.43,2.43,0,0,0,0,0,0,0,0,0,0,0,2.93,2.93,2.93,2.93,2.93,2.93,2.93,2.93,2.93,2.93,2.93,2.93,2.93,2.93,2.93,2.93,2.93,2.93,0,0,0,0],
[0,0,0,0,0,0,0,0,0,0,0,0,0,0,0,0,0,0,0,0,0,0,0,0,0,0,0,0,0,0,0,0,0,0,0,0,0,0,0,0,0,0,0,0,0,0,0,0,0,0,0,0,0,0,0,0,0,0,2.93,2.93,2.93,2.93,2.93,2.93,2.93,2.96,2.94,2.93,2.93,2.93,2.93,2.93,2.93,2.93,2.93,2.93,0,0,0,0,0,2.43,2.43,2.43,2.43,2.43,2.43,2.43,2.43,2.43,2.43,2.43,2.43,2.43,2.43,2.43,2.43,0,0,0,0,0,0,0,0,0,0,0,0,0,0,0,2.65,2.69,2.81,2.76,2.72,2.50,2.50,0,0,0,0,0,0,0,0,0,0,0],
[0,0,0,0,0,0,0,0,0,0,0,0,0,0,0,0,0,0,0,0,0,0,0,0,0,0,0,0,0,0,0,0,0,0,0,0,0,0,0,0,0,0,0,0,0,0,0,0,0,0,0,0,0,0,0,0,0,0,2.93,2.93,2.93,2.93,2.93,2.93,2.93,2.96,2.95,2.93,2.93,2.93,2.93,2.93,2.93,2.93,2.93,2.93,0,0,0,0,0,0,2.43,2.43,2.43,2.43,2.43,2.43,2.43,2.43,2.43,2.43,0,0,2.43,2.43,0,0,0,0,0,0,0,0,0,0,0,0,0,0,0,0,2.47,2.54,2.45,2.46,2.48,2.49,2.47,2.43,0,0,0,0,0,0,0,0,0,0],
[0,0,0,0,0,0,0,0,0,0,0,0,0,0,0,0,0,0,0,0,0,0,0,0,0,0,0,0,0,0,0,0,0,0,0,0,0,0,0,0,0,0,0,0,0,0,0,0,0,0,0,0,0,0,0,0,0,0,2.93,2.93,2.93,2.93,2.93,2.93,2.93,2.97,2.95,2.93,2.93,2.93,2.93,2.93,2.93,2.93,2.93,2.93,0,0,0,0,0,0,2.43,2.43,2.43,2.43,2.43,2.43,2.43,2.43,0,0,0,0,0,0,0,0,0,0,0,0,0,0,0,0,0,0,0,0,0,0,2.43,2.43,2.43,2.44,2.46,2.47,2.45,2.43,0,0,0,0,0,0,0,0,0,0],
[0,0,0,0,0,0,0,0,0,0,0,0,0,0,0,0,0,0,0,0,0,0,0,0,0,0,0,0,0,0,0,0,0,0,0,0,0,0,0,0,0,0,0,0,0,0,0,0,0,0,0,0,0,0,0,0,0,0,2.93,2.93,2.93,2.93,2.93,2.93,2.94,2.97,2.95,2.94,2.93,2.93,2.93,2.93,2.93,2.93,2.93,2.93,0,0,0,0,0,0,0,2.43,2.43,2.43,2.43,2.43,2.43,2.43,0,0,0,0,0,0,0,0,0,0,0,0,0,0,0,0,0,0,0,0,0,2.43,2.43,2.43,2.43,2.43,2.44,2.45,2.43,2.43,0,0,0,0,0,0,0,0,0,0],
[0,0,0,0,0,0,0,0,0,0,0,0,0,0,0,0,0,0,0,0,0,0,0,0,0,0,0,0,0,0,0,0,0,0,0,0,0,0,0,0,0,0,0,0,0,0,0,0,0,0,0,0,0,0,0,0,0,0,2.93,2.93,2.93,2.93,2.93,2.93,2.94,2.98,2.96,2.94,2.93,2.93,2.93,2.93,2.93,2.93,2.93,2.93,0,0,0,0,0,0,0,2.43,2.43,2.43,2.43,2.43,0,0,0,0,0,0,0,0,0,0,0,0,0,0,0,0,0,0,0,0,0,0,0,0,2.43,2.43,2.43,2.43,2.43,2.44,2.43,2.43,0,0,0,0,0,0,0,0,0,0],
[0,0,0,0,0,0,0,0,0,0,0,0,0,0,0,0,0,0,0,0,0,0,0,0,0,0,0,0,0,0,0,0,0,0,0,0,0,0,0,0,0,0,0,0,0,0,0,0,0,0,0,0,0,0,0,0,0,0,2.93,2.93,2.93,2.93,2.93,2.93,2.95,2.98,2.96,2.95,2.93,2.93,2.93,2.93,2.93,2.93,2.93,2.93,0,0,0,0,0,0,2.43,2.43,2.43,2.43,2.43,0,0,0,0,0,0,0,0,0,0,0,0,0,0,0,0,0,0,0,0,0,0,0,0,0,2.43,2.43,2.43,2.43,2.43,2.43,2.43,2.43,0,0,0,0,0,0,0,0,0,0],
[0,0,0,0,0,0,0,0,0,0,0,0,0,0,0,0,0,0,0,0,0,0,0,0,0,0,0,0,0,0,0,0,0,0,0,0,0,0,0,0,0,0,0,0,0,0,0,0,0,0,0,0,0,0,0,0,0,0,2.93,2.93,2.93,2.93,2.93,2.93,2.95,2.99,2.97,2.95,2.94,2.93,2.93,2.93,2.93,2.93,2.93,2.93,0,0,0,0,0,0,2.43,2.43,2.43,2.43,2.43,2.43,0,0,0,0,0,0,0,0,0,0,0,0,0,0,0,0,0,0,0,0,0,0,0,2.43,2.43,2.43,2.43,2.43,2.43,2.43,2.43,0,0,0,0,0,0,0,0,0,0,0],
[0,0,0,0,0,0,0,0,0,0,0,0,0,0,0,0,0,0,0,0,0,0,0,0,0,0,0,0,0,0,0,0,0,0,0,0,0,0,0,0,0,0,0,0,0,0,0,0,0,0,0,0,0,0,0,0,0,0,2.93,2.93,2.93,2.93,2.93,2.93,2.96,2.99,2.97,2.96,2.94,2.93,2.93,2.93,2.93,2.93,2.93,2.93,0,0,0,0,0,0,2.43,2.43,2.43,2.43,2.43,2.43,2.43,0,0,0,0,0,0,0,0,0,0,0,0,0,0,0,0,0,0,0,0,0,0,2.43,2.43,2.43,2.43,2.43,2.43,2.43,2.43,2.43,0,0,0,0,0,0,0,0,0,0],
[0,0,0,0,0,0,0,0,0,0,0,0,0,0,0,0,0,0,0,0,0,0,0,0,0,0,0,0,0,0,0,0,0,0,0,0,0,0,0,0,0,0,0,0,0,0,0,0,0,0,0,0,0,0,0,0,0,0,2.93,2.93,2.93,2.93,0,2.94,2.96,3.00,2.98,2.96,2.95,2.94,0,2.93,2.93,2.93,2.93,2.93,0,0,0,0,0,2.43,2.43,2.43,2.43,2.43,2.43,2.43,2.43,0,0,0,0,0,0,0,0,0,0,0,0,0,0,0,0,0,0,0,0,0,0,2.43,2.43,2.43,2.43,2.43,2.43,2.43,2.43,2.43,2.43,0,0,0,0,0,0,0,0,0],
[0,0,0,0,0,0,0,0,0,0,0,0,0,0,0,0,0,0,0,0,0,0,0,0,0,0,0,0,0,0,0,0,0,0,0,0,0,0,0,0,0,0,0,0,0,0,0,0,0,0,0,0,0,0,0,0,0,0,2.93,2.93,2.93,2.93,0,2.97,2.97,3.00,2.98,2.97,2.97,2.97,0,2.93,2.93,2.93,2.93,2.93,0,0,0,0,2.43,2.43,2.43,2.43,2.43,2.43,2.43,2.43,2.43,2.43,0,0,0,0,0,0,0,0,0,0,0,0,0,0,0,0,0,0,0,2.43,2.43,2.43,2.43,2.43,2.43,2.43,2.43,2.43,2.43,2.43,2.43,0,0,0,0,0,0,0,0,0],
[0,0,0,0,0,0,0,0,0,0,0,0,0,0,0,0,0,0,0,0,0,0,0,0,0,0,0,0,0,0,0,0,0,0,0,0,0,0,0,0,0,0,0,0,0,0,0,0,0,0,0,0,0,0,0,0,0,0,2.93,2.93,2.93,2.93,0,3.00,3.00,3.01,2.99,2.99,2.99,3.00,0,2.93,2.93,2.93,2.93,2.93,0,0,0,0,2.43,2.43,2.43,2.43,2.43,2.43,2.43,2.43,2.43,2.43,0,0,0,0,0,0,0,0,0,0,0,0,0,0,0,0,0,0,0,2.43,2.43,2.43,2.43,2.43,2.43,2.43,2.43,2.43,2.43,2.43,0,0,0,0,0,0,0,0,0,0],
[0,0,0,0,0,0,0,0,0,0,0,0,0,0,0,0,0,0,0,0,0,0,0,0,0,0,0,0,0,0,0,0,0,0,0,0,0,0,0,0,0,0,0,0,0,0,0,0,0,0,0,0,0,0,0,0,0,0,0,0,0,0,0,3.21,3.18,3.19,3.17,3.15,3.15,3.21,0,0,0,0,0,0,0,0,0,0,2.43,2.43,2.43,2.43,2.43,2.43,2.43,2.43,2.43,2.43,0,0,0,0,0,0,0,0,0,0,0,0,0,0,0,0,0,0,2.43,2.43,2.43,2.43,2.43,2.43,0,0,0,0,0,0,0,0,0,0,0,0,0,0,0,0],
[0,0,0,0,0,0,0,0,0,0,0,0,0,0,0,0,0,0,0,0,0,0,0,0,0,0,0,0,0,0,0,0,0,0,0,0,0,0,0,0,0,0,0,0,0,0,0,0,0,0,0,0,0,0,0,0,0,0,0,0,0,0,0,3.70,3.67,3.64,3.64,3.63,3.62,3.70,0,0,0,0,0,0,0,0,0,0,2.43,2.43,2.43,2.43,2.43,0,2.43,2.43,2.43,0,0,0,0,0,0,0,2.43,2.43,2.43,2.43,0,0,0,0,0,2.43,2.43,2.43,2.43,2.43,2.43,2.43,2.43,2.43,0,0,0,0,0,0,0,0,0,0,0,0,0,0,0,0],
[0,0,0,0,0,0,0,0,0,0,0,0,0,0,0,0,0,0,0,0,0,0,0,0,0,0,0,0,0,0,0,0,0,0,0,0,0,0,0,0,0,0,0,0,0,0,0,0,0,0,0,0,0,0,0,0,0,0,0,0,0,0,0,4.24,4.21,4.18,4.22,4.21,4.20,4.24,0,0,0,0,0,0,0,0,0,0,0,2.43,2.43,2.43,2.43,0,0,0,0,0,0,0,0,0,0,0,2.43,2.43,2.43,2.43,0,0,0,0,0,2.43,2.43,2.43,2.43,2.43,2.43,2.43,2.43,2.43,2.43,0,0,0,0,0,0,0,0,0,0,0,0,0,0,0],
[0,0,0,0,0,0,0,0,0,0,0,0,0,0,0,0,0,0,0,0,0,0,0,0,0,0,0,0,0,0,0,0,0,0,0,0,0,0,0,0,0,0,0,0,0,0,0,0,0,0,0,0,0,0,0,0,0,0,0,0,0,0,0,4.79,4.75,4.72,4.73,4.76,4.78,4.79,0,0,0,0,0,0,0,0,0,0,0,0,0,0,0,0,0,0,0,0,0,0,0,0,0,0,2.43,2.43,2.43,2.43,2.43,0,0,0,2.43,2.43,2.43,2.43,2.43,2.43,2.43,2.43,2.43,2.43,0,0,0,0,0,0,0,0,0,0,0,0,0,0,0,0],
[0,0,0,0,0,0,0,0,0,0,0,0,0,0,0,0,0,0,0,0,0,0,0,0,0,0,0,0,0,0,0,0,0,0,0,0,0,0,0,0,0,0,0,0,0,0,0,0,0,0,0,0,0,0,0,0,0,0,0,0,0,0,0,5.23,5.24,5.23,5.15,5.18,5.20,5.23,0,0,0,0,0,0,0,0,0,0,0,0,0,0,0,4.43,4.43,4.43,4.43,4.43,0,0,0,2.43,2.43,2.43,2.43,2.43,2.43,2.43,2.43,2.43,0,0,2.43,2.43,2.43,2.43,2.43,2.43,2.43,2.43,2.43,2.43,0,0,0,0,0,0,0,0,0,0,0,0,0,0,0,0],
[0,0,0,0,0,0,0,0,0,0,0,0,0,0,0,0,0,0,0,0,0,0,0,0,0,0,0,0,0,0,0,0,0,0,0,0,0,0,0,0,0,0,0,0,0,0,0,0,0,0,0,0,0,0,0,0,0,0,0,0,0,0,0,5.66,5.57,5.54,5.57,5.60,5.63,5.66,0,0,0,0,0,0,0,0,0,0,0,0,0,0,0,4.43,4.43,4.43,4.43,4.43,0,0,2.43,2.43,2.43,2.43,2.43,2.43,2.43,2.43,2.43,2.43,0,0,2.43,2.43,2.43,2.43,2.43,2.43,2.43,2.43,2.43,2.43,0,0,0,0,0,0,0,0,0,0,0,0,0,0,0,0],
[0,0,0,0,0,0,0,0,0,0,0,0,0,0,0,0,0,0,0,0,0,0,0,0,0,0,0,0,0,0,0,0,0,0,0,0,0,0,0,0,0,0,0,0,0,0,0,0,0,0,0,0,0,0,0,0,0,0,0,0,0,0,0,5.93,5.84,5.85,5.93,5.93,5.93,5.93,0,0,0,0,0,0,0,0,0,0,0,0,0,0,4.43,4.43,4.43,4.43,4.43,4.43,4.43,0,0,2.43,2.43,2.43,2.43,2.43,2.43,2.43,2.43,2.43,2.43,2.43,2.43,2.43,2.43,2.43,2.43,2.43,2.43,2.43,2.43,2.43,0,0,0,0,0,0,0,0,0,0,0,0,0,0,0,0],
[0,0,0,0,0,0,0,0,0,0,0,0,0,0,0,0,0,0,0,0,0,0,0,0,0,0,0,0,0,0,0,0,0,0,0,0,0,0,0,0,0,0,0,0,0,0,0,0,0,0,0,0,0,0,0,0,0,0,0,0,0,0,0,6.18,6.15,6.16,6.20,6.19,6.19,6.18,0,0,0,0,0,0,0,0,0,0,0,0,0,0,4.43,4.43,4.43,4.43,4.43,4.43,4.43,0,0,2.43,2.43,2.43,2.43,2.43,2.43,2.43,2.43,2.43,2.43,2.43,2.43,2.43,2.43,2.43,2.43,0,0,2.43,2.43,2.43,0,0,0,0,0,0,0,0,0,0,0,0,0,0,0,0],
[0,0,0,0,0,0,0,0,0,0,0,0,0,0,0,0,0,0,0,0,0,0,0,0,0,0,0,0,0,0,0,0,0,0,0,0,0,0,0,0,0,0,0,0,0,0,0,0,0,0,0,0,0,0,0,0,0,0,0,0,0,0,0,6.44,6.46,6.47,6.46,6.46,6.45,6.44,0,0,0,0,0,0,0,0,0,0,0,0,0,0,4.43,4.43,4.43,4.43,4.43,4.43,0,0,2.43,2.43,2.43,2.43,2.43,2.43,2.43,2.43,2.43,2.43,2.43,2.43,2.43,2.43,2.43,2.43,2.43,0,0,0,0,0,0,0,0,0,0,0,0,0,0,0,0,0,0,0,0,0],
[0,0,0,0,0,0,0,0,0,0,0,0,0,0,0,0,0,0,0,0,0,0,0,0,0,0,0,0,0,0,0,0,0,0,0,0,0,0,0,0,0,0,0,0,0,0,0,0,0,0,0,0,0,0,0,0,0,0,0,0,0,0,0,6.59,6.54,6.51,6.53,6.55,6.57,6.59,0,0,0,0,0,0,0,0,0,0,0,0,0,0,0,4.43,4.43,4.43,4.43,4.43,0,0,2.43,2.43,2.43,2.43,2.43,2.43,2.43,2.43,2.43,2.43,2.43,2.43,2.43,2.43,2.43,2.43,0,0,0,0,0,0,0,0,0,0,0,0,0,0,0,0,0,0,0,0,0,0],
[0,0,0,0,0,0,0,0,0,0,0,0,0,0,0,0,0,0,0,0,0,0,0,0,0,0,0,0,0,0,0,0,0,0,0,0,0,0,0,0,0,0,0,0,0,0,0,0,0,0,0,0,0,0,0,0,0,0,0,0,0,0,0,6.58,6.53,6.51,6.53,6.55,6.57,6.58,0,0,0,0,0,0,0,0,0,0,0,0,0,0,0,0,0,0,0,0,0,0,2.43,2.43,2.43,2.43,2.43,2.43,2.43,2.43,2.43,2.43,2.43,2.43,2.43,2.43,2.43,2.43,0,0,0,0,0,0,0,0,0,0,0,0,0,0,0,0,0,0,0,0,0,0],
[0,0,0,0,0,0,0,0,0,0,0,0,0,0,0,0,0,0,0,0,0,0,0,0,0,0,0,0,0,0,0,0,0,0,0,0,0,0,0,0,0,0,0,0,0,0,0,0,0,0,0,0,0,0,0,0,0,0,0,0,0,0,0,6.57,6.52,6.51,6.53,6.55,6.57,6.57,0,0,0,0,0,0,0,0,0,0,0,0,0,0,0,0,0,0,0,0,2.43,2.43,2.43,2.43,2.43,2.43,2.43,2.43,0,0,0,0,2.43,2.43,2.43,2.43,2.43,2.43,2.43,0,0,0,0,0,0,0,0,0,0,0,0,0,0,0,0,0,0,0,0,0],
[0,0,0,0,0,0,0,0,0,0,0,0,0,0,0,0,0,0,0,0,0,0,0,0,0,0,0,0,0,0,0,0,0,0,0,0,0,0,0,0,0,0,0,0,0,0,0,0,0,0,0,0,0,0,0,0,0,0,0,0,0,0,0,6.55,6.51,6.51,6.53,6.55,6.55,6.55,0,0,0,0,0,0,0,0,0,0,0,0,0,0,0,0,2.43,2.43,2.43,2.43,2.43,2.43,2.43,2.43,2.43,2.43,0,0,0,0,0,0,0,0,0,2.43,2.43,2.43,2.43,2.43,0,0,0,0,0,0,0,0,0,0,0,0,0,0,0,0,0,0,0,0],
[0,0,0,0,0,0,0,0,0,0,0,0,0,0,0,0,0,0,0,0,0,0,0,0,0,0,0,0,0,0,0,0,0,0,0,0,0,0,0,0,0,0,0,0,0,0,0,0,0,0,0,0,0,0,0,0,0,0,0,0,0,0,0,6.54,6.51,6.51,6.53,6.54,6.54,6.54,0,0,0,0,0,0,0,0,0,0,0,0,0,0,0,0,2.43,2.43,2.43,2.43,2.43,2.43,2.43,2.43,2.43,2.43,0,0,0,0,0,0,0,0,0,0,2.43,2.43,2.43,2.43,0,0,0,0,0,0,0,0,0,0,0,0,0,0,0,0,0,0,0,0],
[0,0,0,0,0,0,0,0,0,0,0,0,0,0,0,0,0,0,0,0,0,0,0,0,0,0,0,0,0,0,0,0,0,0,0,0,0,0,0,0,0,0,0,0,0,0,0,0,0,0,0,0,0,0,0,0,0,0,0,0,0,0,0,6.53,6.51,6.51,6.53,6.53,6.53,6.53,0,0,0,0,0,0,0,0,0,0,0,0,0,0,0,0,2.43,2.43,2.43,2.43,2.43,2.43,2.43,2.43,2.43,0,0,0,0,0,0,0,0,0,0,0,0,2.43,0,0,0,0,0,0,0,0,0,0,0,0,0,0,0,0,0,0,0,0,0,0],
[0,0,0,0,0,0,0,0,0,0,0,0,0,0,0,0,0,0,0,0,0,0,0,0,0,0,0,0,0,0,0,0,0,0,0,0,0,0,0,0,0,0,0,0,0,0,0,0,0,0,0,0,0,0,0,0,0,0,0,0,0,0,0,6.52,6.51,6.51,6.52,6.52,6.52,6.52,0,0,0,0,0,0,0,0,0,0,0,0,0,0,0,0,0,2.43,2.43,2.43,2.43,2.43,2.43,2.43,2.43,0,0,0,0,0,0,0,0,0,0,0,0,0,0,0,0,0,0,0,0,0,0,0,0,0,0,0,0,0,0,0,0,0,0,0],
[0,0,0,0,0,0,0,0,0,0,0,0,0,0,0,0,0,0,0,0,0,0,0,0,0,0,0,0,0,0,0,0,0,0,0,0,0,0,0,0,0,0,0,0,0,0,0,0,0,0,0,0,0,0,0,0,0,0,0,0,0,0,0,6.49,6.49,6.49,6.53,6.53,6.53,6.49,0,0,0,0,0,0,0,0,0,0,0,0,0,0,0,0,0,2.43,2.43,2.43,2.43,2.43,2.43,2.43,2.43,0,0,0,0,0,0,0,0,0,0,0,0,0,0,0,0,0,0,0,0,0,0,0,0,0,0,0,0,0,0,0,0,0,0,0],
[0,0,0,0,0,0,0,0,0,0,0,0,0,0,0,0,0,0,0,0,0,0,0,0,0,0,0,0,0,0,0,0,0,0,0,0,0,0,0,0,0,0,0,0,0,0,0,0,0,0,0,0,0,0,0,0,0,0,0,0,0,0,0,6.45,6.45,6.45,6.53,6.56,6.57,6.45,0,0,0,0,0,0,0,0,0,0,0,0,0,0,0,0,0,0,2.43,2.43,2.43,2.43,2.43,2.43,2.43,0,0,0,0,0,0,0,0,0,0,0,0,0,0,0,0,0,0,0,0,0,0,0,0,0,0,0,0,0,0,0,0,0,0,0],
[0,0,0,0,0,0,0,0,0,0,0,0,0,0,0,0,0,0,0,0,0,0,0,0,0,0,0,0,0,0,0,0,0,0,0,0,0,0,0,0,0,0,0,0,0,0,0,0,0,0,0,0,0,0,0,0,0,0,0,0,0,0,0,6.32,6.31,6.31,6.34,6.38,6.39,6.33,0,0,0,0,0,0,0,0,0,0,0,0,0,0,0,0,0,0,0,2.43,2.43,2.43,2.43,2.43,2.43,0,0,0,0,0,0,0,0,0,0,0,0,0,0,0,0,0,0,0,0,0,0,0,0,0,0,0,0,0,0,0,0,0,0,0],
[0,0,0,0,0,0,0,0,0,0,0,0,0,0,0,0,0,0,0,0,0,0,0,0,0,0,0,0,0,0,0,0,0,0,0,0,0,0,0,0,0,0,0,0,0,0,0,0,0,0,0,0,0,0,0,0,0,0,0,0,0,0,0,6.07,6.01,6.01,6.06,6.09,6.09,6.07,6.06,0,0,0,0,0,0,0,0,0,0,0,0,0,0,0,0,0,0,2.43,2.43,2.43,2.43,2.43,2.43,2.43,0,0,0,0,0,0,0,0,0,0,0,0,0,0,0,0,0,0,0,0,0,0,0,0,0,0,0,0,0,0,0,0,0,0],
[0,0,0,0,0,0,0,0,0,0,0,0,0,0,0,0,0,0,0,0,0,0,0,0,0,0,0,0,0,0,0,0,0,0,0,0,0,0,0,0,0,0,0,0,0,0,0,0,0,0,0,0,0,0,0,0,0,0,0,0,0,0,0,5.76,5.73,5.71,5.76,5.79,5.78,5.76,5.75,0,0,0,0,0,0,0,0,0,0,0,0,0,0,0,0,0,0,2.43,2.43,2.43,2.43,2.43,2.43,2.43,2.43,0,0,0,0,0,0,0,0,0,0,0,0,0,0,0,0,0,0,0,0,0,0,0,0,0,0,0,0,0,0,0,0,0],
[0,0,0,0,0,0,0,0,0,0,0,0,0,0,0,0,0,0,0,0,0,0,0,0,0,0,0,0,0,0,0,0,0,0,0,0,0,0,0,0,0,0,0,0,0,0,0,0,0,0,0,0,0,0,0,0,0,0,0,0,0,0,0,5.38,5.41,5.41,5.43,5.40,5.40,5.39,5.38,0,0,0,0,0,0,0,0,0,0,0,0,0,0,0,0,0,2.43,2.43,2.43,2.43,2.43,2.43,2.43,2.43,2.43,2.43,0,0,0,0,0,0,0,0,0,0,0,0,0,0,0,0,0,0,0,0,0,0,0,0,0,0,0,0,0,0,0,0],
[0,0,0,0,0,0,0,0,0,0,0,0,0,0,0,0,0,0,0,0,0,0,0,0,0,0,0,0,0,0,0,0,0,0,0,0,0,0,0,0,0,0,0,0,0,0,0,0,0,0,0,0,0,0,0,0,0,0,0,0,0,0,0,5.01,5.04,5.04,5.03,5.00,5.00,5.01,5.01,0,0,0,0,0,0,0,0,0,0,0,0,0,0,0,0,0,2.43,2.43,2.43,2.43,2.43,2.43,2.43,2.43,2.43,2.43,0,0,0,0,0,0,0,0,0,0,0,0,0,0,0,0,0,0,0,0,0,0,0,0,0,0,0,0,0,0,0,0],
[0,0,0,0,0,0,0,0,0,0,0,0,0,0,0,0,0,0,0,0,0,0,0,0,0,0,0,0,0,0,0,0,0,0,0,0,0,0,0,0,0,0,0,0,0,0,0,0,0,0,0,0,0,0,0,0,0,0,0,0,0,0,0,4.51,4.51,4.52,4.58,4.57,4.52,4.52,0,0,0,0,0,0,0,0,0,0,0,0,0,0,0,0,0,2.43,2.43,2.43,2.43,2.43,2.43,2.43,2.43,2.43,2.43,2.43,2.43,0,2.93,2.93,2.93,2.93,2.93,2.93,2.93,2.93,0,0,0,0,0,0,0,0,0,0,0,0,0,0,0,0,0,0,0,0,0,0],
[0,0,0,0,0,0,0,0,0,0,0,0,0,0,0,0,0,0,0,0,0,0,0,0,0,0,0,0,0,0,0,0,0,0,0,0,0,0,0,0,0,0,0,0,0,0,0,0,0,0,0,0,0,0,0,0,0,0,0,0,0,0,0,3.91,3.91,3.91,4.00,3.98,3.95,3.91,3.90,0,0,0,0,0,0,0,0,0,0,0,0,0,0,0,0,2.43,2.43,2.43,2.43,2.43,2.43,2.43,2.43,2.43,2.43,2.43,2.43,0,2.93,2.93,2.93,2.93,2.93,2.93,2.93,2.93,0,0,0,0,0,0,0,0,0,0,0,0,0,0,0,0,0,0,0,0,0,0],
[0,0,0,0,0,0,0,0,0,0,0,0,0,0,0,0,0,0,0,0,0,0,0,0,0,0,0,0,0,0,0,0,0,0,0,0,0,0,0,0,0,0,0,0,0,0,0,0,0,0,0,0,0,0,0,0,0,0,0,0,0,0,0,3.31,3.31,3.31,3.36,3.37,3.36,3.31,3.30,0,0,0,0,0,0,0,0,0,0,0,0,0,0,0,0,2.43,2.43,2.43,2.43,2.43,2.43,2.43,2.43,2.43,2.43,2.44,2.50,2.96,2.93,2.93,2.93,2.93,2.93,2.93,2.93,2.93,0,0,0,0,0,0,0,0,0,0,0,0,0,0,0,0,0,0,0,0,0,0],
[0,0,0,0,0,0,0,0,0,0,0,0,0,0,0,0,0,0,0,0,0,0,0,0,0,0,0,0,0,0,0,0,0,0,0,0,0,0,0,0,0,0,0,0,0,0,0,0,0,0,0,0,0,0,0,0,0,0,2.93,2.93,2.93,2.93,2.93,2.98,3.01,3.09,3.05,3.01,2.99,2.99,2.93,2.93,2.93,2.93,2.93,0,0,0,0,0,0,0,0,0,0,0,0,0,0,0,2.43,2.43,2.43,2.43,2.43,2.44,2.45,2.46,2.65,2.95,2.93,2.93,2.93,2.93,2.93,2.93,2.93,2.93,0,0,0,0,0,0,0,0,0,0,0,0,0,0,0,0,0,0,0,0,0,0],
[0,0,0,0,0,0,0,0,0,0,0,0,0,0,0,0,0,0,0,0,0,0,0,0,0,0,0,0,0,0,0,0,0,0,0,0,0,0,0,0,0,0,0,0,0,0,0,0,0,0,0,0,0,0,0,0,0,0,2.93,2.93,2.93,2.93,2.93,2.93,3.00,3.08,3.06,3.02,2.98,2.93,2.93,2.93,2.93,2.93,2.93,2.93,0,0,0,0,0,0,0,0,0,0,0,0,0,0,0,2.43,2.43,2.43,2.45,2.46,2.48,2.49,2.59,2.93,2.93,2.93,2.93,2.93,2.93,2.93,2.93,2.93,0,0,0,0,0,0,0,0,0,0,0,0,0,0,0,0,0,0,0,0,0,0],
[0,0,0,0,0,0,0,0,0,0,0,0,0,0,0,0,0,0,0,0,0,0,0,0,0,0,0,0,0,0,0,0,0,0,0,0,0,0,0,0,0,0,0,0,0,0,0,0,0,0,0,0,0,0,0,0,0,0,2.93,2.93,2.93,2.93,2.93,2.93,2.99,3.07,3.06,3.02,2.98,2.94,2.93,2.93,2.93,2.93,2.93,2.93,0,0,0,0,0,0,0,0,0,0,0,0,0,0,0,0,0,2.43,2.44,2.45,2.43,2.43,2.47,2.95,2.93,2.93,2.93,2.93,2.93,2.93,2.93,2.93,0,0,0,0,0,0,0,0,0,0,0,0,0,0,0,0,0,0,0,0,0,0],
[0,0,0,0,0,0,0,0,0,0,0,0,0,0,0,0,0,0,0,0,0,0,0,0,0,0,0,0,0,0,0,0,0,0,0,0,0,0,0,0,0,0,0,0,0,0,0,0,0,0,0,0,0,0,0,0,0,0,2.93,2.93,2.93,2.93,2.93,2.93,2.98,3.06,3.05,3.02,2.98,2.94,2.93,2.93,2.93,2.93,2.93,2.93,0,0,0,0,0,0,0,0,0,0,0,0,0,0,0,0,0,2.43,2.43,2.43,2.43,2.43,2.43,0,2.93,2.93,2.93,2.93,2.93,2.93,2.93,2.93,0,0,0,0,0,0,0,0,0,0,0,0,0,0,0,0,0,0,0,0,0,0],
[0,0,0,0,0,0,0,0,0,0,0,0,0,0,0,0,0,0,0,0,0,0,0,0,0,0,0,0,0,0,0,0,0,0,0,0,0,0,0,0,0,0,0,0,0,0,0,0,0,0,0,0,0,0,0,0,0,0,2.93,2.93,2.93,2.93,2.93,2.93,2.97,3.05,3.04,3.03,2.99,2.95,2.93,2.93,2.93,2.93,2.93,2.93,0,0,0,0,0,0,0,0,0,0,0,0,0,0,0,0,0,0,0,0,0,0,0,0,2.93,2.93,2.93,2.93,2.93,2.93,2.93,2.93,0,0,0,0,0,0,0,0,0,0,0,0,0,0,0,0,0,0,0,0,0,0],
[0,0,0,0,0,0,0,0,0,0,0,0,0,0,0,0,0,0,0,0,0,0,0,0,0,0,0,0,0,0,0,0,0,0,0,0,0,0,0,0,0,0,0,0,0,0,0,0,0,0,0,0,0,0,0,0,0,0,2.93,2.93,2.93,2.93,2.93,2.93,2.96,3.04,3.03,3.02,2.99,2.95,2.93,2.93,2.93,2.93,2.93,2.93,2.93,2.93,2.93,2.93,2.93,2.93,2.93,2.93,2.93,2.93,2.93,2.93,2.93,2.93,2.93,2.93,2.93,2.93,2.93,2.93,2.93,2.93,2.93,2.93,2.93,2.93,2.93,2.93,2.93,2.93,2.93,2.93,0,0,0,0,0,0,0,0,0,0,0,0,0,0,0,0,0,0,0,0,0,0],
[0,0,0,0,0,0,0,0,0,0,0,0,0,0,0,0,0,0,0,0,0,0,0,0,0,0,0,0,0,0,0,0,0,0,0,0,0,0,0,0,0,0,0,0,0,0,0,0,0,0,0,0,0,0,0,0,0,0,2.93,2.93,2.93,2.93,2.93,2.93,2.95,3.03,3.02,3.01,3.00,2.95,2.93,2.93,2.93,2.93,2.93,2.93,2.93,2.93,2.93,2.93,2.93,2.93,2.93,2.93,2.93,2.93,2.93,2.93,2.93,2.93,2.93,2.93,2.93,2.93,2.93,2.93,2.93,2.93,2.93,2.93,2.93,2.93,2.93,2.93,2.93,2.93,2.93,2.93,0,0,0,0,0,0,0,0,0,0,0,0,0,0,0,0,0,0,0,0,0,0],
[0,0,0,0,0,0,0,0,0,0,0,0,0,0,0,0,0,0,0,0,0,0,0,0,0,0,0,0,0,0,0,0,0,0,0,0,0,0,0,0,0,0,0,0,0,0,0,0,0,0,0,0,0,0,0,0,0,0,2.93,2.93,2.93,2.93,2.93,2.93,2.94,3.02,3.01,3.00,3.00,2.96,2.93,2.93,2.93,2.93,2.93,2.93,2.93,2.93,2.93,2.93,2.93,2.93,2.93,2.93,2.93,2.93,2.93,2.93,2.93,2.93,2.93,2.93,2.93,2.93,2.93,2.93,2.93,2.93,2.93,2.93,2.93,2.93,2.93,2.93,2.93,2.93,2.93,2.93,0,0,0,0,0,0,0,0,0,0,0,0,0,0,0,0,0,0,0,0,0,0],
[0,0,0,0,0,0,0,0,0,0,0,0,0,0,0,0,0,0,0,0,0,0,0,0,0,0,0,0,0,0,0,0,0,0,0,0,0,0,0,0,0,0,0,0,0,0,0,0,0,0,0,0,0,0,0,0,0,0,2.93,2.93,2.93,2.93,2.93,2.93,2.93,3.01,3.00,3.00,2.99,2.96,2.93,2.93,2.93,2.93,2.93,2.93,2.93,2.93,2.93,2.93,2.93,2.93,2.93,2.93,2.93,2.93,2.93,2.93,2.93,2.93,2.93,2.93,2.93,2.93,2.93,2.93,2.93,2.93,2.93,2.93,2.93,2.93,2.93,2.93,2.93,2.93,2.93,2.93,0,0,0,0,0,0,0,0,0,0,0,0,0,0,0,0,0,0,0,0,0,0],
[0,0,0,0,0,0,0,0,0,0,0,0,0,0,0,0,0,0,0,0,0,0,0,0,0,0,0,0,0,0,0,0,0,0,0,0,0,0,0,0,0,0,0,0,0,0,0,0,0,0,0,0,0,0,0,0,0,0,2.93,2.93,2.93,2.93,2.93,2.93,2.93,3.00,2.99,2.99,2.98,2.97,2.93,2.93,2.93,2.93,2.93,2.93,2.93,2.93,2.93,2.93,2.93,2.93,2.93,2.93,2.93,2.93,2.93,2.93,2.93,2.93,2.93,2.93,2.93,2.93,2.93,2.93,2.93,2.93,2.93,2.93,2.93,2.93,2.93,2.93,2.93,2.93,2.93,2.93,0,0,0,0,0,0,0,0,0,0,0,0,0,0,0,0,0,0,0,0,0,0],
[0,0,0,0,0,0,0,0,0,0,0,0,0,0,0,0,0,0,0,0,0,0,0,0,0,0,0,0,0,0,0,0,0,0,0,0,0,0,0,0,0,0,0,0,0,0,0,0,0,0,0,0,0,0,0,0,0,0,2.93,2.93,2.93,2.93,2.93,2.93,2.93,2.99,2.98,2.98,2.97,2.96,2.93,2.93,2.93,2.93,2.93,2.93,2.93,2.93,2.93,2.93,2.93,2.93,2.93,2.93,2.93,2.93,2.93,2.93,2.93,2.93,2.93,2.93,2.93,2.93,2.93,2.93,2.93,2.93,2.93,2.93,2.93,2.93,2.93,2.93,2.93,2.93,2.93,2.93,0,0,0,0,0,0,0,0,0,0,0,0,0,0,0,0,0,0,0,0,0,0],
[0,0,0,0,0,0,0,0,0,0,0,0,0,0,0,0,0,0,0,0,0,0,0,0,0,0,0,0,0,0,0,0,0,0,0,0,0,0,0,0,0,0,0,0,0,0,0,0,0,0,0,0,0,0,0,0,0,0,2.93,2.93,2.93,2.93,2.93,2.93,2.93,2.98,2.97,2.97,2.96,2.95,2.93,2.93,2.93,2.93,2.93,2.93,2.93,2.93,2.93,2.93,2.93,2.93,2.93,2.93,2.93,2.93,2.93,2.93,2.93,2.93,2.93,2.93,2.93,2.93,2.93,2.93,2.93,2.93,2.93,2.93,2.93,2.93,2.93,2.93,2.93,2.93,2.93,2.93,0,0,0,0,0,0,0,0,0,0,0,0,0,0,0,0,0,0,0,0,0,0],
[0,0,0,0,0,0,0,0,0,0,0,0,0,0,0,0,0,0,0,0,0,0,0,0,0,0,0,0,0,0,0,0,0,0,0,0,0,0,0,0,0,0,0,0,0,0,0,0,0,0,0,0,0,0,0,0,0,0,2.93,2.93,2.93,2.93,2.93,2.93,2.93,2.97,2.97,2.96,2.95,2.94,2.93,2.93,2.93,2.93,2.93,0,0,0,0,0,0,0,0,0,0,0,0,0,0,0,0,0,0,0,0,0,0,0,0,0,0,0,0,0,2.93,2.93,2.93,2.93,0,0,0,0,0,0,0,0,0,0,0,0,0,0,0,0,0,0,0,0,0,0],
[0,0,0,0,0,0,0,0,0,0,0,0,0,0,0,0,0,0,0,0,0,0,0,0,0,0,0,0,0,0,0,0,0,0,0,0,0,0,0,0,0,0,0,0,0,0,0,0,0,0,0,0,0,0,0,0,0,0,2.93,2.93,2.93,2.93,2.93,2.93,2.93,2.96,2.96,2.95,2.94,2.93,2.93,2.93,0,0,0,0,0,0,0,0,0,0,0,0,0,0,0,0,0,0,0,0,0,0,0,0,0,0,0,0,0,0,0,0,2.93,2.93,2.93,2.93,0,0,0,0,0,0,0,0,0,0,0,0,0,0,0,0,0,0,0,0,0,0],
[0,0,0,0,0,0,0,0,0,0,0,0,0,0,0,0,0,0,0,0,0,0,0,0,0,0,0,0,0,0,0,0,0,0,0,0,0,0,0,0,0,0,0,0,0,0,0,0,0,0,0,0,0,0,0,0,0,0,2.93,2.93,2.93,2.93,2.93,2.93,2.93,2.95,2.95,2.94,2.93,2.93,2.93,0,0,0,0,0,0,0,0,0,0,0,0,0,0,0,0,0,0,0,0,0,0,0,0,0,0,0,0,0,0,0,0,0,2.93,2.93,2.93,0,0,0,0,0,0,0,0,0,0,0,0,0,0,0,0,0,0,0,0,0,0,0],
[0,0,0,0,0,0,0,0,0,0,0,0,0,0,0,0,0,0,0,0,0,0,0,0,0,0,0,0,0,0,0,0,0,0,0,0,0,0,0,0,0,0,0,0,0,0,0,0,0,0,0,0,0,0,0,0,0,0,2.93,2.93,2.93,2.93,2.93,2.93,2.93,2.94,2.94,2.93,2.93,2.93,0,0,0,0,0,0,0,0,0,0,0,0,0,0,0,0,0,0,0,0,0,0,0,0,0,0,0,0,0,0,0,0,0,0,0,0,0,0,0,0,0,0,0,0,0,0,0,0,0,0,0,0,0,0,0,0,0,0,0,0],
[0,0,0,0,0,0,0,0,0,0,0,0,0,0,0,0,0,0,0,0,0,0,0,0,0,0,0,0,0,0,0,0,0,0,0,0,0,0,0,0,0,0,0,0,0,0,0,0,0,0,0,0,0,0,0,0,0,0,2.93,2.93,2.93,2.93,2.93,2.93,2.93,2.93,2.93,2.93,2.93,0,0,0,0,0,0,0,0,0,0,0,0,0,0,0,0,0,0,0,0,0,0,0,0,0,0,0,0,0,0,0,0,0,0,0,0,0,0,0,0,0,0,0,0,0,0,0,0,0,0,0,0,0,0,0,0,0,0,0,0,0],
[0,0,0,0,0,0,0,0,0,0,0,0,0,0,0,0,0,0,0,0,0,0,0,0,0,0,0,0,0,0,0,0,0,0,0,0,0,0,0,0,0,0,0,0,0,0,0,0,0,0,0,0,0,0,0,0,0,0,2.93,2.93,2.93,2.93,2.93,2.93,2.93,2.93,2.93,2.93,2.93,0,0,0,0,0,0,0,0,0,0,0,0,0,0,0,0,0,0,0,0,0,0,0,0,0,0,0,0,0,0,0,0,0,0,0,0,0,0,0,0,0,0,0,0,0,0,0,0,0,0,0,0,0,0,0,0,0,0,0,0,0],
[0,0,0,0,0,0,0,0,0,0,0,0,0,0,0,0,0,0,0,0,0,0,0,0,0,0,0,0,0,0,0,0,0,0,0,0,0,0,0,0,0,0,0,0,0,0,0,0,0,0,0,0,0,0,0,0,0,0,0,0,0,0,0,0,0,0,0,0,0,0,0,0,0,0,0,0,0,0,0,0,0,0,0,0,0,0,0,0,0,0,0,0,0,0,0,0,0,0,0,0,0,0,0,0,0,0,0,0,0,0,0,0,0,0,0,0,0,0,0,0,0,0,0,0,0,0,0,0,0,0],
[0,0,0,0,0,0,0,0,0,0,0,0,0,0,0,0,0,0,0,0,0,0,0,0,0,0,0,0,0,0,0,0,0,0,0,0,0,0,0,0,0,0,0,0,0,0,0,0,0,0,0,0,0,0,0,0,0,0,0,0,0,0,0,0,0,0,0,0,0,0,0,0,0,0,0,0,0,0,0,0,0,0,0,0,0,0,0,0,0,0,0,0,0,0,0,0,0,0,0,0,0,0,0,0,0,0,0,0,0,0,0,0,0,0,0,0,0,0,0,0,0,0,0,0,0,0,0,0,0,0],
[0,0,0,0,0,0,0,0,0,0,0,0,0,0,0,0,0,0,0,0,0,0,0,0,0,0,0,0,0,0,0,0,0,0,0,0,0,0,0,0,0,0,0,0,0,0,0,0,0,0,0,0,0,0,0,0,0,0,0,0,0,0,0,0,0,0,0,0,0,0,0,0,0,0,0,0,0,0,0,0,0,0,0,0,0,0,0,0,0,0,0,0,0,0,0,0,0,0,0,0,0,0,0,0,0,0,0,0,0,0,0,0,0,0,0,0,0,0,0,0,0,0,0,0,0,0,0,0,0,0],
[0,0,0,0,0,0,0,0,0,0,0,0,0,0,0,0,0,0,0,0,0,0,0,0,0,0,0,0,0,0,0,0,0,0,0,0,0,0,0,0,0,0,0,0,0,0,0,0,0,0,0,0,0,0,0,0,0,0,0,0,0,0,0,0,0,0,0,0,0,0,0,0,0,0,0,0,0,0,0,0,0,0,0,0,0,0,0,0,0,0,0,0,0,0,0,0,0,0,0,0,0,0,0,0,0,0,0,0,0,0,0,0,0,0,0,0,0,0,0,0,0,0,0,0,0,0,0,0,0,0]]