[[0,0,0,0,0,0,0,0,0,0,0,0,0,0,0,0,0,0,0,0,0,0,0,0,0,0,0,0,0,0,0,0,0,0,0,0,0,0,0,0,0,0,0,0,0,0,0,0,0,0,0,0,0,0,0,0,0,0,0,0,0,0,0,0,0,0,0,0,0,0,0,0,0,0,0,0,0,0,0,0,0,0,0,0,0,0,0,0,0,0,0,0,0,0,0,0,0,0,0,0],
[0,0,0,0,0,0,0,0,0,0,0,0,0,0,0,0,0,0,0,0,0,0,0,0,0,0,0,0,0,0,0,0,0,0,0,0,0,0,0,0,0,0,0,0,0,0,0,0,0,0,0,0,0,0,0,0,0,0,0,0,0,0,0,0,0,0,0,0,0,0,0,0,0,0,0,0,0,0,0,0,0,0,0,0,0,0,0,0,0,0,0,0,0,0,0,0,0,0,0,0],
[0,0,0,0,0,0,0,0,0,0,0,0,0,0,0,0,0,0,0,0,0,0,0,0,0,0,0,0,0,0,0,0,0,0,0,0,0,0,0,0,0,0,0,0,0,0,0,0,0,0,0,0,0,0,0,0,0,0,0,0,0,0,0,0,0,0,0,0,0,0,0,0,0,0,0,0,0,0,0,0,0,0,0,0,0,0,0,0,0,0,0,0,0,0,0,0,0,0,0,0],
[0,0,0,0,0,0,0,0,0,0,0,0,0,0,0,0,0,0,0,0,0,0,0,0,0,0,0,0,0,0,0,0,0,0,0,0,0,0,0,0,0,0,0,0,0,0,0,0,0,0,0,0,0,0,0,0,0,0,0,0,0,0,0,0,0,0,0,0,0,0,0,0,0,0,0,0,0,0,0,0,0,0,0,0,0,0,0,0,0,0,0,0,0,0,0,0,0,0,0,0],
[0,0,0,0,0,0,0,0,0,0,0,0,0,0,0,0,0,0,0,0,0,0,0,0,0,0,0,0,0,0,0,0,0,0,0,0,0,0,0,0,0,0,0,0,0,0,0,0,0,0,0,0,0,0,0,0,0,0,0,0,0,0,0,0,0,0,0,0,0,0,0,0,0,0,0,0,0,0,0,0,0,0,0,0,0,0,0,0,0,0,0,0,0,0,0,0,0,0,0,0],
[0,0,0,0,0,0,0,0,0,0,0,0,0,0,0,0,0,0,0,0,0,0,0,0,0,0,0,0,0,0,0,0,0,0,0,0,0,0,0,0,0,0,0,0,0,0,0,0,0,0,0,0,0,0,0,0,0,0,0,0,0,0,0,0,0,0,0,0,0,0,0,0,0,0,0,0,0,0,0,0,0,0,0,0,0,0,0,0,0,0,0,0,0,0,0,0,0,0,0,0],
[0,0,0,0,0,0,0,0,0,0,0,0,0,0,0,0,0,0,0,0,0,0,0,0,0,0,0,0,0,0,0,0,0,0,0,0,0,0,0,0,0,0,0,0,0,0,0,0,0,0,0,0,0,0,0,0,0,0,0,0,0,0,0,0,0,0,0,0,0,0,0,0,0,0,0,0,0,0,0,0,0,0,0,0,0,0,0,0,0,0,0,0,0,0,0,0,0,0,0,0],
[0,0,0,0,0,0,0,0,0,0,0,0,0,0,0,0,0,0,0,0,0,0,0,0,0,0,0,0,0,0,0,0,0,0,0,0,0,0,0,0,0,0,0,0,0,0,0,0,0,0,0,0,0,0,0,0,0,0,0,0,0,0,0,0,0,0,0,0,0,0,0,0,0,0,0,0,0,0,0,0,0,0,0,0,0,0,0,0,0,0,0,0,0,0,0,0,0,0,0,0],
[0,0,0,0,0,0,0,0,0,0,0,0,0,0,0,0,0,0,0,0,0,0,0,0,0,0,0,0,0,0,0,0,0,0,0,0,0,0,0,0,0,0,0,0,0,0,0,0,0,0,0,0,0,0,0,0,0,0,0,0,0,0,0,0,0,0,0,0,0,0,0,0,0,0,0,0,0,0,0,0,0,0,0,0,0,0,0,0,0,0,0,0,0,0,0,0,0,0,0,0],
[0,0,0,0,0,0,0,0,0,0,0,0,0,0,0,0,0,0,0,0,0,0,0,0,0,0,0,0,0,0,0,0,0,0,0,0,0,0,0,0,0,0,0,0,0,0,0,0,0,0,0,0,0,0,0,0,0,0,0,0,0,0,0,0,0,0,0,0,0,0,0,0,0,0,0,0,0,0,0,0,0,0,0,0,0,0,0,0,0,0,0,0,0,0,0,0,0,0,0,0],
[0,0,0,0,0,0,0,0,0,0,0,0,0,0,0,0,0,0,0,0,0,0,0,0,0,0,0,0,0,0,0,0,0,0,0,0,0,0,0,0,0,0,0,0,0,0,0,0,0,0,0,0,0,0,0,0,0,0,0,0,0,0,0,0,0,0,0,0,0,0,0,0,0,0,0,0,0,0,0,0,0,0,0,0,0,0,0,0,0,0,0,0,0,0,0,0,0,0,0,0],
[0,0,0,0,0,0,0,0,0,0,0,0,0,0,0,0,0,0,0,0,0,0,0,0,0,0,0,0,0,0,0,0,0,0,0,0,0,0,0,0,0,0,0,0,0,0,0,0,0,0,0,0,0,0,0,0,0,0,0,0,0,0,0,0,0,0,0,0,0,0,0,0,0,0,0,0,0,0,0,0,0,0,0,0,0,0,0,0,0,0,0,0,0,0,0,0,0,0,0,0],
[0,0,0,0,0,0,0,0,0,0,0,0,0,0,0,0,0,0,0,0,0,0,0,0,0,0,0,0,0,0,0,0,0,0,0,0,0,0,0,0,0,0,0,0,0,0,0,0,0,0,0,0,0,0,0,0,0,0,0,0,0,0,0,0,0,0,0,0,0,0,0,0,0,0,0,0,0,0,0,0,0,0,0,0,0,0,0,0,0,0,0,0,0,0,0,0,0,0,0,0],
[0,0,0,0,0,0,0,0,0,0,0,0,0,0,0,0,0,0,0,0,0,0,0,0,0,0,0,0,0,0,0,0,0,0,0,0,0,0,0,0,0,0,0,0,0,0,0,0,0,0,0,0,0,0,0,0,0,0,0,0,0,0,0,0,0,0,0,0,0,0,0,0,0,0,0,0,0,0,0,0,0,0,0,0,0,0,0,0,0,0,0,0,0,0,0,0,0,0,0,0],
[0,0,0,0,0,0,0,0,0,0,0,0,0,0,0,0,0,0,0,0,0,0,0,0,0,0,0,0,0,0,0,0,0,0,0,0,0,0,0,0,0,0,0,0,0,0,0,0,0,0,0,0,0,0,0,0,0,0,0,0,0,0,0,0,0,0,0,0,0,0,0,0,0,0,0,0,0,0,0,0,0,0,0,0,0,0,0,0,0,0,0,0,0,0,0,0,0,0,0,0],
[0,0,0,0,0,0,0,0,0,0,0,0,0,0,0,0,0,0,0,0,0,0,0,0,0,0,0,0,0,0,0,0,0,0,0,0,0,0,0,0,0,0,0,0,0,0,0,0,0,0,0,0,0,0,0,0,0,0,0,0,0,0,0,0,0,0,0,0,0,0,0,0,0,0,0,0,0,0,0,0,0,0,0,0,0,0,0,0,0,0,0,0,0,0,0,0,0,0,0,0],
[0,0,0,0,0,0,0,0,0,0,0,0,0,0,0,0,0,0,0,0,0,0,0,0,0,0,0,0,0,0,0,0,0,0,0,0,0,0,0,0,0,0,0,0,0,0,0,0,0,0,0,0,0,0,0,0,0,0,0,0,0,0,0,0,0,0,0,0,0,0,0,0,0,0,0,0,0,0,0,0,0,0,0,0,0,0,0,0,0,0,0,0,0,0,0,0,0,0,0,0],
[0,0,0,0,0,0,0,0,0,0,0,0,0,0,0,0,0,0,0,0,0,0,0,0,0,0,0,0,0,0,0,0,0,0,0,0,0,0,0,0,0,0,0,0,0,0,0,0,0,0,0,0,0,0,0,0,0,0,0,0,0,0,0,0,0,0,0,0,0,0,0,0,0,0,0,0,0,0,0,0,0,0,0,0,0,0,0,0,0,0,0,0,0,0,0,0,0,0,0,0],
[0,0,0,0,0,0,0,0,0,0,0,0,0,0,0,0,0,0,0,0,0,0,0,0,0,0,0,0,0,0,0,0,0,0,0,0,0,0,0,0,23.50,0,0,0,0,0,0,0,0,0,0,0,0,0,0,0,0,0,0,0,0,0,0,0,0,0,0,0,0,0,0,0,0,0,0,0,0,0,0,0,0,0,0,0,0,0,0,0,0,0,0,0,0,0,0,0,0,0,0,0],
[0,0,0,0,0,0,0,0,0,0,0,0,0,0,0,0,0,0,0,0,0,0,0,0,0,0,0,0,0,0,0,0,0,0,0,0,23.50,23.50,23.50,23.50,23.50,23.50,23.50,0,0,0,0,0,0,0,0,0,0,0,0,0,0,0,0,0,0,0,0,0,0,0,0,0,0,0,0,0,0,0,0,0,0,0,0,0,0,0,0,0,0,0,0,0,0,0,0,0,0,0,0,0,0,0,0,0],
[0,0,0,0,0,0,0,0,0,0,0,0,0,0,0,0,0,0,0,0,0,0,0,0,0,0,0,0,0,0,0,0,0,0,0,23.50,23.50,23.50,23.50,23.50,23.50,23.50,23.50,23.50,0,0,0,0,0,0,0,0,0,0,0,0,0,0,0,0,0,0,0,0,0,0,0,0,0,0,0,0,0,0,0,0,0,0,0,0,0,0,0,0,0,0,0,0,0,0,0,0,0,0,0,0,0,0,0,0],
[0,0,0,0,0,0,0,0,0,0,0,0,0,0,0,0,0,0,0,0,0,0,0,0,0,0,0,0,0,0,0,0,0,0,0,23.50,23.50,23.50,23.50,23.50,23.50,23.50,23.50,23.50,0,0,0,0,0,0,0,0,0,0,0,0,0,0,0,0,0,0,0,0,0,0,0,0,0,0,0,0,0,0,0,0,0,0,0,0,0,0,0,0,0,0,0,0,0,0,0,0,0,0,0,0,0,0,0,0],
[0,0,0,0,0,0,0,0,0,0,0,0,0,0,0,0,0,0,0,0,0,0,0,0,0,0,0,0,0,0,0,0,0,0,23.50,23.50,23.50,23.50,23.50,23.50,23.50,23.50,23.50,23.50,0,0,0,0,0,0,0,0,0,0,0,0,0,0,0,0,0,0,0,0,0,0,0,0,0,0,0,0,0,0,0,0,0,0,0,0,0,0,0,0,0,0,0,0,0,0,0,0,0,0,0,0,0,0,0,0],
[0,0,0,0,0,0,0,0,0,0,0,0,0,0,0,0,0,0,0,0,0,0,0,0,0,0,0,0,0,0,0,0,0,0,23.50,23.50,23.50,23.50,23.50,23.50,23.50,23.50,23.50,23.50,23.50,0,0,0,0,0,0,0,0,0,0,0,0,0,0,0,0,0,0,0,0,0,0,0,0,0,0,0,0,0,0,0,0,0,0,0,0,0,0,0,0,0,0,0,0,0,0,0,0,0,0,0,0,0,0,0],
[0,0,0,0,0,0,0,0,0,0,0,0,0,0,0,0,0,0,0,0,0,0,0,0,0,0,0,0,0,0,0,0,0,0,23.50,23.50,23.50,23.50,23.50,23.50,23.50,23.50,23.50,23.50,23.50,0,0,0,0,0,0,0,0,0,0,0,0,0,0,0,0,0,0,0,0,0,0,0,0,0,0,0,0,0,0,0,0,0,0,0,0,0,0,0,0,0,0,0,0,0,0,0,0,0,0,0,0,0,0,0],
[0,0,0,0,0,0,0,0,0,0,0,0,0,0,0,0,0,0,0,0,0,0,0,0,0,0,0,0,0,0,0,0,0,0,23.50,23.50,23.50,23.50,23.50,23.50,23.50,23.50,23.50,23.50,23.50,0,0,0,0,0,0,0,0,0,0,0,0,0,0,0,0,0,0,0,0,0,0,0,0,0,0,0,0,0,0,0,0,0,0,0,0,0,0,0,0,0,0,0,0,0,0,0,0,0,0,0,0,0,0,0],
[0,0,0,0,0,0,0,0,0,0,0,0,0,0,0,0,0,0,0,0,0,0,0,0,0,0,0,0,0,0,0,0,0,0,23.50,23.50,23.50,23.50,23.50,23.50,23.50,23.50,23.50,23.50,23.50,0,0,0,0,0,0,0,0,0,0,0,0,0,0,0,0,0,0,0,0,0,0,0,0,0,0,0,0,0,0,0,0,0,0,0,0,0,0,0,0,0,0,0,0,0,0,0,0,0,0,0,0,0,0,0],
[0,0,0,0,0,0,0,0,0,0,0,0,0,0,0,0,0,0,0,0,0,0,0,0,0,0,0,0,0,0,0,0,0,0,23.50,23.50,23.50,23.50,23.50,23.50,23.50,23.50,23.50,23.50,23.50,0,0,0,0,0,0,0,0,0,0,0,0,0,0,0,0,0,0,0,0,0,0,0,0,0,0,0,0,0,0,0,0,0,0,0,0,0,0,0,0,0,0,0,0,0,0,0,0,0,0,0,0,0,0,0],
[0,0,0,0,0,0,0,0,0,0,0,0,0,0,0,0,0,0,0,0,0,0,0,0,0,0,0,0,0,0,0,0,0,0,0,23.50,23.50,23.50,23.50,23.50,23.50,23.50,23.50,23.50,23.50,0,0,0,0,0,0,0,0,0,0,0,0,0,0,0,0,0,0,0,0,0,0,0,0,0,0,0,0,0,0,0,0,0,0,0,0,0,0,0,0,0,0,0,0,0,0,0,0,0,0,0,0,0,0,0],
[0,0,0,0,0,0,0,0,0,0,0,0,0,0,0,0,0,0,0,0,0,0,0,0,0,0,0,0,0,0,0,0,0,0,0,0,23.50,23.50,23.50,23.50,23.50,23.50,23.50,23.50,0,0,0,0,0,0,0,0,0,0,0,0,0,0,0,0,0,0,0,0,0,0,0,0,0,0,0,0,0,0,0,0,0,0,0,0,0,0,0,0,0,0,0,0,0,0,0,0,0,0,0,0,0,0,0,0],
[0,0,0,0,0,0,0,0,0,0,0,0,0,0,0,0,0,0,0,0,0,0,0,0,0,0,0,0,0,0,0,0,0,0,0,0,0,23.50,23.50,23.50,23.50,23.50,23.50,23.50,0,0,0,0,0,0,0,0,0,0,0,0,0,0,0,0,0,0,0,0,0,0,0,0,0,0,0,0,0,0,0,0,0,0,0,0,0,0,0,0,0,0,0,0,0,0,0,0,0,0,0,0,0,0,0,0],
[0,0,0,0,0,0,0,0,0,0,0,0,0,0,0,0,0,0,0,0,0,0,0,0,0,0,0,0,0,0,0,0,0,0,0,0,0,23.50,23.50,23.50,23.50,23.50,23.50,23.50,0,0,0,0,0,0,0,0,0,0,0,0,0,0,0,0,0,0,0,0,0,0,0,0,0,0,0,0,0,0,0,0,0,0,0,0,0,0,0,0,0,0,0,0,0,0,0,0,0,0,0,0,0,0,0,0],
[0,0,0,0,0,0,0,0,0,0,0,0,0,0,0,0,0,0,0,0,0,0,0,0,0,0,0,0,0,0,0,0,0,0,0,0,0,23.50,23.50,23.50,23.50,23.50,23.50,23.50,0,0,0,0,0,0,0,0,0,0,0,0,0,0,0,0,0,0,0,0,0,0,0,0,0,0,0,0,0,0,0,0,0,0,0,0,0,0,0,0,0,0,0,0,0,0,0,0,0,0,0,0,0,0,0,0],
[0,0,0,0,0,0,0,0,0,0,0,0,0,0,0,0,0,0,0,0,0,0,0,0,0,0,0,0,0,0,0,0,0,0,0,0,0,23.50,23.50,23.50,23.50,23.50,23.50,23.50,0,0,0,0,0,0,0,0,0,0,0,0,0,0,0,0,0,0,0,0,0,0,0,0,0,0,0,0,0,0,0,0,0,0,0,0,0,0,0,0,0,0,0,0,0,0,0,0,0,0,0,0,0,0,0,0],
[0,0,0,0,0,0,0,0,0,0,0,0,0,0,0,0,0,0,0,0,0,0,0,0,0,0,0,0,0,0,0,0,0,0,0,0,0,23.50,23.50,23.50,23.50,23.50,23.50,23.50,0,0,0,0,0,0,0,0,0,0,0,0,0,0,0,0,0,0,0,0,0,0,0,0,0,0,0,0,0,0,0,0,0,0,0,0,0,0,0,0,0,0,0,0,0,0,0,0,0,0,0,0,0,0,0,0],
[0,0,0,0,0,0,0,0,0,0,0,0,0,0,0,0,0,0,0,0,0,0,0,0,0,0,0,0,0,0,0,0,0,0,0,0,0,23.50,23.50,23.50,23.50,23.50,23.50,23.50,0,0,0,0,0,0,0,0,0,0,0,0,0,0,0,0,0,0,0,0,0,0,0,0,0,0,0,0,0,0,0,0,0,0,0,0,0,0,0,0,0,0,0,0,0,0,0,0,0,0,0,0,0,0,0,0],
[0,0,0,0,0,0,0,0,0,0,0,0,0,0,0,0,0,0,0,0,0,0,0,0,0,0,0,0,0,0,0,0,0,0,0,0,0,23.50,23.50,23.50,23.50,23.50,23.50,23.50,0,0,0,0,0,0,0,0,0,0,0,0,0,0,0,0,0,0,0,0,0,0,0,0,0,0,0,0,0,0,0,0,0,0,0,0,0,0,0,0,0,0,0,0,0,0,0,0,0,0,0,0,0,0,0,0],
[0,0,0,0,0,0,0,0,0,0,0,0,0,0,0,0,0,0,0,0,0,0,23.50,0,0,0,0,0,0,23.50,23.50,0,0,0,0,0,0,23.50,23.50,23.50,23.50,23.50,23.50,23.50,0,0,0,0,0,0,0,0,0,0,0,0,0,0,0,0,0,23.50,23.50,23.50,23.50,0,0,0,0,0,0,0,0,0,0,0,0,0,0,0,0,0,0,0,0,0,0,0,0,0,0,0,0,0,0,0,0,0,0,0],
[0,0,0,0,0,0,0,0,0,0,0,0,0,0,0,0,0,0,0,0,0,23.50,23.50,23.50,0,0,0,23.50,23.50,23.50,23.50,23.50,23.50,0,0,0,0,23.50,23.50,23.50,23.50,23.50,23.50,23.50,0,0,0,0,0,0,0,0,0,0,0,0,0,0,0,23.50,23.50,23.50,23.50,23.50,23.50,0,0,0,0,0,0,0,0,0,0,0,0,0,0,0,0,0,0,0,0,0,0,0,0,0,0,0,0,0,0,0,0,0,0,0],
[0,0,0,0,0,0,0,0,0,0,0,0,0,0,0,0,0,0,0,0,23.50,23.50,23.50,23.50,23.50,23.50,23.50,23.50,23.50,23.50,23.50,23.50,23.50,23.50,23.50,23.50,23.50,23.50,23.50,23.50,23.50,23.50,23.50,23.50,0,0,0,0,0,0,0,0,0,0,0,0,0,0,23.50,23.50,23.50,23.50,23.50,23.50,23.50,0,0,0,0,0,0,0,0,0,0,0,0,0,0,0,0,0,0,0,0,0,0,0,0,0,0,0,0,0,0,0,0,0,0,0],
[0,0,0,0,0,0,0,0,0,0,0,0,0,0,0,0,0,0,0,0,23.50,23.50,23.50,23.50,23.50,23.50,23.50,23.50,23.50,23.50,23.50,23.50,23.50,23.50,23.50,23.50,23.50,23.50,23.50,23.50,23.50,23.50,23.50,23.50,23.50,0,0,0,0,0,0,0,0,0,0,0,0,23.50,23.50,23.50,23.50,23.50,23.50,23.50,23.50,0,0,0,0,0,0,0,0,0,0,0,0,0,0,0,0,0,0,0,0,0,0,0,0,0,0,0,0,0,0,0,0,0,0,0],
[0,0,0,0,0,0,0,0,0,0,0,0,0,0,0,0,0,0,0,0,23.50,23.50,23.50,23.50,23.50,23.50,23.50,23.50,23.50,23.50,23.50,23.50,23.50,23.50,23.50,23.50,23.50,23.50,23.50,23.50,23.50,23.50,23.50,23.50,23.50,23.50,0,0,0,0,0,0,23.50,23.50,23.50,23.50,0,23.50,23.50,23.50,23.50,23.50,23.50,23.50,23.50,23.50,0,0,0,0,0,0,0,0,0,0,0,0,0,0,0,0,0,0,0,0,0,0,0,0,0,0,0,0,0,0,0,0,0,0],
[0,0,0,0,0,0,0,0,0,0,0,0,0,0,0,0,0,0,0,0,23.50,23.50,23.50,23.50,23.50,23.50,23.50,23.50,23.50,23.50,23.50,23.50,23.50,23.50,23.50,23.50,23.50,23.50,23.50,23.50,23.50,23.50,23.50,23.50,23.50,23.50,23.50,23.50,23.50,0,23.50,23.50,23.50,23.50,23.50,23.50,23.50,23.50,23.50,23.50,23.50,23.50,23.50,23.50,23.50,23.50,23.50,0,0,0,0,0,0,0,0,0,0,0,0,0,0,0,0,0,0,0,0,0,0,0,0,0,0,0,0,0,0,0,0,0],
[0,0,0,0,0,0,0,0,0,0,0,0,0,0,0,0,0,0,0,23.50,23.50,23.50,23.50,23.50,23.50,23.50,23.50,23.50,23.50,23.50,23.50,23.50,23.50,23.50,23.50,23.50,23.50,23.50,23.50,23.50,23.50,23.50,23.50,23.50,23.50,23.50,23.50,23.50,23.50,23.50,23.50,23.50,23.50,23.50,23.50,23.50,23.50,23.50,23.50,23.50,23.50,23.50,23.50,23.50,23.50,23.50,23.50,23.50,0,0,0,0,0,0,0,0,0,0,0,0,0,0,0,0,0,0,0,0,0,0,0,0,0,0,0,0,0,0,0,0],
[0,0,0,0,0,0,0,0,0,0,0,0,0,0,0,0,0,0,0,23.50,23.50,23.50,23.50,23.50,23.50,23.50,23.50,23.50,23.50,23.50,23.50,23.50,23.50,23.50,23.50,23.50,23.50,23.50,23.50,23.50,23.50,23.50,23.50,23.50,23.50,23.50,23.50,23.50,23.50,23.50,23.50,23.50,23.50,23.50,23.50,23.50,23.50,23.50,23.50,23.50,23.50,23.50,23.50,23.50,23.50,23.50,23.50,23.50,23.50,0,0,0,0,0,0,0,0,0,0,0,0,0,0,0,0,0,0,0,0,0,0,0,0,0,0,0,0,0,0,0],
[0,0,0,0,0,0,0,0,0,0,0,0,0,0,0,0,0,0,23.50,23.50,23.50,23.50,23.50,23.50,23.50,23.50,23.50,23.50,23.50,23.50,23.50,23.50,23.50,23.50,23.50,23.50,23.50,23.50,23.50,23.50,23.50,23.50,23.50,23.50,23.50,23.50,23.50,23.50,23.50,23.50,23.50,23.50,23.50,23.50,23.50,23.50,23.50,23.50,23.50,23.50,23.50,23.50,23.50,23.50,23.50,23.50,23.50,23.50,23.50,0,0,0,0,0,0,0,0,0,0,0,0,0,0,0,0,0,0,0,0,0,0,0,0,0,0,0,0,0,0,0],
[0,0,0,0,0,0,0,0,0,0,0,0,0,0,0,0,0,23.50,23.50,23.50,23.50,23.50,23.50,23.50,23.50,23.50,0,0,0,0,23.50,23.50,23.50,23.50,23.50,23.50,23.50,23.50,23.50,23.50,23.50,23.50,23.50,23.50,23.50,23.50,23.50,23.50,23.50,23.50,23.50,23.50,23.50,23.50,23.50,23.50,0,0,23.50,23.50,23.50,23.50,23.50,23.50,23.50,23.50,23.50,23.50,23.50,0,0,0,0,0,0,0,0,0,0,0,0,0,0,0,0,0,0,0,0,0,0,0,0,0,0,0,0,0,0,0],
[0,0,0,0,0,0,0,0,0,0,0,0,0,0,0,0,23.50,23.50,23.50,23.50,23.50,23.50,23.50,23.50,23.50,23.50,0,0,0,0,23.50,23.50,23.50,23.50,23.50,23.50,23.50,23.50,23.50,23.50,23.50,23.50,23.50,23.50,23.50,23.50,23.50,23.50,23.50,23.50,23.50,23.50,23.50,23.50,23.50,0,0,0,0,23.50,23.50,23.50,23.50,23.50,23.50,23.50,23.50,23.50,23.50,23.50,0,0,0,0,0,0,0,0,0,0,0,0,0,0,0,0,0,0,0,0,0,0,0,0,0,0,0,0,0,0],
[0,0,0,0,0,0,0,0,0,0,0,0,0,0,0,0,23.50,23.50,23.50,23.50,23.50,23.50,23.50,23.50,23.50,23.50,0,0,0,0,0,23.50,23.50,23.50,23.50,23.50,23.50,23.50,23.50,23.50,23.50,23.50,23.50,23.50,23.50,23.50,23.50,23.50,23.50,23.50,23.50,23.50,23.50,23.50,23.50,0,0,0,0,23.50,23.50,23.50,23.50,23.50,23.50,23.50,23.50,23.50,23.50,23.50,0,0,0,0,0,0,0,0,0,0,0,0,0,0,0,0,0,0,0,0,0,0,0,0,0,0,0,0,0,0],
[0,0,0,0,0,0,0,0,0,0,0,0,0,0,0,0,0,23.50,23.50,23.50,23.50,23.50,23.50,23.50,23.50,23.50,23.50,0,0,0,0,23.50,23.50,23.50,23.50,23.50,23.50,23.50,23.50,23.50,23.50,23.50,23.50,23.50,23.50,23.50,23.50,23.50,23.50,23.50,23.50,23.50,23.50,23.50,23.50,0,0,0,23.50,23.50,23.50,23.50,23.50,23.50,23.50,23.50,23.50,23.50,23.50,23.50,23.50,0,0,0,0,0,0,0,0,0,0,0,0,0,0,0,0,0,0,0,0,0,0,0,0,0,0,0,0,0],
[0,0,0,0,0,0,0,0,0,0,0,0,0,0,0,0,0,23.50,23.50,23.50,23.50,23.50,23.50,23.50,23.50,23.50,23.50,0,0,0,0,23.50,23.50,23.50,23.50,23.50,23.50,23.50,23.50,23.50,23.50,23.50,23.50,23.50,23.50,23.50,23.50,23.50,23.50,23.50,23.50,23.50,23.50,23.50,23.50,23.50,0,0,23.50,23.50,23.50,23.50,23.50,23.50,23.50,23.50,23.50,23.50,23.50,23.50,23.50,0,0,0,0,0,0,0,0,0,0,0,0,0,0,0,0,0,0,0,0,0,0,0,0,0,0,0,0,0],
[0,0,0,0,0,0,0,0,0,0,0,0,0,0,0,0,0,23.50,23.50,23.50,23.50,23.50,23.50,23.50,23.50,23.50,23.50,23.50,0,0,0,0,23.50,23.50,23.50,23.50,23.50,23.50,23.50,23.50,23.50,23.50,23.50,23.50,23.50,23.50,23.50,23.50,23.50,23.50,23.50,23.50,23.50,23.50,23.50,23.50,23.55,23.56,23.50,23.50,23.50,23.50,23.50,23.50,23.50,23.50,23.50,23.50,23.50,23.50,0,0,0,0,0,0,0,0,0,0,0,0,0,0,0,0,0,0,0,0,0,0,0,0,0,0,0,0,0,0],
[0,0,0,0,0,0,0,0,0,0,0,0,0,0,0,0,0,0,23.50,23.50,23.50,23.50,23.50,23.50,23.50,23.50,23.50,23.50,23.50,0,0,23.50,23.50,23.50,23.50,23.50,23.50,23.50,23.50,23.50,23.50,23.50,23.50,23.50,23.50,23.50,23.50,23.50,23.50,23.50,23.50,23.50,23.50,23.50,23.50,23.51,23.51,23.50,23.57,23.51,23.50,23.50,23.50,23.50,23.50,23.50,23.50,23.50,23.50,0,0,0,0,0,0,0,0,0,0,0,0,0,0,0,0,0,0,0,0,0,0,0,0,0,0,0,0,0,0,0],
[0,0,0,0,0,0,0,0,0,0,0,0,0,0,0,0,0,0,23.50,23.50,23.50,23.50,23.50,23.50,23.50,23.50,23.50,23.50,23.50,23.50,23.50,23.50,23.50,23.50,23.50,23.50,23.50,23.50,23.50,23.50,23.50,23.50,23.50,23.50,23.50,23.50,23.50,23.50,23.50,23.50,23.50,23.50,23.50,23.50,23.50,23.52,23.53,23.52,23.51,23.50,23.53,23.50,23.50,23.50,23.50,23.50,23.50,23.50,23.50,0,0,0,0,0,0,0,0,0,0,0,0,0,0,0,0,0,0,0,0,0,0,0,0,0,0,0,0,0,0,0],
[0,0,0,0,0,0,0,0,0,0,0,0,0,0,0,0,0,0,0,0,23.50,23.50,23.50,23.50,23.50,23.50,23.50,23.50,23.50,23.50,23.50,23.50,23.50,23.50,23.50,23.50,23.50,23.50,23.50,23.50,23.50,23.50,23.50,23.50,23.50,23.50,23.50,23.50,23.50,23.50,23.50,23.50,23.50,23.50,23.50,23.53,23.55,23.54,23.53,23.52,23.51,23.50,23.50,23.50,23.50,23.50,23.50,23.50,0,0,0,0,0,0,0,0,0,0,0,0,0,0,0,0,0,0,0,0,0,0,0,0,0,0,0,0,0,0,0,0],
[0,0,0,0,0,0,0,0,0,0,0,0,0,0,0,0,0,0,0,0,0,23.50,23.50,23.50,23.50,23.50,23.50,23.50,23.50,23.50,23.50,23.50,23.50,23.50,23.50,23.50,23.50,23.50,23.50,23.50,23.50,23.50,23.50,23.50,23.50,23.50,23.50,23.50,23.50,23.50,23.50,23.50,23.50,23.50,23.50,23.54,23.57,23.56,23.55,23.54,23.54,23.53,23.51,0,0,0,0,0,0,0,0,0,0,0,0,0,0,0,0,0,0,0,0,0,0,0,0,0,0,0,0,0,0,0,0,0,0,0,0,0],
[0,0,0,0,0,0,0,0,0,0,0,0,0,0,0,0,0,0,0,0,0,0,0,23.50,23.50,23.50,23.50,23.50,23.50,23.50,23.50,23.50,23.50,23.50,23.50,23.50,23.50,23.50,23.50,23.50,23.50,23.50,23.50,0,0,0,0,23.50,23.50,23.50,23.50,23.50,23.50,23.50,23.51,23.55,23.59,23.58,23.58,23.57,23.56,23.54,0,0,0,0,0,0,0,0,0,0,0,0,0,0,0,0,0,0,0,0,0,0,0,0,0,0,0,0,0,0,0,0,0,0,0,0,0,0],
[0,0,0,0,0,0,0,0,0,0,0,0,0,0,0,0,0,0,0,0,0,0,0,0,23.50,23.50,23.50,23.50,23.50,23.50,23.50,23.50,23.50,23.50,23.50,23.50,23.50,23.50,23.50,23.50,23.50,23.50,23.50,0,0,0,0,0,23.50,23.50,23.50,23.50,23.50,23.50,23.52,23.56,23.60,23.61,23.60,23.59,23.57,0,0,0,0,0,0,0,0,0,0,0,0,0,0,0,0,0,0,0,0,0,0,0,0,0,0,0,0,0,0,0,0,0,0,0,0,0,0,0],
[0,0,0,0,0,0,0,0,0,0,0,0,0,0,0,0,0,0,0,0,0,0,0,0,0,0,23.50,23.50,23.50,23.50,23.50,23.50,23.50,23.50,23.50,23.50,23.50,23.50,23.50,23.50,23.50,23.50,23.50,0,0,0,0,0,23.50,23.50,23.50,23.50,23.50,23.50,23.53,23.57,23.61,23.63,23.62,23.61,0,0,0,0,0,0,0,0,0,0,0,0,0,0,0,0,0,0,0,0,0,0,0,0,0,0,0,0,0,0,0,0,0,0,0,0,0,0,0,0],
[0,0,0,0,0,0,0,0,0,0,0,0,0,0,0,0,0,0,0,0,0,0,0,0,0,0,0,0,23.50,23.50,23.50,23.50,23.50,23.50,23.50,23.50,23.50,23.50,23.50,23.50,23.50,23.50,23.50,23.50,0,0,23.50,23.50,23.50,23.50,23.50,23.50,23.50,23.51,23.55,23.58,23.62,23.65,23.64,0,0,0,0,0,0,0,0,0,0,0,0,0,0,0,0,0,0,0,0,0,0,0,0,0,0,0,0,0,0,0,0,0,0,0,0,0,0,0,0,0],
[0,0,0,0,0,0,0,0,0,0,0,0,0,0,0,0,0,0,0,0,0,0,0,0,0,0,0,0,0,0,23.50,23.50,23.50,23.50,23.50,23.50,23.50,23.50,23.50,23.50,23.50,23.50,23.50,23.50,23.50,23.50,23.50,23.50,23.50,23.50,23.50,23.50,23.50,23.52,23.56,23.59,23.63,23.67,0,0,0,0,0,0,0,0,0,0,0,0,0,0,0,0,0,0,0,0,0,0,0,0,0,0,0,0,0,0,0,0,0,0,0,0,0,0,0,0,0,0],
[0,0,0,0,0,0,0,0,0,0,0,0,0,0,0,0,0,0,0,0,0,0,0,0,0,0,0,0,0,0,0,23.50,23.50,23.50,23.50,23.50,23.50,23.50,23.50,23.50,23.50,23.50,23.50,23.50,23.50,23.50,23.50,23.50,23.50,23.50,23.50,23.50,23.50,0,0,0,0,0,0,0,0,0,0,0,0,0,0,0,0,0,0,0,0,0,0,0,0,0,0,0,0,0,0,0,0,0,0,0,0,0,0,0,0,0,0,0,0,0,0,0],
[0,0,0,0,0,0,0,0,0,0,0,0,0,0,0,0,0,0,0,0,0,0,0,0,0,0,0,0,0,0,0,0,23.50,23.50,23.50,23.50,23.50,23.50,23.50,23.50,23.50,23.50,23.50,23.50,23.50,23.50,23.50,23.50,23.50,23.50,23.50,0,0,0,0,0,0,0,0,0,0,0,0,0,0,0,0,0,0,0,0,0,0,0,0,0,0,0,0,0,0,0,0,0,0,0,0,0,0,0,0,0,0,0,0,0,0,0,0,0],
[0,0,0,0,0,0,0,0,0,0,0,0,0,0,0,0,0,0,0,0,0,0,0,0,0,0,0,0,0,0,0,0,0,23.50,23.50,23.50,23.50,23.50,23.50,23.50,23.50,23.50,23.50,23.50,23.50,23.50,23.50,23.50,0,0,0,0,0,0,0,0,0,0,0,0,0,0,0,0,0,0,0,0,0,0,0,0,0,0,0,0,0,0,0,0,0,0,0,0,0,0,0,0,0,0,0,0,0,0,0,0,0,0,0,0],
[0,0,0,0,0,0,0,0,0,0,0,0,0,0,0,0,0,0,0,0,0,0,0,0,0,0,0,0,0,0,0,0,0,23.50,23.50,23.50,23.50,23.50,23.50,23.50,23.50,23.50,23.50,23.50,23.50,0,0,0,0,0,0,0,0,0,0,0,0,0,0,0,0,0,0,0,0,0,0,0,0,0,0,0,0,0,0,0,0,0,0,0,0,0,0,0,0,0,0,0,0,0,0,0,0,0,0,0,0,0,0,0],
[0,0,0,0,0,0,0,0,0,0,0,0,0,0,0,0,0,0,0,0,0,0,0,0,0,0,0,0,0,0,0,0,0,0,23.50,23.50,23.50,23.50,23.50,23.50,23.50,23.50,23.50,23.50,0,0,0,0,0,0,0,0,0,0,0,0,0,0,0,0,0,0,0,0,0,0,0,0,0,0,0,0,0,0,0,0,0,0,0,0,0,0,0,0,0,0,0,0,0,0,0,0,0,0,0,0,0,0,0,0],
[0,0,0,0,0,0,0,0,0,0,0,0,0,0,0,0,0,0,0,0,0,0,0,0,0,0,0,0,0,0,0,0,0,0,23.50,23.50,23.50,23.50,23.50,23.50,23.50,23.50,23.50,0,0,0,0,0,0,0,0,0,0,0,0,0,0,0,0,0,0,0,0,0,0,0,0,0,0,0,0,0,0,0,0,0,0,0,0,0,0,0,0,0,0,0,0,0,0,0,0,0,0,0,0,0,0,0,0,0],
[0,0,0,0,0,0,0,0,0,0,0,0,0,0,0,0,0,0,0,0,0,0,0,0,0,0,0,0,0,0,0,0,0,0,23.50,23.50,23.50,23.50,23.50,23.50,23.50,0,0,0,0,0,0,0,0,0,0,0,0,0,0,0,0,0,0,0,0,0,0,0,0,0,0,0,0,0,0,0,0,0,0,0,0,0,0,0,0,0,0,0,0,0,0,0,0,0,0,0,0,0,0,0,0,0,0,0],
[0,0,0,0,0,0,0,0,0,0,0,0,0,0,0,0,0,0,0,0,0,0,0,0,0,0,0,0,0,0,0,0,0,0,23.50,23.50,23.50,23.50,23.50,23.50,23.50,0,0,0,0,0,0,0,0,0,0,0,0,0,0,0,0,0,0,0,0,0,0,0,0,0,0,0,0,0,0,0,0,0,0,0,0,0,0,0,0,0,0,0,0,0,0,0,0,0,0,0,0,0,0,0,0,0,0,0],
[0,0,0,0,0,0,0,0,0,0,0,0,0,0,0,0,0,0,0,0,0,0,0,0,0,0,0,0,0,0,0,0,0,0,23.50,23.50,23.50,23.50,23.50,23.50,23.50,0,0,0,0,0,0,0,0,0,0,0,0,0,0,0,0,0,0,0,0,0,0,0,0,0,0,0,0,0,0,0,0,0,0,0,0,0,0,0,0,0,0,0,0,0,0,0,0,0,0,0,0,0,0,0,0,0,0,0],
[0,0,0,0,0,0,0,0,0,0,0,0,0,0,0,0,0,0,0,0,0,0,0,0,0,0,0,0,0,0,0,0,0,0,0,23.50,23.50,23.50,23.50,23.50,23.50,0,0,0,0,0,0,0,0,0,0,0,0,0,0,0,0,0,0,0,0,0,0,0,0,0,0,0,0,0,0,0,0,0,0,0,0,0,0,0,0,0,0,0,0,0,0,0,0,0,0,0,0,0,0,0,0,0,0,0],
[0,0,0,0,0,0,0,0,0,0,0,0,0,0,0,0,0,0,0,0,0,0,0,0,0,0,0,0,0,0,0,0,0,0,0,23.50,23.50,23.50,23.50,23.50,23.50,0,0,0,0,0,0,0,0,0,0,0,0,0,0,0,0,0,0,0,0,0,0,0,0,0,0,0,0,0,0,0,0,0,0,0,0,0,0,0,0,0,0,0,0,0,0,0,0,0,0,0,0,0,0,0,0,0,0,0],
[0,0,0,0,0,0,0,0,0,0,0,0,0,0,0,0,0,0,0,0,0,0,0,0,0,0,0,0,0,0,0,0,0,0,0,23.50,23.50,23.50,23.50,23.50,23.50,0,0,0,0,0,0,0,0,0,0,0,0,0,0,0,0,0,0,0,0,0,0,0,0,0,0,0,0,0,0,0,0,0,0,0,0,0,0,0,0,0,0,0,0,0,0,0,0,0,0,0,0,0,0,0,0,0,0,0],
[0,0,0,0,0,0,0,0,0,0,0,0,0,0,0,0,0,0,0,0,0,0,0,0,0,0,0,0,0,0,0,0,0,0,0,23.50,23.50,23.50,23.50,23.50,23.50,0,0,0,0,0,0,0,0,0,0,0,0,0,0,0,0,0,0,0,0,0,0,0,0,0,0,0,0,0,0,0,0,0,0,0,0,0,0,0,0,0,0,0,0,0,0,0,0,0,0,0,0,0,0,0,0,0,0,0],
[0,0,0,0,0,0,0,0,0,0,0,0,0,0,0,0,0,0,0,0,0,0,0,0,0,0,0,0,0,0,0,0,0,0,0,23.50,23.50,23.50,23.50,23.50,23.50,0,0,0,0,0,0,0,0,0,0,0,0,0,0,0,0,0,0,0,0,0,0,0,0,0,0,0,0,0,0,0,0,0,0,0,0,0,0,0,0,0,0,0,0,0,0,0,0,0,0,0,0,0,0,0,0,0,0,0],
[0,0,0,0,0,0,0,0,0,0,0,0,0,0,0,0,0,0,0,0,0,0,0,0,0,0,0,0,0,0,0,0,0,0,0,23.50,23.50,23.50,23.50,23.50,23.50,0,0,0,0,0,0,0,0,0,0,0,0,0,0,0,0,0,0,0,0,0,0,0,0,0,0,0,0,0,0,0,0,0,0,0,0,0,0,0,0,0,0,0,0,0,0,0,0,0,0,0,0,0,0,0,0,0,0,0],
[0,0,0,0,0,0,0,0,0,0,0,0,0,0,0,0,0,0,0,0,0,0,0,0,0,0,0,0,0,0,0,0,0,0,0,23.50,23.50,23.50,23.50,23.50,23.50,0,0,0,0,0,0,0,0,0,0,0,0,0,0,0,0,0,0,0,0,0,0,0,0,0,0,0,0,0,0,0,0,0,0,0,0,0,0,0,0,0,0,0,0,0,0,0,0,0,0,0,0,0,0,0,0,0,0,0],
[0,0,0,0,0,0,0,0,0,0,0,0,0,0,0,0,0,0,0,0,0,0,0,0,0,0,0,23.50,23.50,0,0,0,0,0,0,23.50,23.50,23.50,23.50,23.50,23.50,0,0,0,0,0,0,0,0,0,0,0,0,0,0,0,0,0,0,0,0,0,0,0,0,0,0,0,0,0,0,0,0,0,0,0,0,0,0,0,0,0,0,0,0,0,0,0,0,0,0,0,0,0,0,0,0,0,0,0],
[0,0,0,0,0,0,0,0,0,0,0,0,0,0,0,0,0,0,0,0,0,0,0,0,0,23.50,23.50,23.50,23.50,23.50,0,0,0,0,0,23.50,23.50,23.50,23.50,23.50,23.50,0,0,0,0,0,0,0,0,0,0,0,0,0,0,0,0,0,0,0,0,0,0,0,0,0,0,0,0,0,0,0,0,0,0,0,0,0,0,0,0,0,0,0,0,0,0,0,0,0,0,0,0,0,0,0,0,0,0,0],
[0,0,0,0,0,0,0,0,0,0,0,0,0,0,0,0,0,0,0,0,0,0,0,0,23.50,23.50,23.50,23.50,23.50,23.50,23.50,0,0,0,23.50,23.50,23.50,23.50,23.50,23.50,23.50,0,0,0,0,0,0,0,0,0,0,0,0,0,0,0,0,0,0,0,0,0,0,0,0,0,0,0,0,0,0,0,0,0,0,0,0,0,0,0,0,0,0,0,0,0,0,0,0,0,0,0,0,0,0,0,0,0,0,0],
[0,0,0,0,0,0,0,0,0,0,0,0,0,0,0,0,0,0,0,0,0,23.50,0,0,23.50,23.50,23.50,23.50,23.50,23.50,23.50,23.50,23.50,23.50,23.50,23.50,23.50,23.50,23.50,23.50,23.50,23.50,0,0,0,0,0,0,0,0,0,0,0,0,0,0,0,0,0,0,0,0,0,0,0,0,0,0,0,0,0,0,0,0,0,0,0,0,0,0,0,0,0,0,0,0,0,0,0,0,0,0,0,0,0,0,0,0,0,0],
[0,0,0,0,0,0,0,0,0,0,0,0,0,0,0,0,0,0,0,23.50,23.50,23.50,23.50,23.50,23.50,23.50,23.50,23.50,23.50,23.50,23.50,23.50,23.50,23.50,23.50,23.50,23.50,23.50,23.50,23.50,23.50,23.50,23.50,0,0,0,0,0,0,0,0,0,0,0,0,0,0,0,0,0,0,0,0,0,0,0,0,0,0,0,0,0,0,0,0,0,0,0,0,0,0,0,0,0,0,0,0,0,0,0,0,0,0,0,0,0,0,0,0,0],
[0,0,0,0,0,0,0,0,0,0,0,0,0,0,0,0,0,0,0,23.50,23.50,23.50,23.50,23.50,23.50,23.50,23.50,23.50,23.50,23.50,23.50,23.50,23.50,23.50,23.50,23.50,23.50,23.50,23.50,23.50,23.50,23.50,23.50,23.50,23.50,0,0,0,0,0,0,0,0,0,0,0,0,0,0,0,0,0,0,0,0,0,0,0,0,0,0,0,0,0,0,0,0,0,0,0,0,0,0,0,0,0,0,0,0,0,0,0,0,0,0,0,0,0,0,0],
[0,0,0,0,0,0,0,0,0,0,0,0,0,0,0,0,0,0,0,23.50,23.50,23.50,23.50,23.50,23.50,23.50,23.50,23.50,23.50,23.50,23.50,23.50,23.50,23.50,23.50,23.50,23.50,23.50,23.50,23.50,23.50,23.50,23.50,23.50,23.50,23.50,0,0,0,0,0,0,0,0,0,0,0,0,0,0,0,0,0,0,0,0,0,0,0,0,0,0,0,0,0,0,0,0,0,0,0,0,0,0,0,0,0,0,0,0,0,0,0,0,0,0,0,0,0,0],
[0,0,0,0,0,0,0,0,0,0,0,0,0,0,0,0,0,0,0,23.50,23.50,23.50,23.50,23.50,23.50,23.50,23.50,23.50,23.50,23.50,23.50,23.50,23.50,23.50,23.50,23.50,23.50,23.50,23.50,23.50,23.50,23.50,23.50,23.50,23.50,23.50,23.50,0,0,0,0,0,0,0,0,0,0,0,0,0,0,0,0,0,0,0,0,0,0,0,0,0,0,0,0,0,0,0,0,0,0,0,0,0,0,0,0,0,0,0,0,0,0,0,0,0,0,0,0,0],
[0,0,0,0,0,0,0,0,0,0,0,0,0,0,0,0,0,23.50,23.50,23.50,23.50,23.50,23.50,23.50,23.50,23.50,23.50,23.50,23.50,23.50,23.50,23.50,23.50,23.50,23.50,23.50,23.50,23.50,23.50,23.50,23.50,23.50,23.50,23.50,23.50,23.50,23.50,23.50,0,0,0,0,0,0,0,0,0,0,0,0,0,0,0,0,0,0,0,0,0,0,0,0,0,0,0,0,0,0,0,0,0,0,0,0,0,0,0,0,0,0,0,0,0,0,0,0,0,0,0,0],
[0,0,0,0,0,0,0,0,0,0,0,0,0,0,0,0,23.50,23.50,23.50,23.50,23.50,23.50,23.50,23.50,23.50,23.50,23.50,23.50,23.50,23.50,23.50,23.50,23.50,23.50,23.50,23.50,23.50,23.50,23.50,23.50,23.50,23.50,23.50,23.50,23.50,23.50,23.50,23.50,23.50,23.50,0,0,0,0,0,0,0,0,0,0,0,0,0,0,0,0,0,0,0,0,0,0,0,0,0,0,0,0,0,0,0,0,0,0,0,0,0,0,0,0,0,0,0,0,0,0,0,0,0,0],
[0,0,0,0,0,0,0,0,0,0,0,0,0,0,0,0,23.50,23.50,23.50,23.50,23.50,23.50,23.50,23.50,23.50,23.50,23.50,23.50,23.50,23.50,23.50,23.50,23.50,23.50,23.50,23.50,23.50,23.50,23.50,23.50,23.50,23.50,23.50,23.50,23.50,23.50,23.50,23.50,23.50,23.50,23.50,23.50,23.50,23.50,23.50,23.50,0,0,0,0,0,0,0,0,0,0,0,0,0,0,0,0,0,0,0,0,0,0,0,0,0,0,0,0,0,0,0,0,0,0,0,0,0,0,0,0,0,0,0,0],
[0,0,0,0,0,0,0,0,0,0,0,0,0,0,0,0,23.50,23.50,23.50,23.50,23.50,23.50,23.50,23.50,23.50,23.50,23.50,23.50,0,0,0,23.50,23.50,23.50,23.50,23.50,23.50,23.50,23.50,23.50,23.50,23.50,23.50,23.50,23.50,23.50,23.50,23.50,23.50,23.50,23.50,23.50,23.50,23.50,23.50,23.50,23.50,23.50,23.50,23.50,0,0,0,0,0,0,0,0,0,0,0,0,0,0,0,0,0,0,0,0,0,0,0,0,0,0,0,0,0,0,0,0,0,0,0,0,0,0,0,0],
[0,0,0,0,0,0,0,0,0,0,0,0,0,0,0,23.50,23.50,23.50,23.50,23.50,23.50,23.50,23.50,23.50,23.50,23.50,23.50,0,0,0,0,0,0,23.50,23.50,23.50,23.50,23.50,23.50,23.50,23.50,23.50,23.50,23.50,23.50,23.50,23.50,23.50,23.50,23.50,23.50,23.50,23.50,23.50,23.50,23.50,23.50,23.50,23.50,23.50,23.50,0,0,0,0,0,0,0,0,0,0,0,0,0,0,0,0,0,0,0,0,0,0,0,0,0,0,0,0,0,0,0,0,0,0,0,0,0,0,0],
[0,0,0,0,0,0,0,0,0,0,0,0,0,0,0,23.50,23.50,23.50,23.50,23.50,23.50,23.50,23.50,23.50,23.50,23.50,23.50,0,0,0,0,0,0,23.50,23.50,23.50,23.50,23.50,23.50,23.50,23.50,23.50,23.50,23.50,23.50,23.50,23.50,23.50,23.50,23.50,23.50,23.50,23.50,23.50,23.50,23.50,23.50,23.50,23.50,23.50,23.50,23.50,0,0,0,0,0,0,0,0,0,0,0,0,0,0,0,0,0,0,0,0,0,0,0,0,0,0,0,0,0,0,0,0,0,0,0,0,0,0],
[0,0,0,0,0,0,0,0,0,0,0,0,0,0,0,23.50,23.50,23.50,23.50,23.50,23.50,23.50,23.50,23.50,23.50,23.50,23.50,0,0,0,0,0,0,23.50,23.50,23.50,23.50,23.50,23.50,23.50,23.50,23.50,23.50,23.50,23.50,23.50,23.50,23.50,23.50,23.50,23.50,23.50,23.50,23.50,23.50,23.50,23.50,23.50,23.50,23.50,23.50,23.50,0,0,0,0,0,0,0,0,0,0,0,0,0,0,0,0,0,0,0,0,0,0,0,0,0,0,0,0,0,0,0,0,0,0,0,0,0,0],
[0,0,0,0,0,0,0,0,0,0,0,0,0,0,0,23.50,23.50,23.50,23.50,23.50,23.50,23.50,23.50,23.50,23.50,23.50,23.50,0,0,0,0,0,0,23.50,23.50,23.50,23.50,23.50,23.50,23.50,23.50,23.50,23.50,23.50,23.50,23.50,23.50,23.50,23.50,23.50,23.50,23.50,23.50,23.50,23.50,23.50,23.50,23.50,23.50,23.50,23.50,23.50,0,0,0,0,0,0,0,0,0,0,0,0,0,0,0,0,0,0,0,0,0,0,0,0,0,0,0,0,0,0,0,0,0,0,0,0,0,0],
[0,0,0,0,0,0,0,0,0,0,0,0,0,0,0,23.50,23.50,23.50,23.50,23.50,23.50,23.50,23.50,23.50,23.50,23.50,23.50,0,0,0,0,0,0,0,23.50,23.50,23.50,23.50,23.50,23.50,23.50,23.50,23.50,23.50,23.50,23.50,23.50,23.50,23.50,23.50,23.50,23.50,23.50,23.50,23.50,23.50,23.50,23.50,23.50,23.50,23.50,23.50,0,0,0,0,0,0,0,0,0,0,0,0,0,0,0,0,0,0,0,0,0,0,0,0,0,0,0,0,0,0,0,0,0,0,0,0,0,0],
[0,0,0,0,0,0,0,0,0,0,0,0,0,0,0,23.50,23.50,23.50,23.50,23.50,23.50,23.50,23.50,23.50,23.50,23.50,23.50,23.50,23.50,0,0,0,0,0,23.50,23.50,23.50,23.50,23.50,23.50,23.50,23.50,23.50,23.50,23.50,23.50,23.50,23.50,23.50,23.50,23.50,23.50,23.50,23.50,23.50,23.50,23.50,23.50,23.50,23.50,23.50,23.50,0,0,0,0,0,0,0,0,0,0,0,0,0,0,0,0,0,0,0,0,0,0,0,0,0,0,0,0,0,0,0,0,0,0,0,0,0,0],
[0,0,0,0,0,0,0,0,0,0,0,0,0,0,0,23.50,23.50,23.50,23.50,23.50,23.50,23.50,23.50,23.50,23.50,23.50,23.50,23.50,23.50,0,0,0,0,0,23.50,23.50,23.50,23.50,23.50,23.50,23.50,23.50,23.50,23.50,23.50,23.50,23.50,23.50,23.50,23.50,23.50,23.50,23.50,23.50,23.50,23.50,23.50,23.50,23.50,23.50,23.50,23.50,0,0,0,0,0,0,0,0,0,0,0,0,0,0,0,0,0,0,0,0,0,0,0,0,0,0,0,0,0,0,0,0,0,0,0,0,0,0],
[0,0,0,0,0,0,0,0,0,0,0,0,0,0,0,23.50,23.50,23.50,23.50,23.50,23.50,23.50,23.50,23.50,23.50,23.50,23.50,23.50,0,0,0,0,0,23.50,23.50,23.50,23.50,23.50,23.50,23.50,23.50,23.50,23.50,23.50,23.50,23.50,23.50,23.50,23.50,23.50,23.50,23.50,23.50,23.50,23.50,23.50,23.50,23.50,23.50,23.50,23.50,23.50,0,0,0,0,0,0,0,0,0,0,0,0,0,0,0,0,0,0,0,0,0,0,0,0,0,0,0,0,0,0,0,0,0,0,0,0,0,0],
[0,0,0,0,0,0,0,0,0,0,0,0,0,0,0,23.50,23.50,23.50,23.50,23.50,23.50,23.50,23.50,23.50,23.50,23.50,23.50,23.50,0,0,0,0,0,23.50,23.50,23.50,23.50,23.50,23.50,23.50,23.50,23.50,23.50,23.50,23.50,23.50,23.50,23.50,23.50,23.50,23.50,23.50,23.50,23.50,23.50,23.50,23.50,23.50,23.50,23.50,23.50,23.50,23.50,0,0,0,0,0,0,0,0,0,0,0,0,0,0,0,0,0,0,0,0,0,0,0,0,0,0,0,0,0,0,0,0,0,0,0,0,0],
[0,0,0,0,0,0,0,0,0,0,0,0,0,0,0,0,23.50,23.50,23.50,23.50,23.50,23.50,23.50,23.50,23.50,23.50,23.50,23.50,0,0,0,0,0,23.50,23.50,23.50,23.50,23.50,23.50,23.50,23.50,23.50,23.50,23.50,23.50,23.50,23.50,23.50,23.50,23.50,23.50,23.50,23.50,23.50,23.50,23.50,23.50,23.50,23.50,23.50,23.50,23.50,23.50,23.50,23.50,23.50,0,0,0,0,0,0,0,0,0,0,0,0,0,0,0,0,0,0,0,0,0,0,0,0,0,0,0,0,0,0,0,0,0,0],
[0,0,0,0,0,0,0,0,0,0,0,0,0,0,0,0,23.50,23.50,23.50,23.50,23.50,23.50,23.50,23.50,23.50,23.50,23.50,23.50,23.50,23.50,23.50,23.50,23.50,23.50,23.50,23.50,23.50,23.50,23.50,23.50,23.50,23.50,23.50,23.50,23.50,23.50,23.50,23.50,23.50,23.50,23.50,23.50,0,0,0,23.50,23.50,23.50,23.50,23.50,23.50,23.50,23.50,23.50,23.50,23.50,23.50,0,0,0,0,0,0,0,0,0,0,0,0,0,0,0,0,0,0,0,0,0,0,0,0,0,0,0,0,0,0,0,0,0],
[0,0,0,0,0,0,0,0,0,0,0,0,0,0,0,0,23.50,23.50,23.50,23.50,23.50,23.50,23.50,23.50,23.50,23.50,23.50,23.50,23.50,23.50,23.50,23.50,23.50,23.50,23.50,23.50,23.50,23.50,23.50,23.50,23.50,23.50,23.50,23.50,23.50,23.50,23.50,23.50,23.50,23.50,23.50,0,0,0,0,0,23.50,23.50,23.50,23.50,23.50,23.50,23.50,23.50,23.50,23.50,23.50,23.50,0,0,0,0,0,0,0,0,0,0,0,0,0,0,0,0,0,0,0,0,0,0,0,0,0,0,0,0,0,0,0,0],
[0,0,0,0,0,0,0,0,0,0,0,0,0,0,0,0,0,23.50,23.50,23.50,23.50,23.50,23.50,23.50,23.50,23.50,23.50,23.50,23.50,23.50,23.50,23.50,23.50,23.50,23.50,23.50,23.50,23.50,23.50,23.50,23.50,23.50,23.50,23.50,23.50,23.50,23.50,23.50,23.50,23.50,23.50,0,0,0,0,0,0,23.50,23.50,23.50,23.50,23.50,23.50,23.50,23.50,23.50,23.50,23.50,0,0,0,0,0,0,0,0,0,0,0,0,0,0,0,0,0,0,0,0,0,0,0,0,0,0,0,0,0,0,0,0],
[0,0,0,0,0,0,0,0,0,0,0,0,0,0,0,0,0,0,23.50,23.50,23.50,23.50,23.50,23.50,23.50,23.50,23.50,23.50,23.50,23.50,23.50,23.50,23.50,23.50,23.50,23.50,23.50,23.50,23.50,23.50,23.50,23.50,23.50,23.50,23.50,23.50,23.50,23.50,23.50,23.50,23.50,23.50,0,0,0,0,0,23.50,23.50,23.50,23.50,23.50,23.50,23.50,23.50,23.50,23.50,23.50,0,0,0,0,0,0,0,0,0,0,0,0,0,0,0,0,0,0,0,0,0,0,0,0,0,0,0,0,0,0,0,0],
[0,0,0,0,0,0,0,0,0,0,0,0,0,0,0,0,0,0,0,0,0,0,0,0,0,23.50,23.50,23.50,23.50,23.50,23.50,23.50,23.50,23.50,23.50,23.50,23.50,23.50,23.50,23.50,23.50,23.50,23.50,23.50,23.50,23.50,23.50,23.50,23.50,23.50,23.50,23.50,23.50,0,0,23.50,23.50,23.50,23.50,23.50,23.50,23.50,23.50,23.50,23.50,23.50,23.50,23.50,0,0,0,0,0,0,0,0,0,0,0,0,0,0,0,0,0,0,0,0,0,0,0,0,0,0,0,0,0,0,0,0],
[0,0,0,0,0,0,0,0,0,0,0,0,0,0,0,0,0,0,0,0,0,0,0,0,0,0,23.50,23.50,23.50,23.50,23.50,23.50,23.50,23.50,23.50,23.50,23.50,23.50,23.50,23.50,23.50,23.50,23.50,23.50,23.50,23.50,23.50,23.50,23.50,23.50,23.50,23.50,23.50,23.50,23.50,23.50,23.50,23.50,23.50,23.50,23.50,23.50,23.50,23.50,23.50,23.50,23.50,23.50,0,0,0,0,0,0,0,0,0,0,0,0,0,0,0,0,0,0,0,0,0,0,0,0,0,0,0,0,0,0,0,0],
[0,0,0,0,0,0,0,0,0,0,0,0,0,0,0,0,0,0,0,0,0,0,0,0,0,0,0,23.50,23.50,23.50,23.50,23.50,23.50,23.50,23.50,23.50,23.50,23.50,23.50,23.50,23.50,23.50,23.50,23.50,23.50,23.50,23.50,23.50,23.50,23.50,23.50,23.50,23.50,23.50,23.50,23.50,23.50,23.50,23.50,23.50,23.50,23.50,23.50,23.50,23.50,23.50,23.50,0,0,0,0,0,0,0,0,0,0,0,0,0,0,0,0,0,0,0,0,0,0,0,0,0,0,0,0,0,0,0,0,0],
[0,0,0,0,0,0,0,0,0,0,0,0,0,0,0,0,0,0,0,0,0,0,0,0,0,0,0,0,23.50,23.50,23.50,23.50,23.50,23.50,23.50,23.50,23.50,23.50,23.50,23.50,23.50,23.50,23.50,23.50,23.50,23.50,23.50,23.50,23.50,23.50,23.50,23.50,23.50,23.50,23.50,23.50,23.50,23.50,23.50,23.50,23.50,23.50,23.50,23.50,23.50,23.50,0,0,0,0,0,0,0,0,0,0,0,0,0,0,0,0,0,0,0,0,0,0,0,0,0,0,0,0,0,0,0,0,0,0],
[0,0,0,0,0,0,0,0,0,0,0,0,0,0,0,0,0,0,0,0,0,0,0,0,0,0,0,0,0,23.50,23.50,23.50,23.50,23.50,23.50,23.50,23.50,23.50,23.50,23.50,23.50,23.50,23.50,23.50,23.50,23.50,23.50,23.50,23.50,23.50,23.50,23.50,23.50,23.50,23.50,23.50,23.50,23.50,23.50,23.50,23.50,23.50,23.50,23.50,23.50,0,0,0,0,0,0,0,0,0,0,0,0,0,0,0,0,0,0,0,0,0,0,0,0,0,0,0,0,0,0,0,0,0,0,0],
[0,0,0,0,0,0,0,0,0,0,0,0,0,0,0,0,0,0,0,0,0,0,0,0,0,0,0,0,0,0,23.50,23.50,23.50,23.50,23.50,23.50,23.50,23.50,23.50,23.50,23.50,23.50,23.50,23.50,23.50,23.50,23.50,23.50,23.50,23.50,23.50,23.50,23.50,23.50,23.50,23.50,23.50,23.50,23.50,23.50,23.50,23.50,23.50,23.50,0,0,0,0,0,0,0,0,0,0,0,0,0,0,0,0,0,0,0,0,0,0,0,0,0,0,0,0,0,0,0,0,0,0,0,0],
[0,0,0,0,0,0,0,0,0,0,0,0,0,0,0,0,0,0,0,0,0,0,0,0,0,0,0,0,0,0,0,0,23.50,23.50,23.50,23.50,23.50,23.50,23.50,23.50,23.50,23.50,23.50,23.50,23.50,23.50,23.50,23.50,23.50,23.50,23.50,23.50,23.50,23.50,23.50,23.50,23.50,23.50,23.50,23.50,23.50,23.50,23.50,0,0,0,0,0,0,0,0,0,0,0,0,0,0,0,0,0,0,0,0,0,0,0,0,0,0,0,0,0,0,0,0,0,0,0,0,0],
[0,0,0,0,0,0,0,0,0,0,0,0,0,0,0,0,0,0,0,0,0,0,0,0,0,0,0,0,0,0,0,0,0,0,23.50,23.50,23.50,23.50,23.50,23.50,23.50,23.50,23.50,23.50,23.50,23.50,23.50,23.50,23.50,23.50,23.50,23.50,23.50,23.50,23.50,23.50,23.50,23.50,23.50,23.50,0,0,0,0,0,0,0,0,0,0,0,0,0,0,0,0,0,0,0,0,0,0,0,0,0,0,0,0,0,0,0,0,0,0,0,0,0,0,0,0],
[0,0,0,0,0,0,0,0,0,0,0,0,0,0,0,0,0,0,0,0,0,0,0,0,0,0,0,0,0,0,0,0,0,0,0,0,23.50,23.50,23.50,23.50,23.50,23.50,23.50,23.50,23.50,23.50,23.50,23.50,23.50,23.50,23.50,23.50,23.50,23.50,23.50,23.50,23.50,0,0,0,0,0,0,0,0,0,0,0,0,0,0,0,0,0,0,0,0,0,0,0,0,0,0,0,0,0,0,0,0,0,0,0,0,0,0,0,0,0,0,0],
[0,0,0,0,0,0,0,0,0,0,0,0,0,0,0,0,0,0,0,0,0,0,0,0,0,0,0,0,0,0,0,0,0,0,0,0,0,0,0,23.50,23.50,23.50,23.50,23.50,23.50,23.50,23.50,23.50,23.50,23.50,23.50,23.50,0,0,0,0,0,0,0,0,0,0,0,0,0,0,0,0,0,0,0,0,0,0,0,0,0,0,0,0,0,0,0,0,0,0,0,0,0,0,0,0,0,0,0,0,0,0,0,0],
[0,0,0,0,0,0,0,0,0,0,0,0,0,0,0,0,0,0,0,0,0,0,0,0,0,0,0,0,0,0,0,0,0,0,0,0,0,0,0,0,0,0,0,0,0,0,23.50,23.50,23.50,23.50,23.50,23.50,0,0,0,0,0,0,0,0,0,0,0,0,0,0,0,0,0,0,0,0,0,0,0,0,0,0,0,0,0,0,0,0,0,0,0,0,0,0,0,0,0,0,0,0,0,0,0,0],
[0,0,0,0,0,0,0,0,0,0,0,0,0,0,0,0,0,0,0,0,0,0,0,0,0,0,0,0,0,0,0,0,0,0,0,0,0,0,0,0,0,0,0,0,0,0,0,23.50,23.50,23.50,23.50,23.50,0,0,0,0,0,0,0,0,0,0,0,0,0,0,0,0,0,0,0,0,0,0,0,0,0,0,0,0,0,0,0,0,0,0,0,0,0,0,0,0,0,0,0,0,0,0,0,0],
[0,0,0,0,0,0,0,0,0,0,0,0,0,0,0,0,0,0,0,0,0,0,0,0,0,0,0,0,0,0,0,0,0,0,0,0,0,0,0,0,0,0,0,0,0,0,0,23.50,23.50,23.50,23.50,23.50,0,0,0,0,0,0,0,0,0,0,0,0,0,0,0,0,0,0,0,0,0,0,0,0,0,0,0,0,0,0,0,0,0,0,0,0,0,0,0,0,0,0,0,0,0,0,0,0],
[0,0,0,0,0,0,0,0,0,0,0,0,0,0,0,0,0,0,0,0,0,0,0,0,0,0,0,0,0,0,0,0,0,0,0,0,0,0,0,0,0,0,0,0,0,0,0,23.50,23.50,23.50,23.50,23.50,0,0,0,0,0,0,0,0,0,0,0,0,0,0,0,0,0,0,0,0,0,0,0,0,0,0,0,0,0,0,0,0,0,0,0,0,0,0,0,0,0,0,0,0,0,0,0,0],
[0,0,0,0,0,0,0,0,0,0,0,0,0,0,0,0,0,0,0,0,0,0,0,0,0,0,0,0,0,0,0,0,0,0,0,0,0,0,0,0,0,0,0,0,0,0,0,23.50,23.50,23.50,23.50,23.50,0,0,0,0,0,0,0,0,0,0,0,0,0,0,0,0,0,0,0,0,0,0,0,0,0,0,0,0,0,0,0,0,0,0,0,0,0,0,0,0,0,0,0,0,0,0,0,0],
[0,0,0,0,0,0,0,0,0,0,0,0,0,0,0,0,0,0,0,0,0,0,0,0,0,0,0,0,0,0,0,0,0,0,0,0,0,0,0,0,0,0,0,0,0,0,0,23.50,23.50,23.50,23.50,23.50,0,0,0,0,0,0,0,0,0,0,0,0,0,0,0,0,0,0,0,0,0,0,0,0,0,0,0,0,0,0,0,0,0,0,0,0,0,0,0,0,0,0,0,0,0,0,0,0],
[0,0,0,0,0,0,0,0,0,0,0,0,0,0,0,0,0,0,0,0,0,0,0,0,0,0,0,0,0,0,0,0,0,0,0,0,0,0,0,0,0,0,0,0,0,0,0,23.50,23.50,23.50,23.50,23.50,0,0,0,0,0,0,0,0,0,0,0,0,0,0,0,0,0,0,0,0,0,0,0,0,0,0,0,0,0,0,0,0,0,0,0,0,0,0,0,0,0,0,0,0,0,0,0,0],
[0,0,0,0,0,0,0,0,0,0,0,0,0,0,0,0,0,0,0,0,0,0,0,0,0,0,0,0,0,0,0,0,0,0,0,0,0,0,0,0,0,0,0,0,0,0,0,23.50,23.50,23.50,23.50,23.50,0,0,0,0,0,0,0,0,0,0,0,0,0,0,0,0,0,0,0,0,0,0,0,0,0,0,0,0,0,0,0,0,0,0,0,0,0,0,0,0,0,0,0,0,0,0,0,0],
[0,0,0,0,0,0,0,0,0,0,0,0,0,0,0,0,0,0,0,0,0,0,0,0,0,0,0,0,0,0,0,0,0,0,0,0,0,0,0,0,0,0,0,0,0,0,0,23.50,23.50,23.50,23.50,23.50,0,0,0,0,0,0,0,0,0,0,0,0,0,0,0,0,0,0,0,0,0,0,0,0,0,0,0,0,0,0,0,0,0,0,0,0,0,0,0,0,0,0,0,0,0,0,0,0],
[0,0,0,0,0,0,0,0,0,0,0,0,0,0,0,0,0,0,0,0,0,0,0,0,0,0,0,0,0,0,0,0,0,0,0,0,0,0,0,0,0,0,0,0,0,0,0,23.50,23.50,23.50,23.50,23.50,0,0,0,0,0,0,0,0,0,0,0,0,0,0,0,0,0,0,0,0,0,0,0,0,0,0,0,0,0,0,0,0,0,0,0,0,0,0,0,0,0,0,0,0,0,0,0,0],
[0,0,0,0,0,0,0,0,0,0,0,0,0,0,0,0,0,0,0,0,0,0,0,0,0,0,0,0,0,0,0,0,0,0,0,0,0,0,0,0,0,0,0,0,0,0,0,23.50,23.50,23.50,23.50,23.50,0,0,0,0,0,0,0,0,0,0,0,0,0,0,0,0,0,0,0,0,0,0,0,0,0,0,0,0,0,0,0,0,0,0,0,0,0,0,0,0,0,0,0,0,0,0,0,0],
[0,0,0,0,0,0,0,0,0,0,0,0,0,0,0,0,0,0,0,0,0,0,0,0,0,0,0,0,0,0,0,0,0,0,0,0,0,0,0,0,0,0,0,0,0,0,0,23.50,23.50,23.50,23.50,23.50,0,0,0,0,0,0,0,0,0,0,0,0,0,0,0,0,0,0,0,0,0,0,0,0,0,0,0,0,0,0,0,0,0,0,0,0,0,0,0,0,0,0,0,0,0,0,0,0],
[0,0,0,0,0,0,0,0,0,0,0,0,0,0,0,0,0,0,0,0,0,0,0,0,0,0,0,0,0,0,0,0,0,0,0,0,0,0,0,0,0,0,0,0,0,0,0,23.50,23.50,23.50,23.50,23.50,0,0,0,0,0,0,0,0,0,0,0,0,0,0,0,0,0,0,0,0,0,0,0,0,0,0,0,0,0,0,0,0,0,0,0,0,0,0,0,0,0,0,0,0,0,0,0,0],
[0,0,0,0,0,0,0,0,0,0,0,0,0,0,0,0,0,0,0,0,0,0,0,0,0,0,0,0,0,0,0,0,0,0,0,0,0,0,0,0,0,0,0,0,0,0,0,23.50,23.50,23.50,23.50,23.50,0,0,0,0,0,0,0,0,0,0,0,0,0,0,0,0,0,0,0,0,0,0,0,0,0,0,0,0,0,0,0,0,0,0,0,0,0,0,0,0,0,0,0,0,0,0,0,0],
[0,0,0,0,0,0,0,0,0,0,0,0,0,0,0,0,0,0,0,0,0,0,0,0,0,0,0,0,0,0,0,0,0,0,0,0,0,0,0,0,0,0,0,0,0,0,0,23.50,23.50,23.50,23.50,23.50,0,0,0,0,0,0,0,0,0,0,0,0,0,0,0,0,0,0,0,0,0,0,0,0,0,0,0,0,0,0,0,0,0,0,0,0,0,0,0,0,0,0,0,0,0,0,0,0],
[0,0,0,0,0,0,0,0,0,0,0,0,0,0,0,0,0,0,0,0,0,0,0,0,0,0,0,0,0,0,0,0,0,0,0,0,0,0,0,0,0,0,0,0,0,0,0,23.50,23.50,23.50,23.50,23.50,0,0,0,0,0,0,0,0,0,0,0,0,0,0,0,0,0,0,0,0,0,0,0,0,0,0,0,0,0,0,0,0,0,0,0,0,0,0,0,0,0,0,0,0,0,0,0,0],
[0,0,0,0,0,0,0,0,0,0,0,0,0,0,0,0,0,0,0,0,0,0,0,0,0,0,0,0,0,0,0,0,0,0,0,0,0,0,0,0,0,0,0,0,0,0,0,23.50,23.50,23.50,23.50,23.50,0,0,0,0,0,0,0,0,0,0,0,0,0,0,0,0,0,0,0,0,0,0,0,0,0,0,0,0,0,0,0,0,0,0,0,0,0,0,0,0,0,0,0,0,0,0,0,0],
[0,0,0,0,0,0,0,0,0,0,0,0,0,0,0,0,0,0,0,0,0,0,0,0,0,0,0,0,0,0,0,0,0,0,0,0,0,0,0,0,0,0,0,0,0,0,0,23.50,23.50,23.50,23.50,23.50,0,0,0,0,0,0,0,0,0,0,0,0,0,0,0,0,0,0,0,0,0,0,0,0,0,0,0,0,0,0,0,0,0,0,0,0,0,0,0,0,0,0,0,0,0,0,0,0],
[0,0,0,0,0,0,0,0,0,0,0,0,0,0,0,0,0,0,0,0,0,0,0,0,0,0,0,0,0,0,0,0,0,0,0,0,0,0,0,0,0,0,0,0,0,0,0,23.50,23.50,23.50,23.50,23.50,0,0,0,0,0,0,0,0,0,0,0,0,0,0,0,0,0,0,0,0,0,0,0,0,0,0,0,0,0,0,0,0,0,0,0,0,0,0,0,0,0,0,0,0,0,0,0,0],
[0,0,0,0,0,0,0,0,0,0,0,0,0,0,0,0,0,0,0,0,0,0,0,0,0,0,0,0,0,0,0,0,0,0,0,0,0,0,0,0,0,0,0,0,0,0,0,23.50,23.50,23.50,23.50,23.50,0,0,0,0,0,0,0,0,0,0,0,0,0,0,0,0,0,0,0,0,0,0,0,0,0,0,0,0,0,0,0,0,0,0,0,0,0,0,0,0,0,0,0,0,0,0,0,0],
[0,0,0,0,0,0,0,0,0,0,0,0,0,0,0,0,0,0,0,0,0,0,0,0,0,0,0,0,0,0,0,0,0,0,0,0,0,0,0,0,0,0,0,0,0,0,0,23.50,23.50,23.50,23.50,23.50,0,0,0,0,0,0,0,0,0,0,0,0,0,0,0,0,0,0,0,0,0,0,0,0,0,0,0,0,0,0,0,0,0,0,0,0,0,0,0,0,0,0,0,0,0,0,0,0],
[0,0,0,0,0,0,0,0,0,0,0,0,0,0,0,0,0,0,0,0,0,0,0,0,0,0,0,0,0,0,0,0,0,0,0,0,0,0,0,0,0,0,0,0,0,0,0,23.50,23.50,23.50,23.50,23.50,0,0,0,0,0,0,0,0,0,0,0,0,0,0,0,0,0,0,0,0,0,0,0,0,0,0,0,0,0,0,0,0,0,0,0,0,0,0,0,0,0,0,0,0,0,0,0,0],
[0,0,0,0,0,0,0,0,0,0,0,0,0,0,0,0,0,0,0,0,0,0,0,0,0,0,0,0,0,0,0,0,0,0,0,0,0,0,0,0,0,0,0,0,0,0,0,23.50,23.50,23.50,23.50,23.50,0,0,0,0,0,0,0,0,0,0,0,0,0,0,0,0,0,0,0,0,0,0,0,0,0,0,0,0,0,0,0,0,0,0,0,0,0,0,0,0,0,0,0,0,0,0,0,0],
[0,0,0,0,0,0,0,0,0,0,0,0,0,0,0,0,0,0,0,0,0,0,0,0,0,0,0,0,0,0,0,0,0,0,0,0,0,0,0,0,0,0,0,0,0,0,0,23.50,23.50,23.50,23.50,23.50,0,0,0,0,0,0,0,0,0,0,0,0,0,0,0,0,0,0,0,0,0,0,0,0,0,0,0,0,0,0,0,0,0,0,0,0,0,0,0,0,0,0,0,0,0,0,0,0],
[0,0,0,0,0,0,0,0,0,0,0,0,0,0,0,0,0,0,0,0,0,0,0,0,0,0,0,0,0,0,0,0,0,0,0,0,0,0,0,0,0,0,0,0,0,0,0,23.50,23.50,23.50,23.50,23.50,0,0,0,0,0,0,0,0,0,0,0,0,0,0,0,0,0,0,0,0,0,0,0,0,0,0,0,0,0,0,0,0,0,0,0,0,0,0,0,0,0,0,0,0,0,0,0,0],
[0,0,0,0,0,0,0,0,0,0,0,0,0,0,0,0,0,0,0,0,0,0,0,0,0,0,0,0,0,0,0,0,0,0,0,0,0,0,0,0,0,0,0,0,0,0,0,23.50,23.50,23.50,23.50,23.50,0,0,0,0,0,0,0,0,0,0,0,0,0,0,0,0,0,0,0,0,0,0,0,0,0,0,0,0,0,0,0,0,0,0,0,0,0,0,0,0,0,0,0,0,0,0,0,0],
[0,0,0,0,0,0,0,0,0,0,0,0,0,0,0,0,0,0,0,0,0,0,0,0,0,0,0,0,0,0,0,0,0,0,0,0,0,0,0,0,0,0,0,0,0,0,0,23.50,23.50,23.50,23.50,23.50,23.50,0,0,0,0,0,0,0,0,0,0,0,0,0,0,0,0,0,0,0,0,0,0,0,0,0,0,0,0,0,0,0,0,0,0,0,0,0,0,0,0,0,0,0,0,0,0,0],
[0,0,0,0,0,0,0,0,0,0,0,0,0,0,0,0,0,0,0,0,0,0,0,0,0,0,0,0,0,0,0,0,0,0,0,0,0,0,0,0,0,0,0,0,0,23.50,23.50,23.50,23.50,23.50,23.50,23.50,23.50,23.50,23.50,23.50,23.50,23.50,0,0,0,0,0,0,0,0,0,0,0,0,0,0,0,0,0,0,0,0,0,0,0,0,0,0,0,0,0,0,0,0,0,0,0,0,0,0,0,0,0,0],
[0,0,0,0,0,0,0,0,0,0,0,0,0,0,0,0,0,0,0,0,0,0,0,0,0,0,0,0,0,0,0,0,0,0,0,0,0,0,0,0,0,0,0,0,23.50,23.50,23.50,23.50,23.50,23.50,23.50,23.50,23.50,23.50,23.50,23.50,23.50,23.50,23.50,0,0,0,0,0,0,0,0,0,0,0,0,0,0,0,0,0,0,0,0,0,0,0,0,0,0,0,0,0,0,0,0,0,0,0,0,0,0,0,0,0],
[0,0,0,0,0,0,0,0,0,0,0,0,0,0,0,0,0,0,0,0,0,0,0,0,0,0,0,0,0,0,0,0,0,0,0,0,0,0,0,0,0,0,0,0,23.50,23.50,23.50,23.50,23.50,23.50,23.50,23.50,23.50,23.50,23.50,23.50,23.50,23.50,23.50,23.50,0,0,0,0,0,0,0,0,0,0,0,0,0,0,0,0,0,0,0,0,0,0,0,0,0,0,0,0,0,0,0,0,0,0,0,0,0,0,0,0],
[0,0,0,0,0,0,0,0,0,0,0,0,0,0,0,0,0,0,0,0,0,0,0,0,0,0,0,0,0,0,0,0,0,0,0,0,0,0,0,0,0,0,0,0,23.50,23.50,23.50,23.50,23.50,23.50,23.50,23.50,23.50,23.50,23.50,23.50,23.50,23.50,23.50,23.50,0,0,0,0,0,0,0,0,0,0,0,0,0,0,0,0,0,0,0,0,0,0,0,0,0,0,0,0,0,0,0,0,0,0,0,0,0,0,0,0],
[0,0,0,0,0,0,0,0,0,0,0,0,0,0,0,0,0,0,0,0,0,0,0,0,0,0,0,0,0,0,0,0,0,0,0,0,0,0,0,0,0,0,0,0,23.50,23.50,23.50,23.50,23.50,23.50,23.50,23.50,23.50,23.50,23.50,23.50,23.50,23.50,23.50,23.50,23.50,0,0,0,0,0,0,0,0,0,0,0,0,0,0,0,0,0,0,0,0,0,0,0,0,0,0,0,0,0,0,0,0,0,0,0,0,0,0,0],
[0,0,0,0,0,0,0,0,0,0,0,0,0,0,0,0,0,0,0,0,0,0,0,0,0,0,0,0,0,0,0,0,0,0,0,0,0,0,0,0,0,0,0,23.50,23.50,23.50,23.50,23.50,23.50,23.50,23.50,23.50,23.50,23.50,23.50,23.50,23.50,23.50,23.50,23.50,23.50,23.50,0,0,0,0,0,0,0,0,0,0,0,0,0,0,0,0,0,0,0,0,0,0,0,0,0,0,0,0,0,0,0,0,0,0,0,0,0,0],
[0,0,0,0,0,0,0,0,0,0,0,0,0,0,0,0,0,0,0,0,0,0,0,0,0,0,0,0,0,0,0,0,0,0,0,0,0,0,0,0,0,0,0,23.50,23.50,23.50,23.50,23.50,23.50,23.50,23.50,23.50,23.50,23.50,23.50,23.50,23.50,23.50,23.50,23.50,23.50,23.50,23.50,0,0,0,0,0,0,0,0,0,0,0,0,0,0,0,0,0,0,0,0,0,0,0,0,0,0,0,0,0,0,0,0,0,0,0,0,0],
[0,0,0,0,0,0,0,0,0,0,0,0,0,0,0,0,0,0,0,0,0,0,0,0,0,0,0,0,0,0,0,0,0,0,0,0,0,0,0,0,0,0,23.50,23.50,23.50,23.50,23.50,23.50,23.50,23.50,23.50,23.50,23.50,23.50,23.50,23.50,23.50,23.50,23.50,23.50,23.50,23.50,23.50,23.50,0,0,0,0,0,0,0,0,0,0,0,0,0,0,0,0,0,0,0,0,0,0,0,0,0,0,0,0,0,0,0,0,0,0,0,0],
[0,0,0,0,0,0,0,0,0,0,0,0,0,0,0,0,0,0,0,0,0,0,0,0,0,0,0,0,0,0,0,0,0,0,0,0,0,0,0,0,0,0,23.50,23.50,23.50,23.50,23.50,23.50,23.50,23.50,23.50,23.50,23.50,23.50,23.50,23.50,23.50,23.50,23.50,23.50,23.50,23.50,23.50,23.50,23.50,0,0,0,0,0,0,0,0,0,0,0,0,0,0,25.50,25.50,0,0,0,0,0,0,0,0,0,0,0,0,0,0,0,0,0,0,0],
[0,0,0,0,0,0,0,0,0,0,0,0,0,0,0,0,0,0,0,0,0,0,0,0,0,0,0,0,0,0,0,0,0,0,0,0,0,0,0,0,0,23.50,23.50,23.50,23.50,23.50,23.50,23.50,23.50,23.50,23.50,23.50,23.50,23.50,23.50,23.50,23.50,23.50,23.50,23.50,23.50,23.50,23.50,23.50,23.50,23.50,0,0,0,0,0,0,0,0,0,0,0,25.50,25.50,25.50,25.50,0,0,0,0,0,0,0,0,0,0,0,0,0,0,0,0,0,0,0],
[0,0,0,0,0,0,0,0,0,0,0,0,0,0,0,0,0,0,0,0,0,0,0,0,0,0,0,0,0,0,0,0,0,0,0,0,0,0,0,0,0,23.50,23.50,23.50,23.50,23.50,23.50,23.50,23.50,23.50,23.50,23.50,23.50,23.50,23.50,23.50,23.50,23.50,23.50,23.50,23.50,23.50,23.50,23.50,23.50,23.50,23.50,23.50,23.50,0,0,0,24.63,25.08,25.41,25.55,25.50,25.50,25.50,25.50,25.50,0,0,0,0,0,0,0,0,0,0,0,0,0,0,0,0,0,0,0],
[0,0,0,0,0,0,0,0,0,0,0,0,0,0,0,0,0,0,0,0,0,0,0,0,0,0,0,0,0,0,0,0,0,0,0,0,0,0,0,0,0,23.50,23.50,23.50,23.50,23.50,23.50,23.50,23.50,23.50,23.50,23.50,23.50,23.50,23.50,23.50,23.50,23.50,23.50,23.50,23.50,23.50,23.50,23.50,23.50,23.50,23.50,23.50,23.50,23.50,23.50,24.10,24.56,25.03,25.47,25.55,25.50,25.50,25.50,25.50,25.50,0,0,0,0,0,0,0,0,0,0,0,0,0,0,0,0,0,0,0],
[0,0,0,0,0,0,0,0,0,0,0,0,0,0,0,0,0,0,0,0,0,0,0,0,0,0,0,0,0,0,0,0,0,0,0,0,0,0,0,0,0,23.50,23.50,23.50,23.50,23.50,23.50,23.50,23.50,23.50,23.50,23.50,23.50,23.50,23.50,23.50,23.50,23.50,23.50,23.50,23.50,23.50,23.50,23.50,23.50,23.50,23.50,23.50,23.50,23.50,23.50,24.12,24.60,25.09,25.55,25.54,25.51,25.50,25.50,25.50,25.50,0,0,0,0,0,0,0,0,0,0,0,0,0,0,0,0,0,0,0],
[0,0,0,0,0,0,0,0,0,0,0,0,0,0,0,0,0,0,0,0,0,0,0,0,0,0,0,0,0,0,0,0,0,0,0,0,0,0,0,0,0,23.50,23.50,23.50,23.50,23.50,23.50,23.50,23.50,23.50,23.50,23.50,23.50,23.50,23.50,23.50,23.50,23.50,23.50,23.50,23.50,23.50,23.50,23.50,23.50,23.50,23.50,23.50,23.50,23.50,23.67,24.14,24.62,25.11,25.57,25.56,25.52,25.50,25.50,25.50,25.50,25.50,0,0,0,0,0,0,0,0,0,0,0,0,0,0,0,0,0,0],
[0,0,0,0,0,0,0,0,0,0,0,0,0,0,0,0,0,0,0,0,0,0,0,0,0,0,0,0,0,0,0,0,0,0,0,0,0,0,0,0,0,23.50,23.50,23.50,23.50,23.50,23.50,23.50,23.50,23.50,23.50,23.50,23.50,23.50,23.50,23.50,23.50,23.50,23.50,23.50,23.50,23.50,23.50,23.50,23.50,23.50,23.50,23.50,23.50,23.50,23.70,24.16,24.65,25.10,25.54,25.54,25.53,25.50,25.50,25.50,25.50,25.50,0,0,0,0,0,0,0,0,0,0,0,0,0,0,0,0,0,0],
[0,0,0,0,0,0,0,0,0,0,0,0,0,0,0,0,0,0,0,0,0,0,0,0,0,0,0,0,0,0,0,0,0,0,0,0,0,0,0,0,0,23.50,23.50,23.50,23.50,23.50,23.50,23.50,23.50,23.50,23.50,23.50,23.50,23.50,23.50,23.50,23.50,23.50,23.50,23.50,23.50,23.50,23.50,23.50,23.50,23.50,23.50,23.50,23.50,23.50,23.73,24.17,24.63,25.08,25.52,25.52,25.52,25.51,25.50,25.50,25.50,25.50,0,0,0,0,0,0,0,0,0,0,0,0,0,0,0,0,0,0],
[0,0,0,0,0,0,0,0,0,0,0,0,0,0,0,0,0,0,0,0,0,0,0,0,0,0,0,0,0,0,0,0,0,0,0,0,0,0,0,0,0,23.50,23.50,23.50,23.50,23.50,23.50,23.50,23.50,23.50,23.50,23.50,23.50,23.50,23.50,23.50,23.50,23.50,23.50,23.50,23.50,23.50,23.50,23.50,23.50,23.50,23.50,23.50,23.50,23.50,23.76,24.18,24.63,25.08,25.50,25.50,25.50,25.50,25.50,25.50,25.50,25.50,0,0,0,0,0,0,0,0,0,0,0,0,0,0,0,0,0,0],
[0,0,0,0,0,0,0,0,0,0,0,0,0,0,0,0,0,0,0,0,0,0,0,0,0,0,0,0,0,0,0,0,0,0,0,0,0,0,0,0,0,23.50,23.50,23.50,23.50,23.50,23.50,23.50,23.50,23.50,23.50,23.50,23.50,23.50,23.50,23.50,23.50,23.50,23.50,23.50,23.50,23.50,23.50,23.50,23.50,23.50,23.50,23.50,23.50,0,0,0,0,0,0,0,0,0,0,0,0,0,0,0,0,0,0,0,0,0,0,0,0,0,0,0,0,0,0,0],
[0,0,0,0,0,0,0,0,0,0,0,0,0,0,0,0,0,0,0,0,0,0,0,0,0,0,0,0,0,0,0,0,0,0,0,0,0,0,0,0,0,0,23.50,23.50,23.50,23.50,23.50,23.50,23.50,23.50,23.50,23.50,23.50,23.50,23.50,23.50,23.50,23.50,23.50,23.50,23.50,23.50,23.50,23.50,23.50,23.50,23.50,23.50,0,0,0,0,0,0,0,0,0,0,0,0,0,0,0,0,0,0,0,0,0,0,0,0,0,0,0,0,0,0,0,0],
[0,0,0,0,0,0,0,0,0,0,0,0,0,0,0,0,0,0,0,0,0,0,0,0,0,0,0,0,0,0,0,0,0,0,0,0,0,0,0,0,0,0,23.50,23.50,23.50,23.50,23.50,23.50,23.50,23.50,23.50,23.50,23.50,23.50,23.50,23.50,23.50,23.50,23.50,23.50,23.50,23.50,23.50,23.50,23.50,23.50,23.50,23.50,0,0,0,0,0,0,0,0,0,0,0,0,0,0,0,0,0,0,0,0,0,0,0,0,0,0,0,0,0,0,0,0],
[0,0,0,0,0,0,0,0,0,0,0,0,0,0,0,0,0,0,0,0,0,0,0,0,0,0,0,0,0,0,0,0,0,0,0,0,0,0,0,0,0,0,23.50,23.50,23.50,23.50,23.50,23.50,23.50,23.50,23.50,23.50,23.50,23.50,23.50,23.50,23.50,23.50,23.50,23.50,23.50,23.50,23.50,23.50,23.50,23.50,23.50,23.50,0,0,0,0,0,0,0,0,0,0,0,0,0,0,0,0,0,0,0,0,0,0,0,0,0,0,0,0,0,0,0,0],
[0,0,0,0,0,0,0,0,0,0,0,0,0,0,0,0,0,0,0,0,0,0,0,0,0,0,0,0,0,0,0,0,0,0,0,0,0,0,0,0,0,0,0,23.50,23.50,23.50,23.50,23.50,23.50,23.50,23.50,23.50,23.50,23.50,23.50,23.50,23.50,23.50,23.50,23.50,23.50,23.50,23.50,23.50,23.50,23.50,23.50,23.50,0,0,0,0,0,0,0,0,0,0,0,0,0,0,0,0,0,0,0,0,0,0,0,0,0,0,0,0,0,0,0,0],
[0,0,0,0,0,0,0,0,0,0,0,0,0,0,0,0,0,0,0,0,0,0,0,0,0,0,0,0,0,0,0,0,0,0,0,0,0,0,0,0,0,0,0,0,23.50,23.50,23.50,23.50,23.50,23.50,23.50,23.50,23.50,23.50,23.50,23.50,23.50,23.50,23.50,23.50,23.50,23.50,23.50,23.50,23.50,23.50,23.50,23.50,0,0,0,0,0,0,0,0,0,0,0,0,0,0,0,0,0,0,0,0,0,0,0,0,0,0,0,0,0,0,0,0],
[0,0,0,0,0,0,0,0,0,0,0,0,0,0,0,0,0,0,0,0,0,0,0,0,0,0,0,0,0,0,0,0,0,0,0,0,0,0,0,0,0,0,0,0,0,23.50,23.50,23.50,23.50,23.50,23.50,23.50,23.50,23.50,23.50,23.50,23.50,23.50,23.50,23.50,23.50,23.50,23.50,23.50,23.50,23.50,23.50,23.50,0,0,0,0,0,0,0,0,0,0,0,0,0,0,0,0,0,0,0,0,0,0,0,0,0,0,0,0,0,0,0,0],
[0,0,0,0,0,0,0,0,0,0,0,0,0,0,0,0,0,0,0,0,0,0,0,0,0,0,0,0,0,0,0,0,0,0,0,0,0,0,0,0,0,0,0,0,0,0,23.50,23.50,23.50,23.50,23.50,23.50,23.50,23.50,23.50,23.50,23.50,23.50,23.50,23.50,23.50,23.50,23.50,23.50,23.50,23.50,23.50,23.50,0,0,0,0,0,0,0,0,0,0,0,0,0,0,0,0,0,0,0,0,0,0,0,0,0,0,0,0,0,0,0,0],
[0,0,0,0,0,0,0,0,0,0,0,0,0,0,0,0,0,0,0,0,0,0,0,0,0,0,0,0,0,0,0,0,0,0,0,0,0,0,0,0,0,0,0,0,0,0,0,23.50,23.50,23.50,23.50,23.50,23.50,23.50,23.50,23.50,23.50,23.50,23.50,23.50,23.50,23.50,23.50,23.50,23.50,23.50,23.50,0,0,0,0,0,0,0,0,0,0,0,0,0,0,0,0,0,0,0,0,0,0,0,0,0,0,0,0,0,0,0,0,0],
[0,0,0,0,0,0,0,0,0,0,0,0,0,0,0,0,0,0,0,0,0,0,0,0,0,0,0,0,0,0,0,0,0,0,0,0,0,0,0,0,0,0,0,0,0,0,0,0,0,0,0,0,0,0,0,0,0,0,23.50,23.50,23.50,23.50,23.50,23.50,23.50,23.50,0,0,0,0,0,0,0,0,0,0,0,0,0,0,0,0,0,0,0,0,0,0,0,0,0,0,0,0,0,0,0,0,0,0],
[0,0,0,0,0,0,0,0,0,0,0,0,0,0,0,0,0,0,0,0,0,0,0,0,0,0,0,0,0,0,0,0,0,0,0,0,0,0,0,0,0,0,0,0,0,0,0,0,0,0,0,0,0,0,0,0,0,0,0,0,0,0,0,0,0,0,0,0,0,0,0,0,0,0,0,0,0,0,0,0,0,0,0,0,0,0,0,0,0,0,0,0,0,0,0,0,0,0,0,0],
[0,0,0,0,0,0,0,0,0,0,0,0,0,0,0,0,0,0,0,0,0,0,0,0,0,0,0,0,0,0,0,0,0,0,0,0,0,0,0,0,0,0,0,0,0,0,0,0,0,0,0,0,0,0,0,0,0,0,0,0,0,0,0,0,0,0,0,0,0,0,0,0,0,0,0,0,0,0,0,0,0,0,0,0,0,0,0,0,0,0,0,0,0,0,0,0,0,0,0,0],
[0,0,0,0,0,0,0,0,0,0,0,0,0,0,0,0,0,0,0,0,0,0,0,0,0,0,0,0,0,0,0,0,0,0,0,0,0,0,0,0,0,0,0,0,0,0,0,0,0,0,0,0,0,0,0,0,0,0,0,0,0,0,0,0,0,0,0,0,0,0,0,0,0,0,0,0,0,0,0,0,0,0,0,0,0,0,0,0,0,0,0,0,0,0,0,0,0,0,0,0],
[0,0,0,0,0,0,0,0,0,0,0,0,0,0,0,0,0,0,0,0,0,0,0,0,0,0,0,0,0,0,0,0,0,0,0,0,0,0,0,0,0,0,0,0,0,0,0,0,0,0,0,0,0,0,0,0,0,0,0,0,0,0,0,0,0,0,0,0,0,0,0,0,0,0,0,0,0,0,0,0,0,0,0,0,0,0,0,0,0,0,0,0,0,0,0,0,0,0,0,0],
[0,0,0,0,0,0,0,0,0,0,0,0,0,0,0,0,0,0,0,0,0,0,0,0,0,0,0,0,0,0,0,0,0,0,0,0,0,0,0,0,0,0,0,0,0,0,0,0,0,0,0,0,0,0,0,0,0,0,0,0,0,0,0,0,0,0,0,0,0,0,0,0,0,0,0,0,0,0,0,0,0,0,0,0,0,0,0,0,0,0,0,0,0,0,0,0,0,0,0,0],
[0,0,0,0,0,0,0,0,0,0,0,0,0,0,0,0,0,0,0,0,0,0,0,0,0,0,0,0,0,0,0,0,0,0,0,0,0,0,0,0,0,0,0,0,0,0,0,0,0,0,0,0,0,0,0,0,0,0,0,0,0,0,0,0,0,0,0,0,0,0,0,0,0,0,0,0,0,0,0,0,0,0,0,0,0,0,0,0,0,0,0,0,0,0,0,0,0,0,0,0],
[0,0,0,0,0,0,0,0,0,0,0,0,0,0,0,0,0,0,0,0,0,0,0,0,0,0,0,0,0,0,0,0,0,0,0,0,0,0,0,0,0,0,0,0,0,0,0,0,0,0,0,0,0,0,0,0,0,0,0,0,0,0,0,0,0,0,0,0,0,0,0,0,0,0,0,0,0,0,0,0,0,0,0,0,0,0,0,0,0,0,0,0,0,0,0,0,0,0,0,0],
[0,0,0,0,0,0,0,0,0,0,0,0,0,0,0,0,0,0,0,0,0,0,0,0,0,0,0,0,0,0,0,0,0,0,0,0,0,0,0,0,0,0,0,0,0,0,0,0,0,0,0,0,0,0,0,0,0,0,0,0,0,0,0,0,0,0,0,0,0,0,0,0,0,0,0,0,0,0,0,0,0,0,0,0,0,0,0,0,0,0,0,0,0,0,0,0,0,0,0,0],
[0,0,0,0,0,0,0,0,0,0,0,0,0,0,0,0,0,0,0,0,0,0,0,0,0,0,0,0,0,0,0,0,0,0,0,0,0,0,0,0,0,0,0,0,0,0,0,0,0,0,0,0,0,0,0,0,0,0,0,0,0,0,0,0,0,0,0,0,0,0,0,0,0,0,0,0,0,0,0,0,0,0,0,0,0,0,0,0,0,0,0,0,0,0,0,0,0,0,0,0],
[0,0,0,0,0,0,0,0,0,0,0,0,0,0,0,0,0,0,0,0,0,0,0,0,0,0,0,0,0,0,0,0,0,0,0,0,0,0,0,0,0,0,0,0,0,0,0,0,0,0,0,0,0,0,0,0,0,0,0,0,0,0,0,0,0,0,0,0,0,0,0,0,0,0,0,0,0,0,0,0,0,0,0,0,0,0,0,0,0,0,0,0,0,0,0,0,0,0,0,0],
[0,0,0,0,0,0,0,0,0,0,0,0,0,0,0,0,0,0,0,0,0,0,0,0,0,0,0,0,0,0,0,0,0,0,0,0,0,0,0,0,0,0,0,0,0,0,0,0,0,0,0,0,0,0,0,0,0,0,0,0,0,0,0,0,0,0,0,0,0,0,0,0,0,0,0,0,0,0,0,0,0,0,0,0,0,0,0,0,0,0,0,0,0,0,0,0,0,0,0,0],
[0,0,0,0,0,0,0,0,0,0,0,0,0,0,0,0,0,0,0,0,0,0,0,0,0,0,0,0,0,0,0,0,0,0,0,0,0,0,0,0,0,0,0,0,0,0,0,0,0,0,0,0,0,0,0,0,0,0,0,0,0,0,0,0,0,0,0,0,0,0,0,0,0,0,0,0,0,0,0,0,0,0,0,0,0,0,0,0,0,0,0,0,0,0,0,0,0,0,0,0],
[0,0,0,0,0,0,0,0,0,0,0,0,0,0,0,0,0,0,0,0,0,0,0,0,0,0,0,0,0,0,0,0,0,0,0,0,0,0,0,0,0,0,0,0,0,0,0,0,0,0,0,0,0,0,0,0,0,0,0,0,0,0,0,0,0,0,0,0,0,0,0,0,0,0,0,0,0,0,0,0,0,0,0,0,0,0,0,0,0,0,0,0,0,0,0,0,0,0,0,0]]