[[0,0,0,0,0,0,0,0,0,0,0,0,0,0,0,0,0,0,0,0,0,0,0,0,0,0,0,0,0,0,0,0,0,0,0,0,0,0,0,0,0,0,0,0,0,0,0,0,0,0,0,0,0,0,0,0,0,0,0,0,0,0,0,0,0,0,0,0,0,0,0,0,0,0,0,0,0,0,0,0,0,0,0,0,0,0,0,0,0,0,0,0,0,0,0,0,0,0,0,0,0,0,0,0,0,0,0,0,0,0,0,0,0,0,0,0,0,0,0,0],
[0,0,0,0,0,0,0,0,0,0,0,0,0,0,0,0,0,0,0,0,0,0,0,0,0,0,0,0,0,0,0,0,0,0,0,0,0,0,0,0,0,0,0,0,0,0,0,0,0,0,0,0,0,0,0,0,0,0,0,0,0,0,0,0,0,0,0,0,0,0,0,0,0,0,0,0,0,0,0,0,0,0,0,0,0,0,0,0,0,0,0,0,0,0,0,0,0,0,0,0,0,0,0,0,0,0,0,0,0,0,0,0,0,0,0,0,0,0,0,0],
[0,0,0,0,0,0,0,0,0,0,0,0,0,0,0,0,0,0,0,0,0,0,0,0,0,0,0,0,0,0,0,0,0,0,0,0,0,0,0,0,0,0,0,0,0,0,0,0,0,0,0,0,0,0,0,0,0,0,0,0,0,0,0,0,0,0,0,0,0,0,0,0,0,0,0,0,0,0,0,0,0,0,0,0,0,0,0,0,0,0,0,0,0,0,0,0,0,0,0,0,0,0,0,0,0,0,0,0,0,0,0,0,0,0,0,0,0,0,0,0],
[0,0,0,0,0,0,0,0,0,0,0,0,0,0,0,0,0,0,0,0,0,0,0,0,0,0,0,0,0,0,0,0,0,0,0,0,0,0,0,0,0,0,0,0,0,0,0,0,0,0,0,0,0,0,0,0,0,0,0,0,0,0,0,0,0,0,0,0,0,0,0,0,0,0,0,0,0,0,0,0,0,0,0,0,0,0,0,0,0,0,0,0,0,0,0,0,0,0,0,0,0,0,0,0,0,0,0,0,0,0,0,0,0,0,0,0,0,0,0,0],
[0,0,0,0,0,0,0,0,0,0,0,0,0,0,0,0,0,0,0,0,0,0,0,0,0,0,0,0,0,0,0,0,0,0,0,0,0,0,0,0,0,0,0,0,0,0,0,0,0,0,0,0,0,0,0,0,0,0,0,0,0,0,0,0,0,0,0,0,0,0,0,0,0,0,0,0,0,0,0,0,0,0,0,0,0,0,0,0,0,0,0,0,0,0,0,0,0,0,0,0,0,0,0,0,0,0,0,0,0,0,0,0,0,0,0,0,0,0,0,0],
[0,0,0,0,0,0,0,0,0,0,0,0,0,0,0,0,0,0,0,0,0,0,0,0,0,0,0,0,0,0,0,0,0,0,0,0,0,0,0,0,0,0,0,0,0,0,0,0,0,0,0,0,0,0,0,0,0,0,0,0,0,0,0,0,0,0,0,0,0,0,0,0,0,0,0,0,0,0,0,0,0,0,0,0,0,0,0,0,0,0,0,0,0,0,0,0,0,0,0,0,0,0,0,0,0,0,0,0,0,0,0,0,0,0,0,0,0,0,0,0],
[0,0,0,0,0,0,0,0,0,0,0,0,0,0,0,0,0,0,0,0,0,0,0,0,0,0,0,0,0,0,0,0,0,0,0,0,0,0,0,0,0,0,0,0,0,0,0,0,0,0,0,0,0,0,0,0,0,0,0,0,0,0,0,0,0,0,0,0,0,0,0,0,0,0,0,0,0,0,0,0,0,0,0,0,0,0,0,0,0,0,0,0,0,0,0,0,0,0,0,0,0,0,0,0,0,0,0,0,0,0,0,0,0,0,0,0,0,0,0,0],
[0,0,0,0,0,0,0,0,0,0,0,0,0,0,0,0,0,0,0,0,0,0,0,0,0,0,0,0,0,0,0,0,0,0,0,0,0,0,0,0,0,0,0,0,0,0,0,0,0,0,0,0,0,0,0,0,0,0,0,0,0,0,0,0,0,0,0,0,0,0,0,0,0,0,0,0,0,0,0,0,0,0,0,0,0,0,0,0,0,0,0,0,0,0,0,0,0,0,0,0,0,0,0,0,0,0,0,0,0,0,0,0,0,0,0,0,0,0,0,0],
[0,0,0,0,0,0,0,0,0,0,0,0,0,0,0,0,0,0,0,0,0,0,0,0,0,0,0,0,0,0,0,0,0,0,0,0,0,0,0,0,0,0,0,0,0,0,0,0,0,0,0,0,0,0,0,0,0,0,0,0,0,0,0,0,0,0,0,0,0,0,0,0,0,0,0,0,0,0,0,0,0,0,0,0,0,0,0,0,0,0,0,0,0,0,0,0,0,0,0,0,0,0,0,0,0,0,0,0,0,0,0,0,0,0,0,0,0,0,0,0],
[0,0,0,0,0,0,0,0,0,0,0,0,0,0,0,0,0,0,0,0,0,0,0,0,0,0,0,0,0,0,0,0,0,0,0,0,0,0,0,0,0,0,0,0,0,0,0,0,0,0,0,0,0,0,0,0,0,0,0,0,0,0,0,0,0,0,0,0,0,0,0,0,0,0,0,0,0,0,0,0,0,0,0,0,0,0,0,0,0,0,0,0,0,0,0,0,0,0,0,0,0,0,0,0,0,0,0,0,0,0,0,0,0,0,0,0,0,0,0,0],
[0,0,0,0,0,0,0,0,0,0,0,0,0,0,0,0,0,0,0,0,0,0,0,0,0,0,0,0,0,0,0,0,0,0,0,0,0,0,0,0,0,0,0,0,0,0,0,0,0,0,0,0,0,0,0,0,0,0,0,0,0,0,0,0,0,0,0,0,0,0,0,0,0,0,0,0,0,0,0,0,0,0,0,0,0,0,0,0,0,0,0,0,0,0,0,0,0,0,0,0,0,0,0,0,0,0,0,0,0,0,0,0,0,0,0,0,0,0,0,0],
[0,0,0,0,0,0,0,0,0,0,0,0,0,0,0,0,0,0,0,0,0,0,0,0,0,0,0,0,0,0,0,0,0,0,0,0,0,0,0,0,0,0,0,0,0,0,0,0,0,0,0,0,0,0,0,0,0,0,0,0,0,0,0,0,0,0,0,0,0,0,0,0,0,0,0,0,0,0,0,0,0,0,0,0,0,0,0,0,0,0,0,0,0,0,0,0,0,0,0,0,0,0,0,0,0,0,0,0,0,0,0,0,0,0,0,0,0,0,0,0],
[0,0,0,0,0,0,0,0,0,0,0,0,0,0,0,0,0,0,0,0,0,0,0,0,0,0,0,0,0,0,0,0,0,0,0,0,0,0,0,0,0,0,0,0,0,0,0,0,0,0,0,0,0,0,0,0,0,0,0,0,0,0,0,0,0,0,0,0,0,0,0,0,0,0,0,0,0,0,0,0,0,0,0,0,0,0,0,0,0,0,0,0,0,0,0,0,0,0,0,0,0,0,0,0,0,0,0,0,0,0,0,0,0,0,0,0,0,0,0,0],
[0,0,0,0,0,0,0,0,0,0,0,0,0,0,0,0,0,0,0,0,0,0,0,0,0,0,0,0,0,0,0,0,0,0,0,0,0,0,0,0,0,0,0,0,0,0,0,0,0,0,0,0,0,0,0,0,0,0,0,0,0,0,0,0,0,0,0,0,0,0,0,0,0,0,0,0,0,0,0,0,0,0,0,0,0,0,0,0,0,0,0,0,0,0,0,0,0,0,0,0,0,0,0,0,0,0,0,0,0,0,0,0,0,0,0,0,0,0,0,0],
[0,0,0,0,0,0,0,0,0,0,0,0,0,0,0,0,0,0,0,0,0,0,0,0,0,0,0,0,0,0,0,0,0,0,0,0,0,0,0,0,0,0,0,0,0,0,0,0,0,0,0,0,0,0,0,0,0,0,0,0,0,0,0,0,0,0,0,0,0,0,0,0,0,0,0,0,0,0,0,0,0,0,0,0,0,0,0,0,0,0,0,0,0,0,0,0,0,0,0,0,0,0,0,0,0,0,0,0,0,0,0,0,0,0,0,0,0,0,0,0],
[0,0,0,0,0,0,0,0,0,0,0,0,0,0,0,0,0,0,0,0,0,0,0,0,0,0,0,0,0,0,0,0,0,0,0,0,0,0,0,0,0,0,0,0,0,0,0,0,0,0,0,0,0,0,0,0,0,0,0,0,0,0,0,0,0,0,0,0,0,0,0,0,0,0,0,0,0,0,0,0,0,0,0,0,0,0,0,0,0,0,0,0,0,0,0,0,0,0,0,0,0,0,0,0,0,0,0,0,0,0,0,0,0,0,0,0,0,0,0,0],
[0,0,0,0,0,0,0,0,0,0,0,0,0,0,0,0,0,0,0,0,0,0,0,0,0,0,0,0,0,0,0,0,0,0,0,0,0,0,0,0,0,0,0,0,0,0,0,0,0,0,0,0,0,0,0,0,0,0,0,0,0,0,0,0,0,0,0,0,0,0,0,0,0,0,0,0,0,0,0,0,0,0,0,0,0,0,0,0,0,0,0,0,0,0,0,0,0,0,0,0,0,0,0,0,0,0,0,0,0,0,0,0,0,0,0,0,0,0,0,0],
[0,0,0,0,0,0,0,0,0,0,0,0,0,0,0,0,0,0,0,0,0,0,0,0,0,0,0,0,0,0,0,0,0,0,0,0,0,0,0,0,0,0,0,0,0,0,0,0,0,0,0,0,0,0,0,0,0,0,0,0,0,0,0,0,0,0,0,0,0,0,0,0,0,0,0,0,0,0,0,0,0,0,0,0,0,0,0,0,0,0,0,0,0,0,0,0,0,0,0,0,0,0,0,0,0,0,0,0,0,0,0,0,0,0,0,0,0,0,0,0],
[0,0,0,0,0,0,0,0,0,0,0,0,0,0,0,0,0,0,0,0,0,0,0,0,0,0,0,0,0,0,0,0,0,0,0,0,0,0,0,0,0,0,0,0,0,0,0,0,0,0,0,0,0,0,0,0,0,0,0,0,0,0,0,0,0,0,0,0,0,0,0,0,0,0,0,0,0,0,0,0,0,0,0,0,0,0,0,0,0,0,0,0,0,0,0,0,0,0,0,0,0,0,0,0,0,0,0,0,0,0,0,0,0,0,0,0,0,0,0,0],
[0,0,0,0,0,0,0,0,0,0,0,0,0,0,0,0,0,0,0,0,0,0,0,0,0,0,0,0,0,0,0,0,0,0,0,0,0,0,0,0,0,0,0,0,0,0,0,0,0,0,0,0,0,0,0,0,0,0,0,0,0,0,0,0,0,0,0,0,0,0,0,0,0,0,0,0,0,0,0,0,0,0,0,0,0,0,0,0,0,0,0,0,0,0,0,0,0,0,0,0,0,0,0,0,0,0,0,0,0,0,0,0,0,0,0,0,0,0,0,0],
[0,0,0,0,0,0,0,0,0,0,0,0,0,0,0,0,0,0,0,0,0,0,0,0,0,0,0,0,0,0,0,0,0,0,0,0,0,0,0,0,0,0,0,0,0,0,0,0,0,0,0,0,0,0,0,0,0,0,0,0,0,0,0,0,0,0,0,0,0,0,0,0,0,0,0,0,0,0,0,0,0,0,0,0,0,0,0,0,0,0,0,0,0,0,0,0,0,0,0,0,0,0,0,0,0,0,0,0,0,0,0,0,0,0,0,0,0,0,0,0],
[0,0,0,0,0,0,0,0,0,0,0,0,0,0,0,0,0,0,0,0,0,0,0,0,0,0,0,0,0,0,0,0,0,0,0,0,0,0,0,0,0,0,0,0,0,0,0,0,0,0,0,0,0,0,0,0,0,0,0,0,0,0,0,0,0,0,0,0,0,0,0,0,0,0,0,0,0,0,0,0,0,0,0,0,0,0,0,0,0,0,0,0,0,0,0,0,0,0,0,0,0,0,0,0,0,0,0,0,0,0,0,0,0,0,0,0,0,0,0,0],
[0,0,0,0,0,0,0,0,0,0,0,0,0,0,0,0,0,0,0,0,0,0,0,0,0,0,0,0,0,0,0,0,0,0,0,0,0,0,0,0,27.67,27.67,27.67,27.67,27.67,27.67,27.67,27.67,27.67,27.67,27.67,0,0,0,0,0,0,0,0,0,0,0,0,0,0,0,0,0,0,0,0,0,0,0,0,0,0,0,0,0,0,0,0,0,0,0,0,0,0,0,0,0,0,0,0,0,0,0,0,0,0,0,0,0,0,0,0,0,0,0,0,0,0,0,0,0,0,0,0,0],
[0,0,0,0,0,0,0,0,0,0,0,0,0,0,0,0,0,0,0,0,0,0,0,0,0,0,0,0,0,0,0,0,0,0,0,0,0,0,27.67,27.67,27.67,27.67,27.67,27.67,27.67,27.67,27.67,27.67,27.67,27.67,27.67,27.67,27.67,27.67,0,0,0,0,0,0,0,0,0,0,0,0,0,0,0,0,0,0,0,0,0,0,0,0,0,0,0,0,0,0,0,0,0,0,0,0,0,0,0,0,0,0,0,0,0,0,0,0,0,0,0,0,0,0,0,0,0,0,0,0,0,0,0,0,0,0],
[0,0,0,0,0,0,0,0,0,0,0,0,0,0,0,0,0,0,0,0,0,0,0,0,0,0,0,0,0,0,0,0,0,0,0,0,0,27.67,27.67,27.67,27.67,27.67,27.67,27.67,27.67,27.67,27.67,27.67,27.67,27.67,27.67,27.67,27.67,27.67,27.67,27.67,27.67,0,27.67,27.67,0,0,0,0,0,0,0,0,0,0,0,0,0,0,0,0,0,0,0,0,0,0,0,0,0,0,0,0,0,0,0,0,0,0,0,0,0,0,0,0,0,0,0,0,0,0,0,0,0,0,0,0,0,0,0,0,0,0,0,0],
[0,0,0,0,0,0,0,0,0,0,0,0,0,0,0,0,0,0,0,0,0,0,0,0,0,0,0,0,0,0,0,0,0,0,0,0,0,27.67,27.67,27.67,27.67,27.67,27.67,27.67,27.67,27.67,27.67,27.67,27.67,27.67,27.67,27.67,27.67,27.67,27.67,27.67,27.67,27.67,27.67,27.67,27.67,27.67,27.67,0,0,0,0,0,0,0,0,0,0,0,0,0,0,0,0,0,0,0,0,0,0,0,0,0,0,0,0,0,0,0,0,0,0,0,0,0,0,0,0,0,0,0,0,0,0,0,0,0,0,0,0,0,0,0,0,0],
[0,0,0,0,0,0,0,0,0,0,0,0,0,0,0,0,0,0,0,0,0,0,0,0,0,0,0,0,0,0,0,0,0,0,0,0,0,27.67,27.67,27.67,27.67,27.67,27.67,27.67,27.67,27.67,27.67,27.67,27.67,27.67,27.67,27.67,27.67,27.67,27.67,27.67,27.67,27.67,27.67,27.67,27.67,27.67,27.67,27.67,0,0,0,0,0,0,0,0,0,0,0,0,0,0,0,0,0,0,0,0,0,0,0,0,0,0,0,0,0,0,0,0,0,0,0,0,0,27.67,0,0,0,0,0,0,0,0,0,0,0,0,0,0,0,0,0,0],
[0,0,0,0,0,0,0,0,0,0,0,0,0,0,0,0,0,0,0,0,0,0,0,0,0,0,0,0,0,0,0,0,0,0,0,0,0,27.67,27.67,27.67,27.67,27.67,27.67,27.67,27.67,27.67,27.67,27.67,27.67,27.67,27.67,27.67,27.67,27.67,27.67,27.67,27.67,27.67,27.67,27.67,27.67,27.67,27.67,27.67,27.67,27.67,0,0,0,0,0,0,0,0,0,0,0,0,0,0,0,0,0,0,0,0,0,0,0,0,0,0,0,0,0,0,0,0,27.67,27.67,27.67,27.67,27.67,0,0,0,0,0,0,0,0,0,0,0,0,0,0,0,0,0],
[0,0,0,0,0,0,0,0,0,0,0,0,0,0,0,0,0,0,0,0,0,0,0,0,0,0,0,0,0,0,0,0,0,0,0,0,27.67,27.67,27.67,27.67,27.67,27.67,27.67,27.67,27.67,27.67,27.67,27.67,27.67,27.67,27.67,27.67,27.67,27.67,27.67,27.67,27.67,27.67,27.67,27.67,27.67,27.67,27.67,27.67,27.67,27.67,0,0,0,0,0,0,0,0,0,0,0,0,0,0,0,0,0,0,0,0,0,0,0,0,0,0,0,0,0,0,0,27.67,27.67,27.67,27.67,27.67,27.67,27.67,0,0,0,0,0,0,0,0,0,0,0,0,0,0,0,0],
[0,0,0,0,0,0,0,0,0,0,0,0,0,0,0,0,0,0,0,0,0,0,0,0,0,0,0,0,0,0,0,0,0,0,0,0,27.67,27.67,27.67,27.67,27.67,27.67,27.67,27.67,27.67,27.67,27.67,27.67,27.67,27.67,27.67,27.67,27.67,27.67,27.67,27.67,27.67,27.67,27.67,27.67,27.67,27.67,27.67,27.67,27.67,27.67,0,0,0,0,0,0,0,0,0,0,0,0,0,0,0,0,0,0,0,0,0,0,0,0,0,27.67,27.67,27.67,27.67,27.67,27.67,27.67,27.67,27.67,27.67,27.67,27.67,27.67,27.67,0,0,0,0,0,0,0,0,0,0,0,0,0,0,0],
[0,0,0,0,0,0,0,0,0,0,0,0,0,0,0,0,0,0,0,0,0,0,0,0,0,0,0,0,0,0,0,0,0,0,0,0,27.67,27.67,27.67,27.67,27.67,27.67,27.67,27.67,27.67,27.67,27.67,27.67,27.67,27.67,27.67,27.67,27.67,27.67,27.67,27.67,27.67,27.67,27.67,27.67,27.67,27.67,27.67,27.67,27.67,27.67,27.67,27.67,0,0,0,0,0,0,0,0,0,0,0,0,0,0,0,0,0,0,0,0,0,27.67,27.67,27.67,27.67,27.67,27.67,27.67,27.67,27.67,27.67,27.67,27.67,27.67,27.67,27.67,27.67,27.67,27.67,27.67,0,0,0,0,0,0,0,0,0,0,0,0],
[0,0,0,0,0,0,0,0,0,0,0,0,0,0,0,0,0,0,0,0,0,0,0,0,0,0,0,0,0,0,0,0,0,0,0,27.67,27.67,27.67,27.67,27.67,27.67,27.67,27.67,27.67,27.67,27.67,0,27.67,27.67,27.67,27.67,27.67,27.67,27.67,27.67,27.67,27.67,27.67,27.67,27.67,27.67,27.67,27.67,27.67,27.67,27.67,27.67,27.67,27.67,27.67,0,0,0,0,0,0,0,0,0,0,0,0,0,0,0,0,0,0,27.67,27.67,27.67,27.67,27.67,27.67,27.67,27.67,27.67,27.67,27.67,27.67,27.67,27.67,27.67,27.67,27.67,27.67,27.67,27.67,27.67,0,0,0,0,0,0,0,0,0,0,0],
[0,0,0,0,0,0,0,0,0,0,0,0,0,0,0,0,0,0,0,0,0,0,0,0,0,0,0,0,0,0,0,0,0,0,0,27.67,27.67,27.67,27.67,27.67,27.67,27.67,27.67,27.67,27.67,0,0,0,0,27.67,27.67,27.67,27.67,27.67,27.67,27.67,27.67,27.67,27.67,27.67,27.67,27.67,27.67,27.67,27.67,27.67,27.67,27.67,27.67,27.67,27.67,0,0,0,0,0,0,0,0,0,0,0,0,0,0,0,0,27.67,27.67,27.67,27.67,27.67,27.67,27.67,27.67,27.67,27.67,27.67,27.67,27.67,27.67,27.67,27.67,27.67,27.67,27.67,27.67,27.67,27.67,27.67,27.67,0,0,0,0,0,0,0,0,0],
[0,0,0,0,0,0,0,0,0,0,0,0,0,0,0,0,0,0,0,0,0,0,0,0,0,0,0,0,0,0,0,0,0,0,0,27.67,27.67,27.67,27.67,27.67,27.67,27.67,27.67,27.67,27.67,0,0,0,0,27.67,27.67,27.67,27.67,27.67,27.67,27.67,27.67,27.67,27.67,27.67,27.67,27.67,27.67,27.67,27.67,27.67,27.67,27.67,27.67,27.67,27.67,0,0,0,0,0,0,0,0,0,0,0,0,0,0,27.67,27.67,27.67,27.67,27.67,27.67,27.67,27.67,27.67,27.67,27.67,27.67,27.67,27.67,27.67,27.67,27.67,27.67,27.67,27.67,27.67,27.67,27.67,27.67,27.67,27.67,0,0,0,0,0,0,0,0,0],
[0,0,0,0,0,0,0,0,0,0,0,0,0,0,0,0,0,0,0,0,0,0,0,0,0,0,0,0,0,0,0,0,0,0,0,27.67,27.67,27.67,27.67,27.67,27.67,27.67,27.67,27.67,27.67,27.67,0,0,0,27.67,27.67,27.67,27.67,27.67,27.67,27.67,27.67,27.67,27.67,27.67,27.67,27.67,27.67,27.67,27.67,27.67,27.67,27.67,27.67,27.67,27.67,27.67,0,0,0,0,0,0,0,0,27.67,27.67,27.67,27.67,27.67,27.67,27.67,27.67,27.67,27.67,27.67,27.67,27.67,27.67,27.67,27.67,27.67,27.67,27.67,27.67,27.67,27.67,27.67,27.67,27.67,27.67,27.67,27.67,27.67,27.67,27.67,0,0,0,0,0,0,0,0,0],
[0,0,0,0,0,0,0,0,0,0,0,0,0,0,0,0,0,0,0,0,0,0,0,0,0,0,0,0,0,0,0,0,0,0,27.67,27.67,27.67,27.67,27.67,27.67,27.67,27.67,27.67,27.67,27.67,27.67,0,0,0,0,27.67,27.67,27.67,27.67,27.67,27.67,27.67,27.67,27.67,27.67,27.67,27.67,27.67,27.67,27.67,27.67,27.67,27.67,27.67,27.67,27.67,27.67,27.67,27.67,27.67,27.67,27.67,27.67,27.67,27.67,27.67,27.67,27.67,27.67,27.67,27.67,27.67,27.67,27.67,27.67,27.67,27.67,27.67,27.67,27.67,27.67,27.67,27.67,27.67,27.67,27.67,27.67,27.67,27.67,27.67,27.67,27.67,27.67,27.67,27.67,27.67,0,0,0,0,0,0,0,0,0],
[0,0,0,0,0,0,0,0,0,0,0,0,0,0,0,0,0,0,0,0,0,0,0,0,0,0,0,0,0,0,0,0,0,0,27.67,27.67,27.67,27.67,27.67,27.67,27.67,27.67,27.67,27.67,27.67,27.67,0,0,0,0,27.67,27.67,27.67,27.67,27.67,27.67,27.67,27.67,27.67,27.67,27.67,27.67,27.67,27.67,27.67,27.67,27.67,27.67,27.67,27.67,27.67,27.67,27.67,27.67,27.67,27.67,27.67,27.67,27.67,27.67,27.67,27.67,27.67,27.67,27.67,27.67,27.67,27.67,27.67,27.67,27.67,27.67,27.67,27.67,27.67,27.67,27.67,27.67,27.67,27.67,27.67,27.67,27.67,27.67,27.67,27.67,27.67,27.67,27.67,27.67,27.67,0,0,0,0,0,0,0,0,0],
[0,0,0,0,0,0,0,0,0,0,0,0,0,0,0,0,0,0,0,0,0,0,0,0,0,0,0,0,0,0,0,0,0,0,27.67,27.67,27.67,27.67,27.67,27.67,27.67,27.67,27.67,27.67,27.67,27.67,27.67,27.67,27.67,27.67,27.67,27.67,27.67,27.67,27.67,27.67,27.67,27.67,27.67,27.67,27.67,27.67,27.67,27.67,27.67,27.67,27.67,27.67,27.67,27.67,27.67,27.67,27.67,27.67,27.67,27.67,27.67,27.67,27.67,27.67,27.67,27.67,27.67,27.67,27.67,27.67,27.67,27.67,27.67,27.67,27.67,27.67,27.67,27.67,27.67,27.67,27.67,27.67,27.67,27.67,27.67,27.67,27.67,27.67,27.67,27.67,27.67,27.67,27.67,27.67,27.67,0,0,0,0,0,0,0,0,0],
[0,0,0,0,0,0,0,0,0,0,0,0,0,0,0,0,0,0,0,0,0,0,0,0,0,0,0,0,0,0,0,0,0,0,0,27.67,27.67,27.67,27.67,27.67,27.67,27.67,27.67,27.67,27.67,27.67,27.67,27.67,27.67,27.67,27.67,27.67,27.67,27.67,27.67,27.67,27.67,27.67,27.67,27.67,27.67,27.67,27.67,27.67,27.67,27.67,27.67,27.67,27.67,27.67,27.67,27.67,27.67,27.67,27.67,27.67,27.67,27.67,27.67,27.67,27.67,27.67,27.67,27.67,27.67,27.67,27.67,27.67,27.67,27.67,27.67,27.67,27.67,27.67,27.67,27.67,27.67,27.67,27.67,27.67,27.67,27.67,27.67,27.67,27.67,27.67,27.67,27.67,27.67,0,0,0,0,0,0,0,0,0,0,0],
[0,0,0,0,0,0,0,0,0,0,0,0,0,0,0,0,0,0,0,0,0,0,0,0,0,0,0,0,0,0,0,0,0,0,0,27.67,27.67,27.67,27.67,27.67,27.67,27.67,27.67,27.67,27.67,27.67,27.67,27.67,27.67,27.67,27.67,27.67,27.67,27.67,27.67,27.67,27.67,27.67,27.67,27.67,27.67,0,27.67,27.67,27.67,27.67,27.67,27.67,27.67,27.67,27.67,27.67,27.67,27.67,27.67,27.67,27.67,27.67,27.67,27.67,27.67,27.67,27.67,27.67,27.67,27.67,27.67,27.67,27.67,27.67,27.67,27.67,27.67,27.67,27.67,27.67,27.67,27.67,27.67,27.67,27.67,27.67,27.67,27.67,27.67,27.67,27.67,27.67,0,0,0,0,0,0,0,0,0,0,0,0],
[0,0,0,0,0,0,0,0,0,0,0,0,0,0,0,0,0,0,0,0,0,0,0,0,0,0,0,0,0,0,0,0,0,0,0,27.67,27.67,27.67,27.67,27.67,27.67,27.67,27.67,27.67,27.67,27.67,27.67,27.67,27.67,27.67,27.67,27.67,27.67,27.67,27.67,27.67,27.67,27.67,27.67,27.67,27.67,0,0,27.67,27.67,27.67,27.67,27.67,27.67,27.67,27.67,27.67,27.67,27.67,27.67,27.67,27.67,27.67,27.67,27.67,27.67,27.67,27.67,27.67,27.67,27.67,27.67,27.67,27.67,27.67,27.67,27.67,27.67,27.67,27.67,27.67,27.67,27.67,27.67,27.67,27.67,27.67,27.67,27.67,27.67,27.67,0,0,0,0,0,0,0,0,0,0,0,0,0,0],
[0,0,0,0,0,0,0,0,0,0,0,0,0,0,0,0,0,0,0,0,0,0,0,0,0,0,0,0,0,0,0,0,0,0,0,0,27.67,27.67,27.67,27.67,27.67,27.67,27.67,27.67,27.67,27.67,27.67,27.67,27.67,27.67,27.67,27.67,27.67,27.67,27.67,27.67,27.67,27.67,27.67,27.67,27.67,27.67,27.67,27.67,27.67,27.67,27.67,27.67,27.67,27.67,27.67,0,0,0,27.67,27.67,27.67,27.67,27.67,27.67,27.67,27.67,27.67,27.67,27.67,27.67,27.67,27.67,27.67,27.67,27.67,27.67,27.67,27.67,27.67,27.67,27.67,27.67,27.67,27.67,27.67,27.67,27.67,27.67,0,0,0,0,0,0,0,0,0,0,0,0,0,0,0,0],
[0,0,0,0,0,0,0,0,0,0,0,0,0,0,0,0,0,0,0,0,0,0,0,0,0,0,0,0,0,0,0,0,0,0,0,0,27.67,27.67,27.67,27.67,27.67,27.67,27.67,27.67,27.67,27.67,27.67,27.67,27.67,27.67,27.67,27.67,27.67,27.67,27.67,27.67,27.67,27.67,27.67,27.67,27.67,27.67,27.67,27.67,27.67,27.67,27.67,27.67,27.67,27.67,0,0,0,27.67,27.67,27.67,27.67,27.67,27.67,27.67,27.67,27.67,27.67,27.67,27.67,27.67,27.67,27.67,27.67,27.67,27.67,27.67,27.67,27.67,27.67,27.67,27.67,27.67,27.67,27.67,27.67,0,0,0,0,0,0,0,0,0,0,0,0,0,0,0,0,0,0,0],
[0,0,0,0,0,0,0,0,0,0,0,0,0,0,0,0,0,0,0,0,0,0,0,0,0,0,0,0,0,0,0,0,0,0,0,0,0,27.67,27.67,27.67,27.67,27.67,27.67,27.67,27.67,27.67,27.67,27.67,27.67,27.67,27.67,27.67,27.67,27.67,27.67,27.67,27.67,27.67,27.67,27.67,27.67,27.67,27.67,27.67,27.67,27.67,27.67,27.67,27.67,27.67,0,0,0,0,0,27.67,27.67,27.67,27.67,27.67,27.67,27.67,27.67,27.67,27.67,27.67,27.67,27.67,27.67,27.67,27.67,27.67,27.67,27.67,27.67,27.67,27.67,27.67,27.67,27.67,0,0,0,0,0,0,0,0,0,0,0,0,0,0,0,0,0,0,0,0],
[0,0,0,0,0,0,0,0,0,0,0,0,0,0,0,0,0,0,0,0,0,0,0,0,0,0,0,0,0,0,0,0,0,0,0,0,0,27.67,27.67,27.67,27.67,27.67,27.67,27.67,27.67,27.67,27.67,27.67,27.67,27.67,27.67,27.67,27.67,27.67,27.67,27.67,27.67,27.67,27.67,27.67,27.67,27.67,27.67,27.67,27.67,27.67,27.67,27.67,27.67,27.67,0,0,0,0,0,27.67,27.67,27.67,27.67,27.67,27.67,27.67,27.67,27.67,27.67,27.67,27.67,27.67,27.67,27.67,27.67,27.67,27.67,27.67,27.67,27.67,27.67,27.67,27.67,0,0,0,0,0,0,0,0,0,0,0,0,0,0,0,0,0,0,0,0,0],
[0,0,0,0,0,0,0,0,0,0,0,0,0,0,0,0,0,0,0,0,0,0,0,0,0,0,0,0,0,0,0,0,0,0,0,0,0,0,27.67,27.67,27.67,27.67,27.67,27.67,27.67,27.67,27.67,27.67,27.67,27.67,27.67,27.67,27.67,27.67,27.67,27.67,27.67,27.67,27.67,27.67,27.67,27.67,27.67,27.67,27.67,27.67,27.67,27.67,27.67,27.67,0,0,0,27.67,27.67,27.67,27.67,27.67,27.67,27.67,27.67,27.67,27.67,27.67,27.67,27.67,27.67,27.67,27.67,27.67,27.67,27.67,27.67,27.67,27.67,27.67,27.67,27.67,0,0,0,0,0,0,0,0,0,0,0,0,0,0,0,0,0,0,0,0,0,0],
[0,0,0,0,0,0,0,0,0,0,0,0,0,0,0,0,0,0,0,0,0,0,0,0,0,0,0,0,0,0,0,0,0,0,0,0,0,0,0,27.67,27.67,27.67,27.67,27.67,27.67,27.67,27.67,27.67,27.67,27.67,27.67,27.67,27.67,27.67,27.67,27.67,27.67,27.67,27.67,27.67,27.67,27.67,27.67,27.67,27.67,27.67,27.67,27.67,27.67,27.67,27.67,27.67,27.67,27.67,27.67,27.67,27.67,27.67,27.67,27.67,27.67,27.67,27.67,27.67,27.67,27.67,27.67,27.67,27.67,27.67,27.67,27.67,27.67,27.67,27.67,27.70,27.72,0,0,0,0,0,0,0,0,0,0,0,0,0,0,0,0,0,0,0,0,0,0,0],
[0,0,0,0,0,0,0,0,0,0,0,0,0,0,0,0,0,0,0,0,0,0,0,0,0,0,0,0,0,0,0,0,0,0,0,0,0,0,0,0,27.67,27.67,27.67,27.67,27.67,27.67,27.67,27.67,27.67,27.67,27.67,27.67,27.67,27.67,27.67,27.67,0,0,0,27.67,27.67,27.67,27.67,27.67,27.67,27.67,27.67,27.67,27.67,27.67,27.67,27.67,27.67,27.67,27.67,27.67,27.67,27.67,27.67,27.67,27.67,27.67,27.67,27.67,27.67,27.67,27.67,27.67,0,0,0,0,27.75,27.76,27.77,27.78,27.81,27.81,0,0,0,0,0,0,0,0,0,0,0,0,0,0,0,0,0,0,0,0,0,0],
[0,0,0,0,0,0,0,0,0,0,0,0,0,0,0,0,0,0,0,0,0,0,0,0,0,0,0,0,0,0,0,0,0,0,0,0,0,0,0,0,0,0,0,27.67,27.67,27.67,27.67,27.67,27.67,27.67,27.67,27.67,27.67,27.67,27.67,27.67,0,0,0,0,27.67,27.67,27.67,27.67,27.67,27.67,27.67,27.67,27.67,27.67,27.67,27.67,27.67,27.67,27.67,27.67,27.67,27.67,27.67,27.67,27.67,27.67,27.67,27.67,27.67,27.67,0,0,0,0,0,0,28.02,28.02,28.03,28.04,28.07,28.08,0,0,0,0,0,0,0,0,0,0,0,0,0,0,0,0,0,0,0,0,0,0],
[0,0,0,0,0,0,0,0,0,0,0,0,0,0,0,0,0,0,0,0,0,0,0,0,0,0,0,0,0,0,0,0,0,0,0,0,0,0,0,0,0,0,0,0,0,27.67,27.67,27.67,27.67,27.67,27.67,27.67,27.67,27.67,27.67,27.67,27.67,27.67,27.67,0,27.67,27.67,27.67,27.67,27.67,27.67,27.67,27.67,27.67,27.67,27.67,27.67,27.67,27.67,27.67,27.67,27.67,27.67,27.67,27.67,27.67,27.67,27.67,27.67,0,0,0,0,0,0,0,0,28.36,28.34,28.35,28.37,28.41,0,0,0,0,0,0,0,0,0,0,0,0,0,0,0,0,0,0,0,0,0,0,0],
[0,0,0,0,0,0,0,0,0,0,0,0,0,0,0,0,0,0,0,0,0,0,0,0,0,0,0,0,0,0,0,0,0,0,0,0,0,0,0,0,0,0,0,0,0,0,0,0,0,0,27.67,27.67,27.67,27.67,27.67,27.67,27.67,27.67,27.67,27.67,27.67,27.67,27.67,27.67,27.67,27.67,27.67,27.67,27.67,27.67,27.67,27.67,27.67,27.67,27.67,27.67,27.67,27.67,27.67,27.67,27.67,27.67,0,0,0,0,0,0,0,0,0,0,28.71,28.69,28.67,28.69,28.75,28.76,0,0,0,0,0,0,0,0,0,0,0,0,0,0,0,0,0,0,0,0,0,0],
[0,0,0,0,0,0,0,0,0,0,0,0,0,0,0,0,0,0,0,0,0,0,0,0,0,0,0,0,0,0,0,0,0,0,0,0,0,0,0,0,0,0,0,0,0,0,0,0,0,0,0,27.67,27.67,27.67,27.67,27.67,27.67,27.67,27.67,27.67,27.67,27.67,27.67,27.67,27.67,27.67,27.67,27.67,27.67,27.67,27.67,27.67,27.67,27.67,27.67,27.67,27.67,27.67,27.67,27.67,0,0,0,0,0,0,0,0,0,0,0,0,29.05,29.03,29.01,29.01,29.09,29.10,0,0,0,0,0,0,0,0,0,0,0,0,0,0,0,0,0,0,0,0,0,0],
[0,0,0,0,0,0,0,0,0,0,0,0,0,0,0,0,0,0,0,0,0,0,0,0,0,0,0,0,0,0,0,0,0,0,0,0,0,0,0,0,0,0,0,0,0,0,0,0,0,0,0,0,27.67,27.67,27.67,27.67,27.67,27.67,27.67,27.67,27.67,27.67,27.67,27.67,27.67,27.67,27.67,27.67,27.67,27.67,27.67,27.67,27.67,27.67,27.67,27.67,27.67,27.67,27.67,0,0,0,0,0,0,0,0,0,0,0,0,0,29.40,29.38,29.35,29.33,29.43,0,0,0,0,0,0,0,0,0,0,0,0,0,0,0,0,0,0,0,0,0,0,0],
[0,0,0,0,0,0,0,0,0,0,0,0,0,0,0,0,0,0,0,0,0,0,0,0,0,0,0,0,0,0,0,0,0,0,0,0,0,0,0,0,0,0,0,0,0,0,0,0,0,0,0,0,0,27.67,27.67,27.67,27.67,27.67,27.67,27.67,27.67,27.67,27.67,27.67,27.67,27.67,27.67,27.67,27.67,27.67,27.67,27.67,27.67,27.67,27.67,0,0,0,0,0,0,0,0,0,0,0,0,0,0,0,0,0,29.52,29.53,29.48,29.43,29.52,0,0,0,0,0,0,0,0,0,0,0,0,0,0,0,0,0,0,0,0,0,0,0],
[0,0,0,0,0,0,0,0,0,0,0,0,0,0,0,0,0,0,0,0,0,0,0,0,0,0,0,0,0,0,0,0,0,0,0,0,0,0,0,0,0,0,0,0,0,0,0,0,0,0,0,0,0,0,0,27.67,27.67,27.67,27.67,27.67,27.67,27.67,27.67,27.67,27.67,27.67,27.67,27.67,27.67,0,0,0,0,0,0,0,0,0,0,0,0,0,0,0,0,0,0,0,0,0,0,0,29.56,29.57,29.57,29.52,29.56,29.58,0,0,0,0,0,0,0,0,0,0,0,0,0,0,0,0,0,0,0,0,0,0],
[0,0,0,0,0,0,0,0,0,0,0,0,0,0,0,0,0,0,0,0,0,0,0,0,0,0,0,0,0,0,0,0,0,0,0,0,0,0,0,0,0,0,0,0,0,0,0,0,0,0,0,0,0,0,0,0,0,27.67,27.67,27.67,27.67,27.67,27.67,27.67,27.67,27.67,27.67,0,0,0,0,0,0,0,0,0,0,0,0,0,0,0,0,0,0,0,0,0,0,0,0,0,29.59,29.60,29.61,29.62,29.60,29.62,0,0,0,0,0,0,0,0,0,0,0,0,0,0,0,0,0,0,0,0,0,0],
[0,0,0,0,0,0,0,0,0,0,0,0,0,0,0,0,0,0,0,0,0,0,0,0,0,0,0,0,0,0,0,0,0,0,0,0,0,0,0,0,0,0,0,0,0,0,0,0,0,0,0,0,0,0,0,0,0,0,0,0,0,0,0,0,0,0,0,0,0,0,0,0,0,0,0,0,0,0,0,0,0,0,0,0,0,0,0,0,0,0,0,0,29.63,29.63,29.64,29.65,29.66,29.66,0,0,0,0,0,0,0,0,0,0,0,0,0,0,0,0,0,0,0,0,0,0],
[0,0,0,0,0,0,0,0,0,0,0,0,0,0,0,0,0,0,0,0,0,0,0,0,0,0,0,0,0,0,0,0,0,0,0,0,0,0,0,0,0,0,0,0,0,0,0,0,0,0,0,0,0,0,0,0,0,0,0,0,0,0,0,0,0,0,0,0,0,0,0,0,0,0,0,0,0,0,0,0,0,0,0,0,0,0,0,0,0,0,0,0,29.66,29.66,29.65,29.64,29.63,29.63,0,0,0,0,0,0,0,0,0,0,0,0,0,0,0,0,0,0,0,0,0,0],
[0,0,0,0,0,0,0,0,0,0,0,0,0,0,0,0,0,0,0,0,0,0,0,0,0,0,0,0,0,0,0,0,0,0,0,0,0,0,0,0,0,0,0,0,0,0,0,0,0,0,0,0,0,0,0,0,0,0,0,0,0,0,0,0,0,0,0,0,0,0,0,0,0,0,0,0,0,0,0,0,0,0,0,0,0,0,0,0,0,0,0,0,29.61,29.61,29.61,29.60,29.59,29.58,0,0,0,0,0,0,0,0,0,0,0,0,0,0,0,0,0,0,0,0,0,0],
[0,0,0,0,0,0,0,0,0,0,0,0,0,0,0,0,0,0,0,0,0,0,0,0,0,0,0,0,0,0,0,0,0,0,0,0,0,0,0,0,0,0,0,0,0,0,0,0,0,0,0,0,0,0,0,0,0,0,0,0,0,0,0,0,0,0,0,0,0,0,0,0,0,0,0,0,0,0,0,0,0,0,0,0,0,0,0,0,0,0,0,0,29.56,29.56,29.56,29.55,29.54,29.54,0,0,0,0,0,0,0,0,0,0,0,0,0,0,0,0,0,0,0,0,0,0],
[0,0,0,0,0,0,0,0,0,0,0,0,0,0,0,0,0,0,0,0,0,0,0,0,0,0,0,0,0,0,0,0,0,0,0,0,0,0,0,0,0,0,0,0,0,0,0,0,0,0,0,0,0,0,0,0,0,0,0,0,0,0,0,0,0,0,0,0,0,0,0,0,0,0,0,0,0,0,0,0,0,0,0,0,0,0,0,0,0,0,0,0,29.50,29.50,29.50,29.50,29.50,29.50,0,0,0,0,0,0,0,0,0,0,0,0,0,0,0,0,0,0,0,0,0,0],
[0,0,0,0,0,0,0,0,0,0,0,0,0,0,0,0,0,0,0,0,0,0,0,0,0,0,0,0,0,0,0,0,0,0,0,0,0,0,0,0,0,0,0,0,0,0,0,0,0,0,0,0,0,0,0,0,0,0,0,0,0,0,0,0,0,0,0,0,0,0,0,0,0,0,0,0,0,0,0,0,0,0,0,0,0,0,0,0,0,0,0,0,29.41,29.41,29.41,29.41,29.41,29.41,0,0,0,0,0,0,0,0,0,0,0,0,0,0,0,0,0,0,0,0,0,0],
[0,0,0,0,0,0,0,0,0,0,0,0,0,0,0,0,0,0,0,0,0,0,0,0,0,0,0,0,0,0,0,0,0,0,0,0,0,0,0,0,0,0,0,0,0,0,0,0,0,0,0,0,0,0,0,0,0,0,0,0,0,0,0,0,0,0,0,0,0,0,0,0,0,0,0,0,0,0,0,0,0,0,0,0,0,0,0,0,0,0,0,0,29.32,29.32,29.33,29.33,29.33,29.33,0,0,0,0,0,0,0,0,0,0,0,0,0,0,0,0,0,0,0,0,0,0],
[0,0,0,0,0,0,0,0,0,0,0,0,0,0,0,0,0,0,0,0,0,0,0,0,0,0,0,0,0,0,0,0,0,0,0,0,0,0,0,0,0,0,0,0,0,0,0,0,0,0,0,0,0,0,0,0,0,0,0,0,0,0,0,0,0,0,0,0,0,0,0,0,0,0,0,0,0,0,0,0,0,0,0,0,0,0,0,0,0,0,0,0,29.23,29.23,29.24,29.24,29.24,29.24,0,0,0,0,0,0,0,0,0,0,0,0,0,0,0,0,0,0,0,0,0,0],
[0,0,0,0,0,0,0,0,0,0,0,0,0,0,0,0,0,0,0,0,0,0,0,0,0,0,0,0,0,0,0,0,0,0,0,0,0,0,0,0,0,0,0,0,0,0,0,0,0,0,0,0,0,0,0,0,0,0,0,0,0,0,0,0,0,0,0,0,0,0,0,0,0,0,0,0,0,0,0,0,0,0,0,0,0,0,0,0,0,0,0,0,29.14,29.15,29.15,29.15,29.16,29.15,0,0,0,0,0,0,0,0,0,0,0,0,0,0,0,0,0,0,0,0,0,0],
[0,0,0,0,0,0,0,0,0,0,0,0,0,0,0,0,0,0,0,0,0,0,0,0,0,0,0,0,0,0,0,0,0,0,0,0,0,0,0,0,0,0,0,0,0,0,0,0,0,0,0,0,0,0,0,0,0,0,0,0,0,0,0,0,0,0,0,0,0,0,0,0,0,0,0,0,0,0,0,0,0,0,0,0,0,0,0,0,0,0,0,0,28.98,28.99,29.00,29.02,29.03,29.03,0,0,0,0,0,0,0,0,0,0,0,0,0,0,0,0,0,0,0,0,0,0],
[0,0,0,0,0,0,0,0,0,0,0,0,0,0,0,0,0,0,0,0,0,0,0,0,0,0,0,0,0,0,0,0,0,0,0,0,0,0,0,0,0,0,0,0,0,0,0,0,0,25.50,25.50,25.50,25.50,25.50,0,0,0,0,0,0,0,0,0,0,0,0,0,0,0,0,0,0,0,0,0,0,0,0,0,0,0,0,0,0,0,0,0,0,0,0,0,0,28.65,28.66,28.68,28.69,28.69,28.69,0,0,0,0,0,0,0,0,0,0,0,0,0,0,0,0,0,0,0,0,0,0],
[0,0,0,0,0,0,0,0,0,0,0,0,0,0,0,0,0,0,0,0,0,0,0,0,0,0,0,0,0,0,0,0,0,0,0,0,0,0,0,0,0,0,0,0,0,0,0,0,25.50,25.50,25.50,25.50,25.50,25.50,25.50,0,0,0,0,0,0,0,0,0,0,0,0,0,0,0,0,0,0,0,0,0,0,0,0,0,0,0,0,0,0,0,0,0,0,0,0,0,28.32,28.34,28.35,28.36,28.35,28.34,0,0,0,0,0,0,0,0,0,0,0,0,0,0,0,0,0,0,0,0,0,0],
[0,0,0,0,0,0,0,0,0,0,0,0,0,0,0,0,0,0,0,0,0,0,0,0,0,0,0,0,0,0,0,0,0,0,0,0,0,0,0,0,0,0,0,0,0,0,0,25.50,25.50,25.50,25.50,25.50,25.50,25.50,25.50,0,0,0,0,0,0,0,0,0,0,0,0,0,0,0,0,0,0,0,0,0,0,0,0,0,0,0,0,0,0,0,0,0,0,0,0,0,28.00,28.01,28.02,28.01,28.01,28.00,0,0,27.17,27.17,27.17,27.17,27.17,27.17,27.17,27.17,27.17,0,0,0,0,0,0,0,0,0,0,0],
[0,0,0,0,0,0,0,0,0,0,0,0,0,0,0,0,0,0,0,0,0,0,0,0,0,0,0,0,0,0,0,0,0,0,0,0,0,0,0,0,0,0,0,0,0,0,0,25.50,25.50,25.50,25.50,25.50,25.50,25.50,0,0,0,0,0,0,0,0,0,0,0,0,0,0,0,0,0,0,0,0,0,0,0,0,0,0,0,0,0,0,0,0,0,0,0,0,0,0,27.67,27.68,27.68,27.67,27.66,27.66,0,27.17,27.17,27.17,27.17,27.17,27.17,27.17,27.17,27.17,27.17,27.17,0,0,0,0,0,0,0,0,0,0],
[0,0,0,0,0,0,0,0,0,0,0,0,0,0,0,0,0,0,0,0,0,0,0,0,0,0,0,0,0,0,0,0,0,0,0,0,0,0,0,0,0,0,0,0,0,0,25.50,25.50,25.50,25.50,25.50,25.50,25.50,25.50,0,0,0,0,0,0,0,0,0,0,0,0,0,0,0,0,0,0,0,0,0,0,0,0,0,0,0,0,0,0,0,0,0,0,0,0,0,0,27.34,27.34,27.34,27.35,27.37,27.38,0,27.17,27.17,27.17,27.17,27.17,27.17,27.17,27.17,27.17,27.17,27.17,27.17,27.17,0,0,0,0,0,0,0,0],
[0,0,0,0,0,0,0,0,0,0,0,0,0,0,0,0,0,0,0,0,0,0,0,0,0,0,0,0,0,0,0,0,0,0,0,0,0,0,0,0,0,0,0,0,0,0,25.50,25.50,25.50,25.50,25.50,25.50,25.50,25.50,0,0,0,0,0,0,0,0,0,0,0,0,0,0,0,0,0,0,0,0,0,0,0,0,0,0,0,0,0,0,0,0,0,0,0,0,0,0,27.22,27.21,27.21,27.22,27.24,27.25,27.17,27.17,27.17,27.17,27.17,27.17,27.17,27.17,27.17,27.17,27.17,27.17,27.17,27.17,27.17,0,0,0,0,0,0,0],
[0,0,0,0,0,0,0,0,0,0,0,0,0,0,0,0,0,0,0,0,0,0,0,0,0,0,0,0,0,0,0,0,0,0,0,0,0,0,0,0,0,0,0,0,0,0,25.50,25.50,25.50,25.50,25.50,25.50,25.50,25.50,0,0,0,0,0,0,0,0,0,0,0,0,0,0,0,0,0,0,0,0,0,0,0,0,0,0,0,0,0,0,0,0,0,0,0,0,0,27.17,27.17,27.17,27.17,27.17,27.17,27.17,27.17,27.17,27.17,27.17,27.17,27.17,27.17,27.17,27.17,27.17,27.17,27.17,27.17,27.17,27.17,27.17,0,0,0,0,0,0],
[0,0,0,0,0,0,0,0,0,0,0,0,0,0,0,0,0,0,0,0,0,0,0,0,0,0,0,0,0,0,0,0,0,0,0,0,0,0,0,0,0,0,0,0,0,0,25.50,25.50,25.50,25.50,25.50,25.50,25.50,25.50,0,0,0,0,0,0,0,0,0,0,0,0,0,0,0,0,0,0,0,0,0,0,0,0,0,0,0,0,0,0,0,0,0,0,0,27.17,27.17,27.17,27.17,27.17,27.17,27.17,27.17,27.17,27.17,27.17,27.17,27.17,27.17,27.17,27.17,27.17,27.17,27.17,27.17,27.17,27.17,27.17,27.17,27.17,27.17,0,0,0,0,0],
[0,0,0,0,0,0,0,0,0,0,0,0,0,0,0,0,0,0,0,0,0,0,0,0,0,0,0,0,0,0,0,0,0,0,0,0,0,0,0,0,0,0,0,0,0,0,25.50,25.50,25.50,25.50,25.50,25.50,25.50,25.50,25.50,25.50,0,0,0,0,0,0,0,0,0,0,0,0,0,0,0,0,0,0,0,0,0,0,0,0,0,0,0,0,0,0,0,0,0,27.17,27.17,27.17,27.17,27.17,27.17,27.17,27.17,27.17,27.17,27.17,27.17,27.17,27.17,27.17,27.17,27.17,27.17,27.17,27.17,27.17,27.17,27.17,27.17,27.17,27.17,27.17,0,0,0,0],
[0,0,0,0,0,0,0,0,0,0,0,0,0,0,0,0,0,0,0,0,0,0,0,0,0,0,0,0,0,0,0,0,0,0,0,0,0,0,0,0,0,0,0,0,0,0,25.50,25.50,25.50,25.50,25.50,25.50,25.50,25.50,25.50,25.50,25.50,25.50,25.50,0,0,0,0,0,0,25.50,25.50,25.50,0,0,0,0,0,0,0,0,0,0,0,0,0,0,0,0,0,0,0,0,27.17,27.17,27.17,27.17,27.17,27.17,27.17,27.17,27.17,27.17,27.17,27.17,27.17,27.17,27.17,27.17,27.17,27.17,27.17,27.17,27.17,27.17,27.17,27.17,27.17,27.17,27.17,27.17,0,0,0,0],
[0,0,0,0,0,0,0,0,0,0,0,0,0,0,0,0,0,0,0,0,0,0,0,0,0,0,0,0,0,0,0,0,0,0,0,0,0,0,0,0,0,0,0,0,0,0,25.50,25.50,25.50,25.50,25.50,25.50,25.50,25.50,25.50,25.50,25.50,25.50,25.50,25.50,25.50,25.50,25.50,0,0,25.50,25.50,25.50,25.50,0,0,0,0,0,0,0,0,0,0,0,0,0,0,0,0,0,0,0,27.17,27.17,27.17,27.17,27.17,27.17,27.17,27.17,27.17,27.17,27.17,27.17,27.17,27.17,27.17,27.17,27.17,27.17,27.17,27.17,27.17,27.17,27.17,27.17,27.17,27.17,27.17,0,0,0,0,0],
[0,0,0,0,0,0,0,0,0,0,0,0,0,0,0,0,0,0,0,0,0,0,0,0,0,0,0,0,0,0,0,0,0,0,0,0,0,0,0,0,0,0,0,0,0,0,0,25.50,25.50,25.50,25.50,25.50,25.50,25.50,25.50,25.50,25.50,25.50,25.50,25.50,25.50,25.50,25.50,25.50,25.50,25.50,25.50,25.50,25.50,0,0,0,0,0,0,0,27.17,27.17,27.17,27.17,27.17,27.17,27.17,27.17,27.17,27.17,27.17,27.17,27.17,27.17,27.17,27.17,27.17,27.17,27.17,27.17,27.17,27.17,27.17,27.17,27.17,27.17,27.17,27.17,27.17,27.17,27.17,27.17,27.17,27.17,27.17,27.17,27.17,27.17,27.17,0,0,0,0,0],
[0,0,0,0,0,0,0,0,0,0,0,0,0,0,0,0,0,0,0,0,0,0,0,0,0,0,0,0,0,0,0,0,0,0,0,0,0,0,0,0,0,0,0,0,0,0,0,25.50,25.50,25.50,25.50,25.50,25.50,25.50,25.50,25.50,25.50,25.50,25.50,25.50,25.50,25.50,25.50,25.50,25.50,25.50,25.50,25.50,25.55,0,0,0,0,0,0,0,27.17,27.17,27.17,27.17,27.17,27.17,27.17,27.17,27.17,27.17,27.17,27.17,27.17,27.17,27.17,27.17,27.17,27.17,27.17,27.17,27.17,27.17,27.17,27.17,27.17,27.17,27.17,27.17,27.17,27.17,27.17,27.17,27.17,27.17,27.17,27.17,27.17,27.17,0,0,0,0,0,0],
[0,0,0,0,0,0,0,0,0,0,0,0,0,0,0,0,0,0,0,0,0,0,0,0,0,0,0,0,0,0,0,0,0,0,0,0,0,0,0,0,0,0,0,0,0,0,0,25.50,25.50,25.50,25.50,25.50,25.50,25.50,25.50,25.50,25.50,25.50,25.50,25.50,25.50,25.50,25.50,25.50,25.51,25.52,25.51,25.51,25.59,25.69,26.25,26.46,26.82,27.17,27.17,27.17,27.17,27.17,27.17,27.17,27.17,27.17,27.17,27.17,27.17,27.17,27.17,27.17,27.17,27.17,27.17,27.17,27.17,27.17,27.17,27.17,27.17,27.17,27.17,27.17,27.17,27.17,27.17,27.17,27.17,27.17,27.17,27.17,27.17,27.17,27.17,27.17,27.17,27.17,0,0,0,0,0,0],
[0,0,0,0,0,0,0,0,0,0,0,0,0,0,0,0,0,0,0,0,0,0,0,0,0,0,0,0,0,0,0,0,0,0,0,0,0,0,0,0,0,0,0,0,0,0,25.50,25.50,25.50,25.50,25.50,25.50,25.50,25.50,25.50,25.50,25.50,25.50,25.50,25.50,25.50,25.50,25.50,25.50,25.50,25.53,25.53,25.52,25.58,25.75,26.10,26.48,26.85,27.17,27.17,27.17,27.17,27.17,27.17,27.17,27.17,27.17,27.17,27.17,27.17,27.17,27.17,27.17,27.17,27.17,27.17,27.17,27.17,27.17,27.17,27.17,27.17,27.17,27.17,27.17,27.17,27.17,27.17,27.17,27.17,27.17,27.17,27.17,27.17,27.17,27.17,27.17,27.17,27.17,0,0,0,0,0,0],
[0,0,0,0,0,0,0,0,0,0,0,0,0,0,0,0,0,0,0,0,0,0,0,0,0,0,0,0,0,0,0,0,0,0,0,0,0,0,0,0,0,0,0,0,0,25.50,25.50,25.50,25.50,25.50,25.50,25.50,25.50,25.50,25.50,25.50,25.50,25.50,25.50,25.50,25.50,25.50,25.50,25.50,25.50,25.52,25.54,25.54,25.57,25.75,26.12,26.49,26.87,27.20,27.20,27.17,27.17,27.17,27.17,27.17,27.17,27.17,27.17,27.17,27.17,27.17,27.17,27.17,27.17,27.17,27.17,27.17,27.17,27.17,27.17,27.17,27.17,27.17,27.17,27.17,27.17,27.17,27.17,27.17,27.17,27.17,27.17,27.17,27.17,27.17,27.17,27.17,27.17,27.17,0,0,0,0,0,0],
[0,0,0,0,0,0,0,0,0,0,0,0,0,0,0,0,0,0,0,0,0,0,0,0,0,0,0,0,0,0,0,0,0,0,0,0,0,0,0,0,0,0,0,0,25.50,25.50,25.50,25.50,25.50,25.50,25.50,25.50,25.50,25.50,25.50,25.50,25.50,25.50,25.50,25.50,25.50,25.50,25.50,25.50,25.50,25.51,25.54,25.55,25.57,25.72,26.14,26.51,26.88,27.22,27.21,27.17,27.17,27.17,27.17,27.17,27.17,27.17,27.17,27.17,27.17,27.17,27.17,27.17,27.17,27.17,27.17,27.17,27.17,27.17,27.17,27.17,27.17,27.17,27.17,27.17,27.17,27.17,27.17,27.17,27.17,27.17,27.17,27.17,27.17,27.17,27.17,27.17,27.17,27.17,27.17,0,0,0,0,0],
[0,0,0,0,0,0,0,0,0,0,0,0,0,0,0,0,0,0,0,0,0,0,0,0,0,0,0,0,0,0,0,0,0,0,0,0,0,0,0,0,0,0,25.50,25.50,25.50,25.50,25.50,25.50,25.50,25.50,25.50,25.50,25.50,25.50,25.50,25.50,25.50,25.50,25.50,25.50,25.50,25.50,25.50,25.50,25.50,25.51,25.53,25.56,25.56,25.68,26.16,26.52,26.71,27.25,27.21,27.17,27.17,27.17,27.17,27.17,27.17,27.17,27.17,27.17,27.17,27.17,27.17,27.17,27.17,27.17,27.17,27.17,27.17,0,0,0,0,0,0,27.17,27.17,27.17,27.17,27.17,27.17,27.17,27.17,27.17,27.17,27.17,27.17,27.17,27.17,27.17,27.17,0,0,0,0,0],
[0,0,0,0,0,0,0,0,0,0,0,0,0,0,0,0,0,0,0,0,0,0,0,0,0,0,0,0,0,0,0,0,0,25.50,25.50,25.50,25.50,25.50,25.50,0,0,25.50,25.50,25.50,25.50,25.50,25.50,25.50,25.50,25.50,25.50,25.50,25.50,25.50,25.50,25.50,25.50,25.50,25.50,25.50,25.50,25.50,25.50,25.50,25.50,25.50,25.53,25.55,25.57,25.63,26.18,26.54,26.85,27.24,27.21,27.18,27.17,27.17,27.17,27.17,27.17,27.17,27.17,27.17,27.17,27.17,27.17,27.17,27.17,27.17,27.17,0,0,0,0,0,0,0,0,27.17,27.17,27.17,27.17,27.17,27.17,27.17,27.17,27.17,27.17,27.17,27.17,27.17,27.17,27.17,27.17,0,0,0,0,0],
[0,0,0,0,0,0,0,0,0,0,0,0,0,0,0,0,0,0,0,0,0,0,0,0,0,0,0,0,0,0,0,0,25.50,25.50,25.50,25.50,25.50,25.50,25.50,25.50,25.50,25.50,25.50,25.50,25.50,25.50,25.50,25.50,25.50,25.50,25.50,25.50,25.50,25.50,25.50,25.50,25.50,25.50,25.50,25.50,25.50,25.50,25.50,25.50,25.50,25.50,25.52,25.55,25.57,25.82,26.18,26.54,26.92,27.24,27.21,27.18,27.17,27.17,27.17,27.17,27.17,27.17,27.17,27.17,27.17,27.17,27.17,27.17,27.17,27.17,0,0,0,0,0,0,0,0,0,0,27.17,27.17,27.17,27.17,27.17,27.17,27.17,27.17,27.17,27.17,27.17,27.17,27.17,27.17,27.17,0,0,0,0,0],
[0,0,0,0,0,0,0,0,0,0,0,0,0,0,0,0,0,0,0,0,0,0,0,0,0,0,0,0,0,0,0,25.50,25.50,25.50,25.50,25.50,25.50,25.50,25.50,25.50,25.50,25.50,25.50,25.50,25.50,25.50,25.50,25.50,25.50,25.50,25.50,25.50,25.50,25.50,25.50,25.50,25.50,25.50,25.50,25.50,25.50,25.50,25.50,25.50,25.50,25.50,25.51,25.54,25.56,0,0,0,0,0,0,0,27.17,27.17,27.17,27.17,27.17,27.17,27.17,27.17,27.17,27.17,27.17,27.17,27.17,27.17,0,0,0,0,0,0,0,0,0,0,0,27.17,27.17,27.17,27.17,27.17,27.17,27.17,27.17,27.17,27.17,27.17,27.17,27.17,0,0,0,0,0,0],
[0,0,0,0,0,0,0,0,0,0,0,0,0,0,0,0,0,0,0,0,0,0,0,0,0,0,0,0,0,25.50,25.50,25.50,25.50,25.50,25.50,25.50,25.50,25.50,25.50,25.50,25.50,25.50,25.50,25.50,25.50,25.50,25.50,25.50,25.50,25.50,25.50,25.50,25.50,25.50,25.50,25.50,25.50,25.50,25.50,25.50,25.50,25.50,25.50,25.50,25.50,25.50,25.50,0,0,0,0,0,0,0,0,0,27.17,27.17,27.17,27.17,27.17,27.17,27.17,27.17,27.17,27.17,27.17,27.17,27.17,0,0,0,0,0,0,0,0,0,0,0,0,27.17,27.17,27.17,27.17,27.17,27.17,27.17,27.17,27.17,27.17,27.17,27.17,27.17,0,0,0,0,0,0],
[0,0,0,0,0,0,0,0,0,0,0,0,0,0,0,0,0,0,0,0,0,0,0,0,0,0,0,25.50,25.50,25.50,25.50,25.50,25.50,25.50,25.50,25.50,25.50,25.50,25.50,25.50,25.50,25.50,25.50,25.50,25.50,25.50,25.50,25.50,25.50,25.50,25.50,25.50,25.50,25.50,25.50,25.50,25.50,25.50,25.50,25.50,25.50,25.50,25.50,25.50,25.50,25.50,25.50,0,0,0,0,0,0,0,0,0,27.17,27.17,27.17,27.17,27.17,27.17,27.17,27.17,27.17,27.17,27.17,27.17,27.17,0,0,0,0,0,0,0,0,0,0,0,0,27.17,27.17,27.17,27.17,27.17,27.17,27.17,27.17,27.17,0,0,0,0,0,0,0,0,0,0],
[0,0,0,0,0,0,0,0,0,0,0,0,0,0,0,0,0,0,0,0,0,0,0,0,0,25.50,25.50,25.50,25.50,25.50,25.50,25.50,25.50,25.50,25.50,25.50,25.50,25.50,25.50,25.50,25.50,25.50,25.50,25.50,25.50,25.50,25.50,25.50,25.50,25.50,25.50,25.50,25.50,25.50,25.50,25.50,25.50,25.50,25.50,25.50,25.50,25.50,25.50,25.50,25.50,25.50,25.50,0,0,0,0,0,0,0,0,0,27.17,27.17,27.17,27.17,27.17,27.17,27.17,27.17,27.17,27.17,27.17,27.17,27.17,27.17,0,0,0,0,0,0,0,0,0,0,27.17,27.17,27.17,27.17,27.17,27.17,27.17,27.17,27.17,0,0,0,0,0,0,0,0,0,0,0],
[0,0,0,0,0,0,0,0,0,0,0,0,0,23.50,23.50,0,0,0,0,0,0,0,0,0,25.50,25.50,25.50,25.50,25.50,25.50,25.50,25.50,25.50,25.50,25.50,25.50,25.50,25.50,25.50,25.50,25.50,25.50,25.50,25.50,25.50,25.50,25.50,25.50,25.50,25.50,25.50,25.50,25.50,25.50,25.50,25.50,25.50,25.50,25.50,25.50,25.50,25.50,25.50,25.50,25.50,25.50,25.50,0,0,0,0,0,0,0,0,0,27.17,27.17,27.17,27.17,27.17,27.17,27.17,27.17,27.17,27.17,27.17,27.17,27.17,27.17,0,0,0,0,0,0,0,0,0,0,27.17,27.17,27.17,27.17,27.17,27.17,27.17,27.17,0,0,0,0,0,0,0,0,0,0,0,0],
[0,0,0,0,0,0,0,0,0,0,0,0,0,23.50,23.50,23.50,23.50,23.60,24.00,24.45,24.89,25.31,25.57,25.52,25.50,25.50,25.50,25.50,25.50,25.50,25.50,25.50,25.50,25.50,25.50,25.50,25.50,25.50,25.50,25.50,25.50,25.50,25.50,25.50,25.50,25.50,25.50,25.50,25.50,25.50,25.50,25.50,25.50,25.50,25.50,25.50,25.50,25.50,25.50,25.50,25.50,25.50,25.50,25.50,25.50,25.50,25.50,25.50,0,0,0,0,0,0,0,0,0,27.17,27.17,27.17,27.17,27.17,27.17,27.17,27.17,27.17,27.17,27.17,27.17,27.17,0,0,0,0,0,0,0,27.17,27.17,27.17,27.17,27.17,27.17,27.17,27.17,27.17,27.17,27.17,0,0,0,0,0,0,0,0,0,0,0,0],
[0,0,0,0,0,0,0,0,0,0,0,0,0,23.50,23.50,23.50,23.50,23.60,23.67,24.46,24.92,25.38,25.56,25.52,25.50,25.50,25.50,25.50,25.50,25.50,25.50,25.50,25.50,25.50,25.50,25.50,25.50,25.50,25.50,25.50,25.50,25.50,25.50,25.50,25.50,25.50,25.50,25.50,25.50,25.50,25.50,25.50,25.50,25.50,25.50,25.50,25.50,25.50,25.50,25.50,25.50,25.50,25.50,25.50,25.50,25.50,25.50,25.50,0,0,0,0,0,0,0,0,0,27.17,27.17,27.17,27.17,27.17,27.17,27.17,27.17,27.17,27.17,27.17,27.17,27.17,27.17,0,0,0,0,0,27.17,27.17,27.17,27.17,27.17,27.17,27.17,27.17,27.17,27.17,27.17,0,0,0,0,0,0,0,0,0,0,0,0,0],
[0,0,0,0,0,0,0,0,0,0,0,0,0,0,23.50,23.50,23.50,23.59,23.67,24.46,24.94,25.42,25.56,25.53,25.50,25.50,25.50,25.50,25.50,25.50,25.50,25.50,25.50,25.50,25.50,25.50,25.50,25.50,25.50,25.50,25.50,25.50,25.50,25.50,25.50,25.50,25.50,25.50,25.50,25.50,25.50,25.50,25.50,25.50,25.50,25.50,25.50,25.50,25.50,25.50,25.50,25.50,25.50,25.50,25.50,25.50,25.50,25.50,25.50,0,0,0,0,0,0,0,0,0,0,27.17,27.17,27.17,27.17,27.17,27.17,27.17,27.17,27.17,27.17,27.17,27.17,27.17,0,0,0,27.17,27.17,27.17,27.17,27.17,27.17,27.17,27.17,27.17,27.17,27.17,27.17,27.17,0,0,0,0,0,0,0,0,0,0,0,0],
[0,0,0,0,0,0,0,0,0,0,0,0,0,0,23.50,23.50,23.50,23.58,23.67,24.46,24.94,25.42,25.55,25.54,25.51,25.50,25.50,25.50,25.50,25.50,25.50,25.50,25.50,25.50,25.50,25.50,25.50,25.50,25.50,25.50,25.50,25.50,25.50,25.50,25.50,25.50,25.50,25.50,25.50,25.50,25.50,25.50,25.50,25.50,25.50,25.50,25.50,25.50,25.50,25.50,25.50,25.50,25.50,25.50,25.50,25.50,25.50,25.50,25.50,0,0,0,0,0,0,0,0,0,0,0,0,0,27.17,27.17,27.17,27.17,27.17,27.17,27.17,27.17,27.17,27.17,27.17,27.17,27.17,27.17,27.17,27.17,27.17,27.17,27.17,27.17,27.17,27.17,27.17,27.17,27.17,27.17,0,0,0,0,0,0,0,0,0,0,0,0],
[0,0,0,0,0,0,0,0,0,0,0,0,0,0,23.50,23.50,23.50,23.58,23.67,24.46,24.94,25.42,25.53,25.53,25.52,25.50,25.50,25.50,25.50,25.50,25.50,25.50,25.50,25.50,25.50,25.50,25.50,25.50,25.50,25.50,25.50,25.50,25.50,25.50,25.50,25.50,25.50,25.50,25.50,25.50,25.50,25.50,25.50,25.50,25.50,25.50,25.50,25.50,25.50,25.50,25.50,25.50,25.50,25.50,25.50,25.50,25.50,25.50,25.50,25.50,0,0,0,0,0,0,0,0,0,0,0,0,0,27.17,27.17,27.17,27.17,27.17,27.17,27.17,27.17,27.17,27.17,27.17,27.17,27.17,27.17,27.17,27.17,27.17,27.17,27.17,27.17,27.17,27.17,27.17,27.17,27.17,27.17,0,0,0,0,0,0,0,0,0,0,0],
[0,0,0,0,0,0,0,0,0,0,0,0,0,0,23.50,23.50,23.50,23.58,23.67,24.46,24.94,25.42,25.50,25.51,25.51,25.50,25.50,25.50,25.50,25.50,25.50,25.50,25.50,25.50,25.50,25.50,25.50,25.50,25.50,25.50,25.50,25.50,25.50,25.50,25.50,25.50,25.50,25.50,25.50,25.50,25.50,25.50,25.50,25.50,25.50,25.50,25.50,25.50,25.50,25.50,25.50,25.50,25.50,25.50,25.50,25.50,25.50,25.50,25.50,25.50,0,0,0,0,0,0,0,0,0,0,0,0,0,0,27.17,27.17,27.17,27.17,27.17,27.17,27.17,27.17,27.17,27.17,27.17,27.17,27.17,27.17,27.17,27.17,27.17,27.17,27.17,27.17,27.17,27.17,27.17,27.17,27.17,0,0,0,0,0,0,0,0,0,0,0],
[0,0,0,0,0,0,0,0,0,0,0,0,0,0,23.50,23.50,23.50,0,0,0,24.98,25.45,25.50,25.50,25.50,25.50,25.50,25.50,25.50,25.50,25.50,25.50,25.50,25.50,25.50,25.50,25.50,25.50,25.50,25.50,25.50,25.50,25.50,25.50,25.50,25.50,25.50,25.50,25.50,25.50,25.50,25.50,25.50,25.50,25.50,25.50,25.50,25.50,25.50,25.50,25.50,25.50,25.50,25.50,25.50,25.50,25.50,25.50,25.50,25.50,0,0,0,0,0,0,0,0,0,0,0,0,0,0,0,27.17,27.17,27.17,27.17,27.17,27.17,27.17,27.17,27.17,27.17,27.17,27.17,27.17,27.17,27.17,27.17,27.17,27.17,27.17,27.17,27.17,27.17,27.17,27.17,0,0,0,0,0,0,0,0,0,0,0],
[0,0,0,0,0,0,0,0,0,0,0,0,0,0,0,23.50,0,0,0,0,0,0,0,0,0,0,0,0,0,0,0,0,0,0,0,0,25.50,25.50,25.50,25.50,25.50,25.50,25.50,25.50,25.50,25.50,25.50,25.50,25.50,25.50,25.50,25.50,25.50,25.50,25.50,25.50,25.50,25.50,25.50,25.50,25.50,25.50,25.50,25.50,25.50,25.50,25.50,25.50,25.50,25.50,0,0,0,0,0,0,0,0,0,0,0,0,0,0,0,27.17,27.17,27.17,27.17,27.17,27.17,27.17,27.17,27.17,27.17,27.17,27.17,27.17,27.17,27.17,27.17,27.17,27.17,27.17,27.17,27.17,27.17,27.17,27.17,0,0,0,0,0,0,0,0,0,0,0],
[0,0,0,0,0,0,0,0,0,0,0,0,0,0,0,0,0,0,0,0,0,0,0,0,0,0,0,0,0,0,0,0,0,0,0,0,0,0,0,25.50,25.50,25.50,25.50,25.50,25.50,25.50,25.50,25.50,25.50,25.50,25.50,25.50,25.50,25.50,25.50,25.50,25.50,25.50,25.50,25.50,25.50,25.50,25.50,25.50,25.50,25.50,25.50,25.50,25.50,25.50,25.50,0,0,0,0,0,0,0,0,0,0,0,0,0,0,27.17,27.17,27.17,27.17,27.17,27.17,27.17,27.17,27.17,27.17,27.17,27.17,27.17,27.17,27.17,27.17,27.17,27.17,27.17,27.17,27.17,27.17,27.17,0,0,0,0,0,0,0,0,0,0,0,0],
[0,0,0,0,0,0,0,0,0,0,0,0,0,0,0,0,0,0,0,0,0,0,0,0,0,0,0,0,0,0,0,0,0,0,0,0,0,0,0,0,0,25.50,25.50,25.50,25.50,25.50,25.50,25.50,25.50,25.50,25.50,25.50,25.50,25.50,25.50,25.50,25.50,25.50,25.50,25.50,25.50,25.50,25.50,25.50,25.50,25.50,25.50,25.50,25.50,25.50,25.50,0,0,0,0,0,0,0,0,0,0,0,0,0,0,0,27.17,27.17,27.17,27.17,27.17,27.17,27.17,27.17,27.17,27.17,27.17,27.17,27.17,27.17,27.17,27.17,27.17,27.17,27.17,27.17,27.17,0,0,0,0,0,0,0,0,0,0,0,0,0],
[0,0,0,0,0,0,0,0,0,0,0,0,0,0,0,0,0,0,0,0,0,0,0,0,0,0,0,0,0,0,0,0,0,0,0,0,0,0,0,0,0,0,0,25.50,25.50,25.50,25.50,25.50,25.50,25.50,25.50,25.50,25.50,25.50,25.50,25.50,25.50,25.50,25.50,25.50,25.50,25.50,25.50,25.50,25.50,25.50,25.50,25.50,25.50,25.50,0,0,0,0,0,0,0,0,0,0,0,0,0,0,0,0,27.17,27.17,27.17,27.17,27.17,27.17,27.17,27.17,27.17,27.17,27.17,27.17,27.17,27.17,27.17,27.17,27.17,27.17,27.17,0,0,0,0,0,0,0,0,0,0,0,0,0,0,0],
[0,0,0,0,0,0,0,0,0,0,0,0,0,0,0,0,0,0,0,0,0,0,0,0,0,0,0,0,0,0,0,0,0,0,0,0,0,0,0,0,0,0,0,0,25.50,25.50,25.50,25.50,25.50,25.50,25.50,25.50,25.50,25.50,25.50,25.50,25.50,25.50,25.50,25.50,25.50,25.50,25.50,25.50,25.50,25.50,25.50,25.50,25.50,25.50,0,0,0,0,0,0,0,0,0,0,0,0,0,0,0,0,27.17,27.17,27.17,27.17,27.17,27.17,27.17,27.17,27.17,27.17,27.17,27.17,27.17,27.17,27.17,27.17,27.17,27.17,0,0,0,0,0,0,0,0,0,0,0,0,0,0,0,0],
[0,0,0,0,0,0,0,0,0,0,0,0,0,0,0,0,0,0,0,0,0,0,0,0,0,0,0,0,0,0,0,0,0,0,0,0,0,0,0,0,0,0,0,0,0,0,25.50,25.50,25.50,25.50,25.50,25.50,25.50,25.50,25.50,25.50,25.50,25.50,25.50,25.50,25.50,25.50,25.50,25.50,25.50,25.50,25.50,25.50,25.50,25.50,0,0,0,0,0,0,0,0,0,0,0,0,0,0,0,0,0,0,27.17,27.17,27.17,27.17,27.17,27.17,27.17,27.17,27.17,27.17,27.17,27.17,27.17,27.17,27.17,0,0,0,0,0,0,0,0,0,0,0,0,0,0,0,0,0],
[0,0,0,0,0,0,0,0,0,0,0,0,0,0,0,0,0,0,0,0,0,0,0,0,0,0,0,0,0,0,0,0,0,0,0,0,0,0,0,0,0,0,0,0,0,0,0,25.50,25.50,25.50,25.50,25.50,25.50,25.50,25.50,25.50,25.50,25.50,25.50,25.50,25.50,25.50,25.50,25.50,25.50,25.50,25.50,25.50,25.50,25.50,0,0,0,0,0,0,0,0,0,0,0,0,0,0,0,0,0,0,0,0,0,27.17,27.17,27.17,27.17,27.17,27.17,27.17,27.17,0,0,0,0,0,0,0,0,0,0,0,0,0,0,0,0,0,0,0,0,0],
[0,0,0,0,0,0,0,0,0,0,0,0,0,0,0,0,0,0,0,0,0,0,0,0,0,0,0,0,0,0,0,0,0,0,0,0,0,0,0,0,0,0,0,0,0,0,0,0,0,0,25.50,25.50,25.50,25.50,25.50,25.50,0,0,0,0,25.50,25.50,25.50,25.50,25.50,25.50,0,0,0,0,0,0,0,0,0,0,0,0,0,0,0,0,0,0,0,0,0,0,0,0,0,0,0,0,0,0,0,0,0,0,0,0,0,0,0,0,0,0,0,0,0,0,0,0,0,0,0,0,0,0],
[0,0,0,0,0,0,0,0,0,0,0,0,0,0,0,0,0,0,0,0,0,0,0,0,0,0,0,0,0,0,0,0,0,0,0,0,0,0,0,0,0,0,0,0,0,0,0,0,0,0,0,0,0,0,0,0,0,0,0,0,0,0,0,25.50,0,0,0,0,0,0,0,0,0,0,0,0,0,0,0,0,0,0,0,0,0,0,0,0,0,0,0,0,0,0,0,0,0,0,0,0,0,0,0,0,0,0,0,0,0,0,0,0,0,0,0,0,0,0,0,0],
[0,0,0,0,0,0,0,0,0,0,0,0,0,0,0,0,0,0,0,0,0,0,0,0,0,0,0,0,0,0,0,0,0,0,0,0,0,0,0,0,0,0,0,0,0,0,0,0,0,0,0,0,0,0,0,0,0,0,0,0,0,0,0,0,0,0,0,0,0,0,0,0,0,0,0,0,0,0,0,0,0,0,0,0,0,0,0,0,0,0,0,0,0,0,0,0,0,0,0,0,0,0,0,0,0,0,0,0,0,0,0,0,0,0,0,0,0,0,0,0],
[0,0,0,0,0,0,0,0,0,0,0,0,0,0,0,0,0,0,0,0,0,0,0,0,0,0,0,0,0,0,0,0,0,0,0,0,0,0,0,0,0,0,0,0,0,0,0,0,0,0,0,0,0,0,0,0,0,0,0,0,0,0,0,0,0,0,0,0,0,0,0,0,0,0,0,0,0,0,0,0,0,0,0,0,0,0,0,0,0,0,0,0,0,0,0,0,0,0,0,0,0,0,0,0,0,0,0,0,0,0,0,0,0,0,0,0,0,0,0,0],
[0,0,0,0,0,0,0,0,0,0,0,0,0,0,0,0,0,0,0,0,0,0,0,0,0,0,0,0,0,0,0,0,0,0,0,0,0,0,0,0,0,0,0,0,0,0,0,0,0,0,0,0,0,0,0,0,0,0,0,0,0,0,0,0,0,0,0,0,0,0,0,0,0,0,0,0,0,0,0,0,0,0,0,0,0,0,0,0,0,0,0,0,0,0,0,0,0,0,0,0,0,0,0,0,0,0,0,0,0,0,0,0,0,0,0,0,0,0,0,0],
[0,0,0,0,0,0,0,0,0,0,0,0,0,0,0,0,0,0,0,0,0,0,0,0,0,0,0,0,0,0,0,0,0,0,0,0,0,0,0,0,0,0,0,0,0,0,0,0,0,0,0,0,0,0,0,0,0,0,0,0,0,0,0,0,0,0,0,0,0,0,0,0,0,0,0,0,0,0,0,0,0,0,0,0,0,0,0,0,0,0,0,0,0,0,0,0,0,0,0,0,0,0,0,0,0,0,0,0,0,0,0,0,0,0,0,0,0,0,0,0],
[0,0,0,0,0,0,0,0,0,0,0,0,0,0,0,0,0,0,0,0,0,0,0,0,0,0,0,0,0,0,0,0,0,0,0,0,0,0,0,0,0,0,0,0,0,0,0,0,0,0,0,0,0,0,0,0,0,0,0,0,0,0,0,0,0,0,0,0,0,0,0,0,0,0,0,0,0,0,0,0,0,0,0,0,0,0,0,0,0,0,0,0,0,0,0,0,0,0,0,0,0,0,0,0,0,0,0,0,0,0,0,0,0,0,0,0,0,0,0,0],
[0,0,0,0,0,0,0,0,0,0,0,0,0,0,0,0,0,0,0,0,0,0,0,0,0,0,0,0,0,0,0,0,0,0,0,0,0,0,0,0,0,0,0,0,0,0,0,0,0,0,0,0,0,0,0,0,0,0,0,0,0,0,0,0,0,0,0,0,0,0,0,0,0,0,0,0,0,0,0,0,0,0,0,0,0,0,0,0,0,0,0,0,0,0,0,0,0,0,0,0,0,0,0,0,0,0,0,0,0,0,0,0,0,0,0,0,0,0,0,0],
[0,0,0,0,0,0,0,0,0,0,0,0,0,0,0,0,0,0,0,0,0,0,0,0,0,0,0,0,0,0,0,0,0,0,0,0,0,0,0,0,0,0,0,0,0,0,0,0,0,0,0,0,0,0,0,0,0,0,0,0,0,0,0,0,0,0,0,0,0,0,0,0,0,0,0,0,0,0,0,0,0,0,0,0,0,0,0,0,0,0,0,0,0,0,0,0,0,0,0,0,0,0,0,0,0,0,0,0,0,0,0,0,0,0,0,0,0,0,0,0],
[0,0,0,0,0,0,0,0,0,0,0,0,0,0,0,0,0,0,0,0,0,0,0,0,0,0,0,0,0,0,0,0,0,0,0,0,0,0,0,0,0,0,0,0,0,0,0,0,0,0,0,0,0,0,0,0,0,0,0,0,0,0,0,0,0,0,0,0,0,0,0,0,0,0,0,0,0,0,0,0,0,0,0,0,0,0,0,0,0,0,0,0,0,0,0,0,0,0,0,0,0,0,0,0,0,0,0,0,0,0,0,0,0,0,0,0,0,0,0,0],
[0,0,0,0,0,0,0,0,0,0,0,0,0,0,0,0,0,0,0,0,0,0,0,0,0,0,0,0,0,0,0,0,0,0,0,0,0,0,0,0,0,0,0,0,0,0,0,0,0,0,0,0,0,0,0,0,0,0,0,0,0,0,0,0,0,0,0,0,0,0,0,0,0,0,0,0,0,0,0,0,0,0,0,0,0,0,0,0,0,0,0,0,0,0,0,0,0,0,0,0,0,0,0,0,0,0,0,0,0,0,0,0,0,0,0,0,0,0,0,0],
[0,0,0,0,0,0,0,0,0,0,0,0,0,0,0,0,0,0,0,0,0,0,0,0,0,0,0,0,0,0,0,0,0,0,0,0,0,0,0,0,0,0,0,0,0,0,0,0,0,0,0,0,0,0,0,0,0,0,0,0,0,0,0,0,0,0,0,0,0,0,0,0,0,0,0,0,0,0,0,0,0,0,0,0,0,0,0,0,0,0,0,0,0,0,0,0,0,0,0,0,0,0,0,0,0,0,0,0,0,0,0,0,0,0,0,0,0,0,0,0],
[0,0,0,0,0,0,0,0,0,0,0,0,0,0,0,0,0,0,0,0,0,0,0,0,0,0,0,0,0,0,0,0,0,0,0,0,0,0,0,0,0,0,0,0,0,0,0,0,0,0,0,0,0,0,0,0,0,0,0,0,0,0,0,0,0,0,0,0,0,0,0,0,0,0,0,0,0,0,0,0,0,0,0,0,0,0,0,0,0,0,0,0,0,0,0,0,0,0,0,0,0,0,0,0,0,0,0,0,0,0,0,0,0,0,0,0,0,0,0,0],
[0,0,0,0,0,0,0,0,0,0,0,0,0,0,0,0,0,0,0,0,0,0,0,0,0,0,0,0,0,0,0,0,0,0,0,0,0,0,0,0,0,0,0,0,0,0,0,0,0,0,0,0,0,0,0,0,0,0,0,0,0,0,0,0,0,0,0,0,0,0,0,0,0,0,0,0,0,0,0,0,0,0,0,0,0,0,0,0,0,0,0,0,0,0,0,0,0,0,0,0,0,0,0,0,0,0,0,0,0,0,0,0,0,0,0,0,0,0,0,0],
[0,0,0,0,0,0,0,0,0,0,0,0,0,0,0,0,0,0,0,0,0,0,0,0,0,0,0,0,0,0,0,0,0,0,0,0,0,0,0,0,0,0,0,0,0,0,0,0,0,0,0,0,0,0,0,0,0,0,0,0,0,0,0,0,0,0,0,0,0,0,0,0,0,0,0,0,0,0,0,0,0,0,0,0,0,0,0,0,0,0,0,0,0,0,0,0,0,0,0,0,0,0,0,0,0,0,0,0,0,0,0,0,0,0,0,0,0,0,0,0]]