[[0,0,0,0,0,0,0,0,0,0,0,0,0,0,0,0,0,0,0,0,0,0,0,0,0,0,0,0,0,0,0,0,0,0,0,0,0,0,0,0,0,0,0,0,0,0,0,0,0,0,0,0,0,0,0,0,0,0,0,0,0,0,0,0,0,0,0,0,0,0,0,0,0,0,0,0,0,0,0,0,0,0,0,0,0,0,0,0,0,0,0,0,0,0,0,0,0,0,0,0],
[0,0,0,0,0,0,0,0,0,0,0,0,0,0,0,0,0,0,0,0,0,0,0,0,0,0,0,0,0,0,0,0,0,0,0,0,0,0,0,0,0,0,0,0,0,0,0,0,0,0,0,0,0,0,0,0,0,0,0,0,0,0,0,0,0,0,0,0,0,0,0,0,0,0,0,0,0,0,0,0,0,0,0,0,0,0,0,0,0,0,0,0,0,0,0,0,0,0,0,0],
[0,0,0,0,0,0,0,0,0,0,0,0,0,0,0,0,0,0,0,0,0,0,0,0,0,0,0,0,0,0,0,0,0,0,0,0,0,0,0,0,0,0,0,0,0,0,0,0,0,0,0,0,0,0,0,0,0,0,0,0,0,0,0,0,0,0,0,0,0,0,0,0,0,0,0,0,0,0,0,0,0,0,0,0,0,0,0,0,0,0,0,0,0,0,0,0,0,0,0,0],
[0,0,0,0,0,0,0,0,0,0,0,0,0,0,0,0,0,0,0,0,0,0,0,0,0,0,0,0,0,0,0,0,0,0,0,0,0,0,0,0,0,0,0,0,0,0,0,0,0,0,0,0,0,0,0,0,0,0,0,0,0,0,0,0,0,0,0,0,0,0,0,0,0,0,0,0,0,0,0,0,0,0,0,0,0,0,0,0,0,0,0,0,0,0,0,0,0,0,0,0],
[0,0,0,0,0,0,0,0,0,0,0,0,0,0,0,0,0,0,0,0,0,0,0,0,0,0,0,0,0,0,0,0,0,0,0,0,0,0,0,0,0,0,0,0,0,0,0,0,0,0,0,0,0,0,0,0,0,0,0,0,0,0,0,0,0,0,0,0,0,0,0,0,0,0,0,0,0,0,0,0,0,0,0,0,0,0,0,0,0,0,0,0,0,0,0,0,0,0,0,0],
[0,0,0,0,0,0,0,0,0,0,0,0,0,0,0,0,0,0,0,0,0,0,0,0,0,0,0,0,0,0,0,0,0,0,0,0,0,0,0,0,0,0,0,0,0,0,0,0,0,0,0,0,0,0,0,0,0,0,0,0,0,0,0,0,0,0,0,0,0,0,0,0,0,0,0,0,0,0,0,0,0,0,0,0,0,0,0,0,0,0,0,0,0,0,0,0,0,0,0,0],
[0,0,0,0,0,0,0,0,0,0,0,0,0,0,0,0,0,0,0,0,0,0,0,0,0,0,0,0,0,0,0,0,0,0,0,0,0,0,0,0,0,0,0,0,0,0,0,0,0,0,0,0,0,0,0,0,0,0,0,0,0,0,0,0,0,0,0,0,0,0,0,0,0,0,0,0,0,0,0,0,0,0,0,0,0,0,0,0,0,0,0,0,0,0,0,0,0,0,0,0],
[0,0,0,0,0,0,0,0,0,0,0,0,0,15.88,15.88,15.88,15.88,15.88,15.88,15.88,15.88,15.88,15.88,15.88,15.88,0,0,0,0,0,0,0,0,0,0,0,0,0,0,0,0,0,0,0,0,0,0,0,0,0,0,0,0,0,0,0,0,0,0,0,0,0,0,0,0,0,0,0,0,0,0,0,0,0,0,0,0,0,0,0,0,0,0,0,0,0,0,0,0,0,0,0,0,0,0,0,0,0,0,0],
[0,0,0,0,0,0,0,0,0,0,0,0,15.88,15.88,15.88,15.88,15.88,15.88,15.88,15.88,15.88,15.88,15.88,15.88,15.88,15.88,0,0,0,0,0,0,0,0,0,0,0,0,0,0,0,0,0,0,0,0,0,0,0,0,0,0,0,0,0,0,0,0,0,0,0,0,0,0,0,0,0,0,0,0,0,0,0,0,0,0,0,0,0,0,0,0,0,0,0,0,0,0,0,0,0,0,0,0,0,0,0,0,0,0],
[0,0,0,0,0,0,0,0,0,0,0,15.88,15.88,15.88,15.88,15.88,15.88,15.88,15.88,15.88,15.88,15.88,15.88,15.88,15.88,15.88,15.88,0,0,0,0,0,0,0,0,0,0,0,0,0,0,0,0,0,0,0,0,0,0,0,0,0,0,0,0,0,0,0,0,0,0,0,0,0,0,0,0,0,0,0,0,0,0,0,0,0,0,0,0,0,0,0,0,0,0,0,0,0,0,0,0,0,0,0,0,0,0,0,0,0],
[0,0,0,0,0,0,0,0,0,0,15.88,15.88,15.88,15.88,15.88,15.88,15.88,15.88,15.88,15.88,15.88,15.88,15.88,15.88,15.88,15.88,15.88,15.88,0,0,0,0,0,0,0,0,0,0,0,0,0,0,0,0,0,0,0,0,0,0,0,0,0,0,0,0,0,0,0,0,0,0,0,0,0,0,0,0,0,0,0,0,0,0,0,0,0,0,0,0,0,0,0,0,0,0,0,0,0,0,0,0,0,0,0,0,0,0,0,0],
[0,0,0,0,0,0,0,0,0,0,15.88,15.88,15.88,15.88,15.88,15.88,15.88,15.88,15.88,15.88,15.88,15.88,15.88,15.88,15.88,15.88,15.88,15.88,0,0,0,0,0,0,0,0,0,0,0,0,0,0,0,0,0,0,0,0,0,0,0,0,0,0,0,0,0,0,0,0,0,0,0,0,0,0,0,0,0,0,0,0,0,0,0,0,0,0,0,0,0,0,0,0,0,0,0,0,0,0,0,0,0,0,0,0,0,0,0,0],
[0,0,0,0,0,0,0,0,0,0,15.88,15.88,15.88,15.88,15.88,15.88,15.88,15.88,15.88,15.88,15.88,15.88,15.88,15.88,15.88,15.88,15.88,15.88,0,0,0,0,0,0,0,0,0,0,0,0,0,0,0,0,0,0,0,0,0,0,0,0,0,0,0,0,0,0,0,0,0,0,0,0,0,0,0,0,0,0,0,0,0,0,0,0,0,0,0,0,0,0,0,0,0,0,0,0,0,0,0,0,0,0,0,0,0,0,0,0],
[0,0,0,0,0,0,0,0,0,0,15.88,15.88,15.88,15.88,15.88,15.88,15.88,15.88,15.88,15.88,15.88,15.88,15.88,15.88,15.88,15.88,15.88,15.88,0,0,0,0,0,0,0,0,0,0,0,0,0,0,0,0,0,0,0,0,0,0,0,0,0,0,0,0,0,0,0,0,0,0,0,0,0,0,0,0,0,0,0,0,0,0,0,0,0,0,0,0,0,0,0,0,0,0,0,0,0,0,0,0,0,0,0,0,0,0,0,0],
[0,0,0,0,0,0,0,0,0,0,15.88,15.88,15.88,15.88,15.88,15.88,15.88,15.88,15.88,15.88,15.88,15.88,15.88,15.88,15.88,15.88,15.88,15.88,0,0,0,0,0,0,0,0,0,0,0,0,0,0,0,0,0,0,0,0,0,0,0,0,0,0,0,0,0,0,0,0,0,0,0,0,0,0,0,0,0,0,0,0,0,0,0,0,0,0,0,0,0,0,0,0,0,0,0,0,0,0,0,0,0,0,0,0,0,0,0,0],
[0,0,0,0,0,0,0,0,0,0,15.88,15.88,15.88,15.88,15.88,15.88,15.88,15.88,15.88,15.88,15.88,15.88,15.88,15.88,15.88,15.88,15.88,15.88,0,0,0,0,0,0,0,0,0,0,0,0,0,0,0,0,0,0,0,0,0,0,0,0,0,0,0,0,0,0,0,0,0,0,0,0,0,0,0,0,0,0,0,0,0,0,0,0,0,0,0,0,0,0,0,0,0,0,0,0,0,0,0,0,0,0,0,0,0,0,0,0],
[0,0,0,0,0,0,0,0,0,0,15.88,15.88,15.88,15.88,15.88,15.88,15.88,15.88,15.88,15.88,15.88,15.88,15.88,15.88,15.88,15.88,15.88,15.88,0,0,0,0,0,0,0,0,0,0,0,0,0,0,0,0,0,0,0,0,0,0,0,0,0,0,0,0,0,0,0,0,0,0,0,0,0,0,0,0,0,0,0,0,0,0,0,0,0,0,0,0,0,0,0,0,0,0,0,0,0,0,0,0,0,0,0,0,0,0,0,0],
[0,0,0,0,0,0,0,0,0,0,15.88,15.88,15.88,15.88,15.88,15.88,15.88,15.88,15.88,15.88,15.88,15.88,15.88,15.88,15.88,15.88,15.88,15.88,0,0,0,0,0,0,0,0,0,0,0,0,0,0,0,0,0,0,0,0,0,0,0,0,0,0,0,0,0,0,0,0,0,0,0,0,0,0,0,0,0,0,0,0,0,0,0,0,0,0,0,0,0,0,0,0,0,0,0,0,0,0,0,0,0,0,0,0,0,0,0,0],
[0,0,0,0,0,0,0,0,0,0,15.88,15.88,15.88,15.88,15.88,15.88,15.88,15.88,15.88,15.88,15.88,15.88,15.88,15.88,15.88,15.88,15.88,15.88,0,0,0,0,0,0,0,0,0,0,0,0,0,0,0,0,0,0,0,0,0,0,0,0,0,0,0,0,0,0,0,0,0,0,0,0,0,0,0,0,0,0,0,0,0,0,0,0,0,0,0,0,0,0,0,0,0,0,0,0,0,0,0,0,0,0,0,0,0,0,0,0],
[0,0,0,0,0,0,0,0,0,0,15.88,15.88,15.88,15.88,15.88,15.88,15.88,15.88,15.88,15.88,15.88,15.88,15.88,15.88,15.88,15.88,15.88,15.88,0,0,0,0,0,0,0,0,0,0,0,0,0,0,0,0,0,0,0,0,0,0,0,0,0,0,0,0,0,0,0,0,0,0,0,0,0,0,0,0,0,0,0,0,0,0,0,0,0,0,0,0,0,0,0,0,0,0,0,0,0,0,0,0,0,0,0,0,0,0,0,0],
[0,0,0,0,0,0,0,0,0,0,15.88,15.88,15.88,15.88,15.88,15.88,15.88,15.88,15.88,15.88,15.88,15.88,15.88,15.88,15.88,15.88,15.88,15.88,0,0,0,0,0,0,0,0,0,0,0,0,0,0,0,0,0,0,0,0,0,0,0,0,0,0,0,0,0,0,0,0,0,0,0,0,0,0,0,0,0,0,0,0,0,0,0,0,0,0,0,0,0,0,0,0,0,0,0,0,0,0,0,0,0,0,0,0,0,0,0,0],
[0,0,0,0,0,0,0,0,0,0,15.88,15.88,15.88,15.88,15.88,15.88,15.88,15.88,15.88,15.88,15.88,15.88,15.88,15.88,15.88,15.88,15.88,15.88,0,0,0,0,0,0,0,0,0,0,0,0,0,0,0,0,0,0,0,0,0,0,0,0,0,0,0,0,0,0,0,0,0,0,0,0,0,0,0,0,0,0,0,0,0,0,0,0,0,0,0,0,0,0,0,0,0,0,0,0,0,0,0,0,0,0,0,0,0,0,0,0],
[0,0,0,0,0,0,0,0,0,0,15.88,15.88,15.88,15.88,15.88,15.88,15.88,15.88,15.88,15.88,15.88,15.88,15.88,15.88,15.88,15.88,15.88,15.88,0,0,0,0,0,0,0,0,0,0,0,0,0,0,0,0,0,0,0,0,0,0,0,0,0,0,0,0,0,0,0,0,0,0,0,0,0,0,0,0,0,0,0,0,0,0,0,0,0,0,0,0,0,0,0,0,0,0,0,0,0,0,0,0,0,0,0,0,0,0,0,0],
[0,0,0,0,0,0,0,0,0,0,0,15.88,15.88,15.88,15.88,15.88,15.88,15.88,15.88,15.88,15.88,15.88,15.88,15.88,15.88,15.88,15.88,0,0,0,0,0,0,0,0,0,0,0,0,0,0,0,0,0,0,0,0,0,0,0,0,0,0,0,0,0,0,0,0,0,0,0,0,0,0,0,0,0,0,0,0,0,0,0,0,0,0,0,0,0,0,0,0,0,0,0,0,0,0,0,0,0,0,0,0,0,0,0,0,0],
[0,0,0,0,0,0,0,0,0,0,0,0,15.88,15.88,15.88,15.88,15.88,15.88,15.88,15.88,15.88,15.88,15.88,15.88,15.88,15.88,0,0,0,0,0,0,0,0,0,0,0,0,0,0,0,0,0,0,0,0,0,0,0,0,0,0,0,0,0,0,0,0,0,0,0,0,0,0,0,0,0,0,0,0,0,0,0,0,0,0,0,0,0,0,0,0,0,0,0,0,0,0,0,0,0,0,0,0,0,0,0,0,0,0],
[0,0,0,0,0,0,0,0,0,0,0,0,0,0,0,0,15.92,15.92,15.92,15.92,15.92,15.92,0,0,0,0,0,0,0,0,0,0,0,0,0,0,0,0,0,0,0,0,0,0,0,0,0,0,0,0,0,0,0,0,0,0,0,0,0,0,0,0,0,0,0,0,0,0,0,0,0,0,0,0,0,0,0,0,0,0,0,0,0,0,0,0,0,0,0,0,0,0,0,0,0,0,0,0,0,0],
[0,0,0,0,0,0,0,0,0,0,0,0,0,0,0,0,15.94,15.94,15.94,15.94,15.94,15.94,0,0,0,0,0,0,0,0,0,0,0,0,0,0,0,0,0,0,0,0,0,0,0,0,0,0,0,0,0,0,0,0,0,0,0,0,0,0,0,0,0,0,0,0,0,0,0,0,0,0,0,0,0,0,0,0,0,0,0,0,0,0,0,0,0,0,0,0,0,0,0,0,0,0,0,0,0,0],
[0,0,0,0,0,0,0,0,0,0,0,0,0,0,0,0,15.71,15.71,15.71,15.71,15.71,15.71,0,0,0,0,0,0,0,0,0,0,0,0,0,0,0,0,0,0,0,0,0,0,0,0,0,0,0,0,0,0,0,0,0,0,0,0,0,0,0,0,0,0,0,0,0,0,0,0,0,0,0,0,0,0,0,0,0,0,0,0,0,0,0,0,0,0,0,0,0,0,0,0,0,0,0,0,0,0],
[0,0,0,0,0,0,0,0,0,0,0,0,0,0,0,0,15.21,15.21,15.21,15.21,15.21,15.21,0,0,0,0,0,0,0,0,0,0,0,0,0,0,0,0,0,0,0,0,0,0,0,0,0,0,0,0,0,0,0,0,0,0,0,0,0,0,0,0,0,0,0,0,0,0,0,0,0,0,0,0,0,0,0,0,0,0,0,0,0,0,0,0,0,0,0,0,0,0,0,0,0,0,0,0,0,0],
[0,0,0,0,0,0,0,0,0,0,0,0,0,0,0,0,14.71,14.71,14.71,14.71,14.71,14.71,0,0,0,0,0,0,0,0,0,0,0,0,0,0,0,0,0,0,0,0,0,0,0,0,0,0,0,0,0,0,0,0,0,0,0,0,0,0,0,0,0,0,0,0,0,0,0,0,0,0,0,0,0,0,0,0,0,0,0,0,0,0,0,0,0,0,0,0,0,0,0,0,0,0,0,0,0,0],
[0,0,0,0,0,0,0,0,0,0,0,0,0,0,0,14.29,14.29,14.38,14.38,14.38,14.38,14.29,14.29,0,0,0,0,0,0,0,0,0,0,0,0,0,0,0,0,0,0,0,0,0,0,0,0,0,0,0,0,0,0,0,0,0,0,0,0,0,0,0,0,0,0,0,0,0,0,0,0,0,0,0,0,0,0,0,0,0,0,0,0,0,0,0,0,0,0,0,0,0,0,0,0,0,0,0,0,0],
[0,0,0,0,0,0,0,0,0,0,0,0,0,0,0,14.29,14.29,14.35,14.37,14.37,14.37,14.29,14.29,0,0,0,0,0,0,0,0,0,0,0,0,0,0,0,0,0,0,0,0,0,0,0,0,0,0,0,0,0,0,0,0,0,0,0,0,0,0,0,0,0,0,0,0,0,0,0,0,0,0,0,0,0,0,0,0,0,0,0,0,0,0,0,0,0,0,0,0,0,0,0,0,0,0,0,0,0],
[0,0,0,0,0,0,0,0,0,0,0,0,0,0,0,14.29,14.29,14.32,14.37,14.37,14.37,14.29,14.29,0,0,0,0,0,0,0,0,0,0,0,0,0,0,0,0,0,0,0,0,0,0,0,0,0,0,0,0,0,0,0,0,0,0,0,0,0,0,0,0,0,0,0,0,0,0,0,0,0,0,0,0,0,0,0,0,0,0,0,0,0,0,0,0,0,0,0,0,0,0,0,0,0,0,0,0,0],
[0,0,0,0,0,0,0,0,0,0,0,0,0,0,0,14.29,14.29,14.29,14.36,14.36,14.36,14.29,14.29,0,0,0,0,0,0,0,0,0,0,0,0,0,0,0,0,0,0,0,0,0,0,0,0,0,0,0,0,0,0,0,0,0,0,0,0,0,0,0,0,0,0,0,0,0,0,0,0,0,0,0,0,0,0,0,0,0,0,0,0,0,0,0,0,0,0,0,0,0,0,0,0,0,0,0,0,0],
[0,0,0,0,0,0,0,0,0,0,0,0,0,0,0,14.29,14.29,14.29,14.36,14.36,14.36,14.29,14.29,0,0,0,0,0,0,0,0,0,0,0,0,0,0,0,0,0,0,0,0,0,0,0,0,0,0,0,0,0,0,0,0,0,0,0,0,0,0,0,0,0,0,0,0,0,0,0,0,0,0,0,0,0,0,0,0,0,0,0,0,0,0,0,0,0,0,0,0,0,0,0,0,0,0,0,0,0],
[0,0,0,0,0,0,0,0,0,0,0,0,0,0,0,14.29,14.29,14.29,14.34,14.36,14.36,14.29,14.29,0,0,0,0,0,0,0,0,0,0,0,0,0,0,0,0,0,0,0,0,0,0,0,0,0,0,0,0,0,0,0,0,0,0,0,0,0,0,0,0,0,0,0,0,0,0,0,0,0,0,0,0,0,0,0,0,0,0,0,0,0,0,0,0,0,0,0,0,0,0,0,0,0,0,0,0,0],
[0,0,0,0,0,0,0,0,0,0,0,0,0,0,0,14.29,14.29,14.29,14.31,14.35,14.35,14.29,14.29,0,0,0,0,0,0,0,0,0,0,0,0,0,0,0,0,0,0,0,0,0,0,0,0,0,0,0,0,0,0,0,0,0,0,0,0,0,0,0,0,0,0,0,0,0,0,0,0,0,0,0,0,0,0,0,0,0,0,0,0,0,0,0,0,0,0,0,0,0,0,0,0,0,0,0,0,0],
[0,0,0,0,0,0,0,0,0,0,0,0,0,0,0,14.29,14.29,14.29,14.29,14.35,14.35,14.31,14.29,0,0,0,0,0,0,0,0,0,0,0,0,0,0,0,0,0,0,0,0,0,0,0,0,0,0,0,0,0,0,0,0,0,0,0,0,0,0,0,0,0,0,0,0,0,0,0,0,0,0,0,0,0,0,0,0,0,0,0,0,0,0,0,0,0,0,0,0,0,0,0,0,0,0,0,0,0],
[0,0,0,0,0,0,0,0,0,0,0,0,0,0,0,14.29,14.29,14.29,14.29,14.34,14.34,14.32,14.29,0,0,0,0,0,0,0,0,0,0,0,0,0,0,0,0,0,0,0,0,0,0,0,0,0,0,0,0,0,0,0,0,0,0,0,0,0,0,0,0,0,0,0,0,0,0,0,0,0,0,0,0,0,0,0,0,0,0,0,0,0,0,0,0,0,0,0,0,0,0,0,0,0,0,0,0,0],
[0,0,0,0,0,0,0,0,0,0,0,0,0,0,0,14.29,14.29,14.29,14.29,14.33,14.34,14.33,14.29,0,0,0,0,0,0,0,0,0,0,0,0,0,0,0,0,0,0,0,0,0,0,0,0,0,0,0,0,0,0,0,0,0,0,0,0,0,0,0,0,0,0,0,0,0,0,0,0,0,0,0,0,0,0,0,0,0,0,0,0,0,0,0,0,0,0,0,0,0,0,0,0,0,0,0,0,0],
[0,0,0,0,0,0,0,0,0,0,0,0,0,0,0,14.29,14.29,14.29,14.29,14.30,14.33,14.33,14.29,0,0,0,0,0,0,0,0,0,0,0,0,0,0,0,0,0,0,0,0,0,0,0,0,0,0,0,0,0,0,0,0,0,0,0,0,0,0,0,0,0,0,0,0,0,0,0,0,0,0,0,0,0,0,0,0,0,0,0,0,0,0,0,0,0,0,0,0,0,0,0,0,0,0,0,0,0],
[0,0,0,0,0,0,0,0,0,0,0,0,0,0,0,14.29,14.29,14.29,14.29,14.29,14.33,14.33,14.29,0,0,0,0,0,0,0,0,0,0,0,0,0,0,0,0,0,0,0,0,0,0,0,0,0,0,0,0,0,0,0,0,0,0,0,0,0,0,0,0,0,0,0,0,0,0,0,0,0,0,0,0,0,0,0,0,0,0,0,0,0,0,0,0,0,0,0,0,0,0,0,0,0,0,0,0,0],
[0,0,0,0,0,0,0,0,0,0,0,0,0,0,0,14.29,14.29,14.29,14.29,14.29,14.33,14.33,14.29,0,0,0,0,0,0,0,0,0,0,0,0,0,0,0,0,0,0,0,0,0,0,0,0,0,0,0,0,0,0,0,0,0,0,12.54,12.54,12.54,12.54,12.54,12.54,12.54,12.54,12.54,12.54,12.54,12.54,12.54,12.54,12.54,12.54,12.54,12.54,12.54,12.54,12.54,12.54,12.54,12.54,12.54,12.54,12.54,12.54,12.54,12.54,0,0,0,0,0,0,0,0,0,0,0,0,0],
[0,0,0,0,0,0,0,0,0,0,0,0,0,0,0,14.29,14.29,14.29,14.29,14.29,14.32,14.32,14.29,0,0,0,0,0,0,0,0,0,0,0,0,0,0,0,0,0,0,0,0,0,0,0,0,0,0,0,0,0,0,0,0,0,12.54,12.54,12.54,12.54,12.54,12.54,12.54,12.54,12.54,12.54,12.54,12.54,12.54,12.54,12.54,12.54,12.54,12.54,12.54,12.54,12.54,12.54,12.54,12.54,12.54,12.54,12.54,12.54,12.54,12.54,12.54,12.54,0,0,0,0,0,0,0,0,0,0,0,0],
[0,0,0,0,0,0,0,0,0,0,0,0,0,0,0,14.29,14.29,14.29,14.29,14.29,14.29,14.32,14.29,0,0,0,0,0,0,0,0,0,0,0,0,0,0,0,0,0,0,0,0,0,0,0,0,0,0,0,0,0,0,0,0,12.54,12.54,12.54,12.54,12.54,12.54,12.54,12.54,12.54,12.54,12.54,12.54,12.54,12.54,12.54,12.54,12.54,12.54,12.54,12.54,12.54,12.54,12.54,12.54,12.54,12.54,12.54,12.54,12.54,12.54,12.54,12.54,12.54,12.54,0,0,0,0,0,0,0,0,0,0,0],
[0,0,0,0,0,0,0,0,0,0,0,0,0,0,0,14.29,14.29,14.29,14.29,14.29,14.29,14.31,14.29,0,0,0,0,0,0,0,0,0,0,0,0,0,0,0,0,0,0,0,0,0,0,0,0,0,0,0,0,0,0,0,12.54,12.54,12.54,12.54,12.54,12.54,12.54,12.54,12.54,12.54,12.54,12.54,12.54,12.54,12.54,12.54,12.54,12.54,12.54,12.54,12.54,12.54,12.54,12.54,12.54,12.54,12.54,12.54,12.54,12.54,12.54,12.54,12.54,12.54,12.54,12.54,0,0,0,0,0,0,0,0,0,0],
[0,0,0,0,0,0,0,0,0,0,0,0,0,0,0,14.29,14.29,14.29,14.29,14.29,14.29,14.31,14.29,0,0,0,0,0,0,0,0,0,0,0,0,0,0,0,0,0,0,0,0,0,0,0,0,0,0,0,0,0,0,12.54,12.54,12.54,12.54,12.54,12.54,12.54,12.54,12.54,12.54,12.54,12.54,12.54,12.54,12.54,12.54,12.54,12.54,12.54,12.54,12.54,12.54,12.54,12.54,12.54,12.54,12.54,12.54,12.54,12.54,12.54,12.54,12.54,12.54,12.54,12.54,12.54,12.54,0,0,0,0,0,0,0,0,0],
[0,0,0,0,0,0,0,0,0,0,0,0,0,0,0,14.29,14.29,14.29,14.29,14.29,14.29,14.31,14.29,0,0,0,0,0,0,0,0,0,0,0,0,0,0,0,0,0,0,0,0,0,0,0,0,0,0,0,0,0,0,12.54,12.54,12.54,12.54,12.54,12.54,12.54,12.54,12.54,12.54,12.54,12.54,12.54,12.54,12.54,12.54,12.54,12.54,12.54,12.54,12.54,12.54,12.54,12.54,12.54,12.54,12.54,12.54,12.54,12.54,12.54,12.54,12.54,12.54,12.54,12.54,12.54,12.54,0,0,0,0,0,0,0,0,0],
[0,0,0,0,0,0,0,0,0,0,0,0,0,0,0,14.29,14.29,14.29,14.29,14.29,14.29,14.29,14.29,0,0,0,0,0,0,0,0,0,0,0,0,0,0,0,0,0,0,0,0,0,0,0,0,0,0,0,0,0,0,12.54,12.54,12.54,12.54,12.54,12.54,12.54,12.54,12.54,12.54,12.54,12.54,12.54,12.54,12.54,12.54,12.54,12.54,12.54,12.54,12.54,12.54,12.54,12.54,12.54,12.54,12.54,12.54,12.54,12.54,12.54,12.54,12.54,12.54,12.54,12.54,12.54,12.54,0,0,0,0,0,0,0,0,0],
[0,0,0,0,0,0,0,0,0,0,0,0,0,0,0,14.29,14.29,14.29,14.29,14.29,14.29,14.29,14.29,0,0,0,0,0,0,0,0,0,0,0,0,0,0,0,0,0,0,0,0,0,0,0,0,0,0,0,0,0,0,12.54,12.54,12.54,12.54,12.54,12.54,12.54,12.54,12.54,12.54,12.54,12.54,12.54,12.54,12.54,12.54,12.54,12.54,12.54,12.54,12.54,12.54,12.54,12.54,12.54,12.54,12.54,12.54,12.54,12.54,12.54,12.54,12.54,12.54,12.54,12.54,12.54,12.54,0,0,0,0,0,0,0,0,0],
[0,0,0,0,0,0,0,0,0,0,0,0,0,0,0,14.29,14.29,14.29,14.29,14.29,14.29,14.29,14.29,0,0,0,0,0,0,0,0,0,0,0,0,0,0,0,0,0,0,0,0,0,0,0,0,0,0,0,0,0,0,12.54,12.54,12.54,12.54,12.54,12.54,12.54,12.54,12.54,12.54,12.54,12.54,12.54,12.54,12.54,12.54,12.54,12.54,12.54,12.54,12.54,12.54,12.54,12.54,12.54,12.54,12.54,12.54,12.54,12.54,12.54,12.54,12.54,12.54,12.54,12.54,12.54,0,0,0,0,0,0,0,0,0,0],
[0,0,0,0,0,0,0,0,0,0,0,0,0,0,0,14.29,14.29,14.29,14.29,14.29,14.29,14.29,14.29,0,0,0,0,0,0,0,0,0,0,0,0,0,0,0,0,0,0,0,0,0,0,0,0,0,0,0,0,0,0,12.54,12.54,12.54,12.54,12.54,12.54,12.54,12.54,12.54,12.54,12.54,12.54,12.54,12.54,12.54,12.54,12.54,12.54,12.54,12.54,12.54,12.54,12.54,12.54,12.54,12.54,12.54,12.54,12.54,12.54,12.54,12.54,12.54,12.54,12.54,12.54,12.54,0,0,0,0,0,0,0,0,0,0],
[0,0,0,0,0,0,0,0,0,0,0,0,14.29,14.29,14.29,14.29,14.29,14.29,14.29,14.29,14.29,14.29,14.29,14.29,14.29,14.29,0,0,0,0,0,0,0,0,0,0,0,0,0,0,0,0,0,0,0,0,0,0,0,0,0,0,0,12.54,12.54,12.54,12.54,12.54,12.54,12.54,12.54,12.54,12.54,12.54,12.54,12.54,12.54,12.54,12.54,12.54,12.54,12.54,12.54,12.54,12.54,12.54,12.54,12.54,12.54,12.54,12.54,12.54,12.54,12.54,12.54,12.54,12.54,12.54,12.54,12.54,12.54,0,0,0,0,0,0,0,0,0],
[0,0,0,0,0,0,0,0,0,0,0,14.29,14.29,14.29,14.29,14.29,14.29,14.29,14.29,14.29,14.29,14.29,14.29,14.29,14.29,14.29,14.29,0,0,0,0,0,0,0,0,0,0,0,0,0,0,0,0,0,0,0,0,0,0,0,0,0,0,12.54,12.54,12.54,12.54,12.54,12.54,12.54,12.54,12.54,12.54,12.54,12.54,12.54,12.54,12.54,12.54,12.54,12.54,12.54,12.54,12.54,12.54,12.54,12.54,12.54,12.54,12.54,12.54,12.54,12.54,12.54,12.54,12.54,12.54,12.54,12.54,12.54,12.54,0,0,0,0,0,0,0,0,0],
[0,0,0,0,0,0,0,0,0,0,0,14.29,14.29,14.29,14.29,14.29,14.29,14.29,14.29,14.29,14.29,14.29,14.29,14.29,14.29,14.29,14.29,14.29,0,0,0,0,0,0,0,0,0,0,0,0,0,0,0,0,0,0,0,0,0,0,0,0,0,12.54,12.54,12.54,12.54,12.54,12.54,12.54,12.54,12.54,12.54,12.54,12.54,12.54,12.54,12.54,12.54,12.54,12.54,12.54,12.54,12.54,12.54,12.54,12.54,12.54,12.54,12.54,12.54,12.54,12.54,12.54,12.54,12.54,12.54,12.54,12.54,12.54,12.54,0,0,0,0,0,0,0,0,0],
[0,0,0,0,0,0,0,0,0,0,0,14.29,14.29,14.29,14.29,14.29,14.29,14.29,14.29,14.29,14.29,14.29,14.29,14.29,14.29,14.29,14.29,14.29,0,0,0,0,0,0,0,0,0,0,0,0,0,0,0,0,0,0,0,0,0,0,0,0,0,0,12.54,12.54,12.54,12.54,12.54,12.54,12.54,12.54,12.54,12.54,12.54,12.54,12.54,12.54,12.54,12.54,12.54,12.54,12.54,12.54,12.54,12.54,12.54,12.54,12.54,12.54,12.54,12.54,12.54,12.54,12.54,12.54,12.54,12.54,12.54,12.54,12.54,0,0,0,0,0,0,0,0,0],
[0,0,0,0,0,0,0,0,0,0,14.29,14.29,14.29,14.29,14.29,14.29,14.29,14.29,14.29,14.29,14.29,14.29,14.29,14.29,14.29,14.29,14.29,14.29,0,0,0,0,0,12.54,12.54,12.54,12.54,12.54,12.54,12.54,12.54,12.54,12.54,12.54,12.54,12.54,12.54,12.54,12.54,12.54,12.54,12.54,0,0,12.54,12.54,12.54,12.54,12.54,12.54,12.54,12.54,12.54,12.54,12.54,12.54,12.54,12.54,12.54,12.54,12.54,12.54,12.54,12.54,12.54,12.54,12.54,12.54,12.54,12.54,12.54,12.54,12.54,12.54,12.54,12.54,12.54,12.54,12.54,12.54,12.54,0,0,0,0,0,0,0,0,0],
[0,0,0,0,0,0,0,0,0,0,14.29,14.29,14.29,14.29,14.29,14.29,14.29,14.29,14.29,14.29,14.29,14.29,14.29,14.29,14.29,14.29,14.29,14.31,14.35,14.24,13.84,13.36,12.87,12.54,12.54,12.54,12.54,12.54,12.54,12.54,12.54,12.54,12.54,12.54,12.54,12.54,12.54,12.54,12.54,12.54,12.54,12.54,12.54,12.54,12.54,12.54,12.54,12.54,12.54,12.54,12.54,12.54,12.54,12.54,12.54,12.54,12.54,12.54,12.54,12.54,12.54,12.54,12.54,12.54,12.54,12.54,12.54,12.54,12.54,12.54,12.54,12.54,12.54,12.54,12.54,12.54,12.54,12.54,12.54,12.54,12.54,0,0,0,0,0,0,0,0,0],
[0,0,0,0,0,0,0,0,0,0,14.29,14.29,14.29,14.29,14.29,14.29,14.29,14.29,14.29,14.29,14.29,14.29,14.29,14.29,14.29,14.29,14.29,14.31,14.35,14.25,13.83,13.35,12.63,12.54,12.54,12.54,12.54,12.54,12.54,12.54,12.54,12.54,12.54,12.54,12.54,12.54,12.54,12.54,12.54,12.54,12.54,12.54,12.54,12.54,12.54,12.54,12.54,12.54,12.54,12.54,12.54,12.54,12.54,12.54,12.54,12.54,12.54,12.54,12.54,12.54,12.54,12.54,12.54,12.54,12.54,12.54,12.54,12.54,12.54,12.54,12.54,12.54,12.54,12.54,12.54,12.54,12.54,12.54,12.54,12.54,12.54,0,0,0,0,0,0,0,0,0],
[0,0,0,0,0,0,0,0,0,0,14.29,14.29,14.29,14.29,14.29,14.29,14.29,14.29,14.29,14.29,14.29,14.29,14.29,14.29,14.29,14.29,14.29,14.31,14.35,14.26,13.81,13.32,12.63,12.54,12.54,12.54,12.54,12.54,12.54,12.54,12.54,12.54,12.54,12.54,12.54,12.54,12.54,12.54,12.54,12.54,12.54,12.54,12.54,12.54,12.54,12.54,12.54,12.54,12.54,12.54,12.54,12.54,12.54,12.54,12.54,12.54,12.54,12.54,12.54,12.54,12.54,12.54,12.54,12.54,12.54,12.54,12.54,12.54,12.54,12.54,12.54,12.54,12.54,12.54,12.54,12.54,12.54,12.54,12.54,12.54,12.54,0,0,0,0,0,0,0,0,0],
[0,0,0,0,0,0,0,0,0,0,14.29,14.29,14.29,14.29,14.29,14.29,14.29,14.29,14.29,14.29,14.29,14.29,14.29,14.29,14.29,14.29,14.29,14.30,14.35,14.26,13.79,13.30,12.63,12.54,12.54,12.54,12.54,12.54,12.54,12.54,12.54,12.54,12.54,12.54,12.54,12.54,12.54,12.54,12.54,12.54,12.54,12.54,12.54,12.54,12.54,12.54,12.54,12.54,12.54,12.54,12.54,12.54,12.54,12.54,12.54,12.54,12.54,12.54,12.54,12.54,12.54,12.54,12.54,12.54,12.54,12.54,12.54,12.54,12.54,12.54,12.54,12.54,12.54,12.54,12.54,12.54,12.54,12.54,12.54,12.54,12.54,0,0,0,0,0,0,0,0,0],
[0,0,0,0,0,0,0,0,0,0,14.29,14.29,14.29,14.29,14.29,14.29,14.29,14.29,14.29,14.29,14.29,14.29,14.29,14.29,14.29,14.29,14.29,14.30,14.35,14.26,13.77,13.29,12.63,12.54,12.54,12.54,12.54,12.54,12.54,12.54,12.54,12.54,12.54,12.54,12.54,12.54,12.54,12.54,12.54,12.54,12.54,12.54,12.54,12.54,12.54,12.54,12.54,12.54,12.54,12.54,12.54,12.54,12.54,12.54,12.54,12.54,12.54,12.54,12.54,12.54,12.54,12.54,12.54,12.54,12.54,12.54,12.54,12.54,12.54,12.54,12.54,12.54,12.54,12.54,12.54,12.54,12.54,12.54,12.54,12.54,12.54,0,0,0,0,0,0,0,0,0],
[0,0,0,0,0,0,0,0,0,0,14.29,14.29,14.29,14.29,14.29,14.29,14.29,14.29,14.29,14.29,14.29,14.29,14.29,14.29,14.29,14.29,14.29,14.30,14.35,14.25,13.79,13.32,12.63,12.54,12.54,12.54,12.54,12.54,12.54,12.54,12.54,12.54,12.54,12.54,12.54,12.54,12.54,12.54,12.54,12.54,12.54,12.54,12.54,12.54,12.54,12.54,12.54,12.54,12.54,12.54,12.54,12.54,12.54,12.54,12.54,12.54,12.54,12.54,12.54,12.54,12.54,12.54,12.54,12.54,12.54,12.54,12.54,12.54,12.54,12.54,12.54,12.54,12.54,12.54,12.54,12.54,12.54,12.54,12.54,12.54,12.54,0,0,0,0,0,0,0,0,0],
[0,0,0,0,0,0,0,0,0,0,14.29,14.29,14.29,14.29,14.29,14.29,14.29,14.29,14.29,14.29,14.29,14.29,14.29,14.29,14.29,14.29,14.29,14.29,0,0,0,0,0,12.54,12.54,12.54,12.54,12.54,12.54,12.54,12.54,12.54,12.54,12.54,12.54,12.54,12.54,12.54,12.54,12.54,12.54,12.54,12.54,12.54,12.54,12.54,12.54,12.54,12.54,12.54,12.54,12.54,12.54,12.54,12.54,12.54,12.54,12.54,12.54,12.54,12.54,12.54,12.54,12.54,12.54,12.54,12.54,12.54,12.54,12.54,12.54,12.54,12.54,12.54,12.54,12.54,12.54,12.54,12.54,12.54,12.54,0,0,0,0,0,0,0,0,0],
[0,0,0,0,0,0,0,0,0,0,14.29,14.29,14.29,14.29,14.29,14.29,14.29,14.29,14.29,14.29,14.29,14.29,14.29,14.29,14.29,14.29,14.29,14.29,0,0,0,0,0,12.54,12.54,12.54,12.54,12.54,12.54,12.54,12.54,12.54,12.54,12.54,12.54,12.54,12.54,12.54,12.54,12.54,12.54,12.54,0,0,12.54,12.54,12.54,12.54,12.54,12.54,12.54,12.54,12.54,12.54,12.54,12.54,12.54,12.54,12.54,12.54,12.54,12.54,12.54,12.54,12.54,12.54,12.54,12.54,12.54,12.54,12.54,12.54,12.54,12.54,12.54,12.54,12.54,12.54,12.54,12.54,12.54,0,0,0,0,0,0,0,0,0],
[0,0,0,0,0,0,0,0,0,0,0,14.29,14.29,14.29,14.29,14.29,14.29,14.29,14.29,14.29,14.29,14.29,14.29,14.29,14.29,14.29,14.29,14.29,0,0,0,0,0,0,0,0,0,0,0,0,0,0,0,0,0,0,0,0,0,0,0,0,0,0,12.54,12.54,12.54,12.54,12.54,12.54,12.54,12.54,12.54,12.54,12.54,12.54,12.54,12.54,12.54,12.54,12.54,12.54,12.54,12.54,12.54,12.54,12.54,12.54,12.54,12.54,12.54,12.54,12.54,12.54,12.54,12.54,12.54,12.54,12.54,12.54,12.54,0,0,0,0,0,0,0,0,0],
[0,0,0,0,0,0,0,0,0,0,0,14.29,14.29,14.29,14.29,14.29,14.29,14.29,14.29,14.29,14.29,14.29,14.29,14.29,14.29,14.29,14.29,14.29,0,0,0,0,0,0,0,0,0,0,0,0,0,0,0,0,0,0,0,0,0,0,0,0,0,12.54,12.54,12.54,12.54,12.54,12.54,12.54,12.54,12.54,12.54,12.54,12.54,12.54,12.54,12.54,12.54,12.54,12.54,12.54,12.54,12.54,12.54,12.54,12.54,12.54,12.54,12.54,12.54,12.54,12.54,12.54,12.54,12.54,12.54,12.54,12.54,12.54,12.54,0,0,0,0,0,0,0,0,0],
[0,0,0,0,0,0,0,0,0,0,0,14.29,14.29,14.29,14.29,14.29,14.29,14.29,14.29,14.29,14.29,14.29,14.29,14.29,14.29,14.29,14.29,0,0,0,0,0,0,0,0,0,0,0,0,0,0,0,0,0,0,0,0,0,0,0,0,0,0,12.54,12.54,12.54,12.54,12.54,12.54,12.54,12.54,12.54,12.54,12.54,12.54,12.54,12.54,12.54,12.54,12.54,12.54,12.54,12.54,12.54,12.54,12.54,12.54,12.54,12.54,12.54,12.54,12.54,12.54,12.54,12.54,12.54,12.54,12.54,12.54,12.54,12.54,0,0,0,0,0,0,0,0,0],
[0,0,0,0,0,0,0,0,0,0,0,0,14.29,14.29,14.29,14.29,14.29,14.29,14.29,14.29,14.29,14.29,14.29,14.29,14.29,14.29,0,0,0,0,0,0,0,0,0,0,0,0,0,0,0,0,0,0,0,0,0,0,0,0,0,0,0,12.54,12.54,12.54,12.54,12.54,12.54,12.54,12.54,12.54,12.54,12.54,12.54,12.54,12.54,12.54,12.54,12.54,12.54,12.54,12.54,12.54,12.54,12.54,12.54,12.54,12.54,12.54,12.54,12.54,12.54,12.54,12.54,12.54,12.54,12.54,12.54,12.54,12.54,0,0,0,0,0,0,0,0,0],
[0,0,0,0,0,0,0,0,0,0,0,0,0,0,0,0,0,0,0,0,0,0,0,0,0,0,0,0,0,0,0,0,0,0,0,0,0,0,0,0,0,0,0,0,0,0,0,0,0,0,0,0,0,12.54,12.54,12.54,12.54,12.54,12.54,12.54,12.54,12.54,12.54,12.54,12.54,12.54,12.54,12.54,12.54,12.54,12.54,12.54,12.54,12.54,12.54,12.54,12.54,12.54,12.54,12.54,12.54,12.54,12.54,12.54,12.54,12.54,12.54,12.54,12.54,12.54,12.54,0,0,0,0,0,0,0,0,0],
[0,0,0,0,0,0,0,0,0,0,0,0,0,0,0,0,0,0,0,0,0,0,0,0,0,0,0,0,0,0,0,0,0,0,0,0,0,0,0,0,0,0,0,0,0,0,0,0,0,0,0,0,0,12.54,12.54,12.54,12.54,12.54,12.54,12.54,12.54,12.54,12.54,12.54,12.54,12.54,12.54,12.54,12.54,12.54,12.54,12.54,12.54,12.54,12.54,12.54,12.54,12.54,12.54,12.54,12.54,12.54,12.54,12.54,12.54,12.54,12.54,12.54,12.54,12.54,0,0,0,0,0,0,0,0,0,0],
[0,0,0,0,0,0,0,0,0,0,0,0,0,0,0,0,0,0,0,0,0,0,0,0,0,0,0,0,0,0,0,0,0,0,0,0,0,0,0,0,0,0,0,0,0,0,0,0,0,0,0,0,0,12.54,12.54,12.54,12.54,12.54,12.54,12.54,12.54,12.54,12.54,12.54,12.54,12.54,12.54,12.54,12.54,12.54,12.54,12.54,12.54,12.54,12.54,12.54,12.54,12.54,12.54,12.54,12.54,12.54,12.54,12.54,12.54,12.54,12.54,12.54,12.54,12.54,0,0,0,0,0,0,0,0,0,0],
[0,0,0,0,0,0,0,0,0,0,0,0,0,0,0,0,0,0,0,0,0,0,0,0,0,0,0,0,0,0,0,0,0,0,0,0,0,0,0,0,0,0,0,0,0,0,0,0,0,0,0,0,0,12.54,12.54,12.54,12.54,12.54,12.54,12.54,12.54,12.54,12.54,12.54,12.54,12.54,12.54,12.54,12.54,12.54,12.54,12.54,12.54,12.54,12.54,12.54,12.54,12.54,12.54,12.54,12.54,12.54,12.54,12.54,12.54,12.54,12.54,12.54,12.54,12.54,12.54,0,0,0,0,0,0,0,0,0],
[0,0,0,0,0,0,0,0,0,0,0,0,0,0,0,0,0,0,0,0,0,0,0,0,0,0,0,0,0,0,0,0,0,0,0,0,0,0,0,0,0,0,0,0,0,0,0,0,0,0,0,0,0,12.54,12.54,12.54,12.54,12.54,12.54,12.54,12.54,12.54,12.54,12.54,12.54,12.54,12.54,12.54,12.54,12.54,12.54,12.54,12.54,12.54,12.54,12.54,12.54,12.54,12.54,12.54,12.54,12.54,12.54,12.54,12.54,12.54,12.54,12.54,12.54,12.54,12.54,0,0,0,0,0,0,0,0,0],
[0,0,0,0,0,0,0,0,0,0,0,0,0,0,0,0,0,0,0,0,0,0,0,0,0,0,0,0,0,0,0,0,0,0,0,0,0,0,0,0,0,0,0,0,0,0,0,0,0,0,0,0,0,12.54,12.54,12.54,12.54,12.54,12.54,12.54,12.54,12.54,12.54,12.54,12.54,12.54,12.54,12.54,12.54,12.54,12.54,12.54,12.54,12.54,12.54,12.54,12.54,12.54,12.54,12.54,12.54,12.54,12.54,12.54,12.54,12.54,12.54,12.54,12.54,12.54,12.54,0,0,0,0,0,0,0,0,0],
[0,0,0,0,0,0,0,0,0,0,0,0,0,0,0,0,0,0,0,0,0,0,0,0,0,0,0,0,0,0,0,0,0,0,0,0,0,0,0,0,0,0,0,0,0,0,0,0,0,0,0,0,0,0,12.54,12.54,12.54,12.54,12.54,12.54,12.54,12.54,12.54,12.54,12.54,12.54,12.54,12.54,12.54,12.54,12.54,12.54,12.54,12.54,12.54,12.54,12.54,12.54,12.54,12.54,12.54,12.54,12.54,12.54,12.54,12.54,12.54,12.54,12.54,12.54,0,0,0,0,0,0,0,0,0,0],
[0,0,0,0,0,0,0,0,0,0,0,0,0,0,0,0,0,0,0,0,0,0,0,0,0,0,0,0,0,0,0,0,0,0,0,0,0,0,0,0,0,0,0,0,0,0,0,0,0,0,0,0,0,0,0,12.54,12.54,12.54,12.54,12.54,12.54,12.54,12.54,12.54,12.54,12.54,12.54,12.54,12.54,12.54,12.54,12.54,12.54,12.54,12.54,12.54,12.54,12.54,12.54,12.54,12.54,12.54,12.54,12.54,12.54,12.54,12.54,12.54,12.54,0,0,0,0,0,0,0,0,0,0,0],
[0,0,0,0,0,0,0,0,0,0,0,0,0,0,0,0,0,0,0,0,0,0,0,0,0,0,0,0,0,0,0,0,0,0,0,0,0,0,0,0,0,0,0,0,0,0,0,0,0,0,0,0,0,0,0,0,12.54,12.54,12.54,12.54,12.54,12.54,12.54,12.54,12.54,12.54,12.54,12.54,12.54,12.54,12.54,12.54,12.54,12.54,12.54,12.54,12.54,12.54,12.54,12.54,12.54,12.54,12.54,12.54,12.54,12.54,12.54,12.54,0,0,0,0,0,0,0,0,0,0,0,0],
[0,0,0,0,0,0,0,0,0,0,0,0,0,0,0,0,0,0,0,0,0,0,0,0,0,0,0,0,0,0,0,0,0,0,0,0,0,0,0,0,0,0,0,0,0,0,0,0,0,0,0,0,0,0,0,0,0,12.54,12.54,12.54,12.54,12.54,12.54,12.54,12.54,12.54,12.54,12.54,12.54,12.54,12.54,12.54,12.54,12.54,12.54,12.54,12.54,12.54,12.54,12.54,12.54,12.54,12.54,12.54,12.54,12.54,12.54,0,0,0,0,0,0,0,0,0,0,0,0,0],
[0,0,0,0,0,0,0,0,0,0,0,0,0,0,0,0,0,0,0,0,0,0,0,0,0,0,0,0,0,0,0,0,0,0,0,0,0,0,0,0,0,0,0,0,0,0,0,0,0,0,0,0,0,0,0,0,0,0,12.54,12.54,12.54,12.54,12.54,12.54,12.54,0,0,0,12.59,12.59,12.59,12.56,12.53,12.57,12.59,0,0,0,12.54,12.54,12.54,12.54,12.54,12.54,12.54,12.54,0,0,0,0,0,0,0,0,0,0,0,0,0,0],
[0,0,0,0,0,0,0,0,0,0,0,0,0,0,0,0,0,0,0,0,0,0,0,0,0,0,0,0,0,0,0,0,0,0,0,0,0,0,0,0,0,0,0,0,0,0,0,0,0,0,0,0,0,0,0,0,0,0,0,0,0,0,0,0,0,0,0,0,12.61,12.53,12.50,12.54,12.57,12.61,12.61,0,0,0,0,0,0,0,0,0,0,0,0,0,0,0,0,0,0,0,0,0,0,0,0,0],
[0,0,0,0,0,0,0,0,0,0,0,0,0,0,0,0,0,0,0,0,0,0,0,0,0,0,0,0,0,0,0,0,0,0,0,0,0,0,0,0,0,0,0,0,0,0,0,0,0,0,0,0,0,0,0,0,0,0,0,0,0,0,0,0,0,0,0,0,12.40,12.40,12.40,12.40,12.40,12.40,12.40,0,0,0,0,0,0,0,0,0,0,0,0,0,0,0,0,0,0,0,0,0,0,0,0,0],
[0,0,0,0,0,0,0,0,0,0,0,0,0,0,0,0,0,0,0,0,0,0,0,0,0,0,0,0,0,0,0,0,0,0,0,0,0,0,0,0,0,0,0,0,0,0,0,0,0,0,0,0,0,0,0,0,0,0,0,0,0,0,0,0,0,0,0,0,12.01,12.01,12.01,12.01,12.01,12.01,12.01,0,0,0,0,0,0,0,0,0,0,0,0,0,0,0,0,0,0,0,0,0,0,0,0,0],
[0,0,0,0,0,0,0,0,0,0,0,0,0,0,0,0,0,0,0,0,0,0,0,0,0,0,0,0,0,0,0,0,0,0,0,0,0,0,0,0,0,0,0,0,0,0,0,0,0,0,0,0,0,0,0,0,0,0,0,0,0,0,0,0,0,0,0,0,11.62,11.62,11.62,11.62,11.62,11.62,11.62,0,0,0,0,0,0,0,0,0,0,0,0,0,0,0,0,0,0,0,0,0,0,0,0,0],
[0,0,0,0,0,0,0,0,0,0,0,0,0,0,0,0,0,0,0,0,0,0,0,0,0,0,0,0,0,0,0,0,0,0,0,0,0,0,0,0,0,0,0,0,0,0,0,0,0,0,0,0,0,0,0,0,0,0,0,0,0,0,0,0,0,0,0,0,11.22,11.22,11.22,11.22,11.22,11.22,11.22,0,0,0,0,0,0,0,0,0,0,0,0,0,0,0,0,0,0,0,0,0,0,0,0,0],
[0,0,0,0,0,0,0,0,0,0,0,0,0,0,0,0,0,0,0,0,0,0,0,0,0,0,0,0,0,0,0,0,0,0,0,0,0,0,0,0,0,0,0,0,0,0,0,0,0,0,0,0,0,0,0,0,0,0,0,0,0,0,0,0,0,0,10.96,10.96,10.96,10.96,10.96,10.96,10.96,10.96,10.96,10.96,10.96,0,0,0,0,0,0,0,0,0,0,0,0,0,0,0,0,0,0,0,0,0,0,0],
[0,0,0,0,0,0,0,0,0,0,0,0,0,0,0,0,0,0,0,0,0,0,0,0,0,0,0,0,0,0,0,0,0,0,0,0,0,0,0,0,0,0,0,0,0,0,0,0,0,0,0,0,0,0,0,0,0,0,0,0,0,0,0,0,0,0,10.96,10.96,10.96,10.96,10.96,10.96,10.96,10.96,10.96,10.96,10.96,0,0,0,0,0,0,0,0,0,0,0,0,0,0,0,0,0,0,0,0,0,0,0],
[0,0,0,0,0,0,0,0,0,0,0,0,0,0,0,0,0,0,0,0,0,0,0,0,0,0,0,0,0,0,0,0,0,0,0,0,0,0,0,0,0,0,0,0,0,0,0,0,0,0,0,0,0,0,0,0,0,0,0,0,0,0,0,0,0,0,10.96,10.96,10.96,10.96,10.96,10.96,10.96,10.96,10.96,10.96,10.96,0,0,0,0,0,0,0,0,0,0,0,0,0,0,0,0,0,0,0,0,0,0,0],
[0,0,0,0,0,0,0,0,0,0,0,0,0,0,0,0,0,0,0,0,0,0,0,0,0,0,0,0,0,0,0,0,0,0,0,0,0,0,0,0,0,0,0,0,0,0,0,0,0,0,0,0,0,0,0,0,0,0,0,0,0,0,0,0,0,0,10.96,10.96,10.96,10.96,10.96,10.96,10.96,10.96,10.96,10.96,10.96,0,0,0,0,0,0,0,0,0,0,0,0,0,0,0,0,0,0,0,0,0,0,0],
[0,0,0,0,0,0,0,0,0,0,0,0,0,0,0,0,0,0,0,0,0,0,0,0,0,0,0,0,0,0,0,0,0,0,0,0,0,0,0,0,0,0,0,0,0,0,0,0,0,0,0,0,0,0,0,0,0,0,0,0,0,0,0,0,0,0,10.96,10.96,10.96,10.96,10.96,10.96,10.96,10.96,10.96,10.96,10.96,0,0,0,0,0,0,0,0,0,0,0,0,0,0,0,0,0,0,0,0,0,0,0],
[0,0,0,0,0,0,0,0,0,0,0,0,0,0,0,0,0,0,0,0,0,0,0,0,0,0,0,0,0,0,0,0,0,0,0,0,0,0,0,0,0,0,0,0,0,0,0,0,0,0,0,0,0,0,0,0,0,0,0,0,0,0,0,0,0,0,10.96,10.96,10.96,10.96,10.96,10.96,10.96,10.96,10.96,10.96,10.96,0,0,0,0,0,0,0,0,0,0,0,0,0,0,0,0,0,0,0,0,0,0,0],
[0,0,0,0,0,0,0,0,0,0,0,0,0,0,0,0,0,0,0,0,0,0,0,0,0,0,0,0,0,0,0,0,0,0,0,0,0,0,0,0,0,0,0,0,0,0,0,0,0,0,0,0,0,0,0,0,0,0,0,0,0,0,0,0,0,0,10.96,10.96,10.96,10.96,10.96,10.96,10.96,10.96,10.96,10.96,10.96,0,0,0,0,0,0,0,0,0,0,0,0,0,0,0,0,0,0,0,0,0,0,0],
[0,0,0,0,0,0,0,0,0,0,0,0,0,0,0,0,0,0,0,0,0,0,0,0,0,0,0,0,0,0,0,0,0,0,0,0,0,0,0,0,0,0,0,0,0,0,0,0,0,0,0,0,0,0,0,0,0,0,0,0,0,0,0,0,0,0,10.96,10.96,10.96,10.96,10.96,10.96,10.96,10.96,10.96,10.96,10.96,0,0,0,0,0,0,0,0,0,0,0,0,0,0,0,0,0,0,0,0,0,0,0],
[0,0,0,0,0,0,0,0,0,0,0,0,0,0,0,0,0,0,0,0,0,0,0,0,0,0,0,0,0,0,0,0,0,0,0,0,0,0,0,0,0,0,0,0,0,0,0,0,0,0,0,0,0,0,0,0,0,0,0,0,0,0,0,0,0,0,10.96,10.96,10.96,10.96,10.96,10.96,10.96,10.96,10.96,10.96,10.96,0,0,0,0,0,0,0,0,0,0,0,0,0,0,0,0,0,0,0,0,0,0,0],
[0,0,0,0,0,0,0,0,0,0,0,0,0,0,0,0,0,0,0,0,0,0,0,0,0,0,0,0,0,0,0,0,0,0,0,0,0,0,0,0,0,0,0,0,0,0,0,0,0,0,0,0,0,0,0,0,0,0,0,0,0,0,0,0,0,0,10.96,10.96,10.96,10.96,10.96,10.96,10.96,10.96,10.96,10.96,10.96,0,0,0,0,0,0,0,0,0,0,0,0,0,0,0,0,0,0,0,0,0,0,0],
[0,0,0,0,0,0,0,0,0,0,0,0,0,0,0,0,0,0,0,0,0,0,0,0,0,0,0,0,0,0,0,0,0,0,0,0,0,0,0,0,0,0,0,0,0,0,0,0,0,0,0,0,0,0,0,0,0,0,0,0,0,0,0,0,0,0,0,0,0,0,0,0,0,0,0,0,0,0,0,0,0,0,0,0,0,0,0,0,0,0,0,0,0,0,0,0,0,0,0,0],
[0,0,0,0,0,0,0,0,0,0,0,0,0,0,0,0,0,0,0,0,0,0,0,0,0,0,0,0,0,0,0,0,0,0,0,0,0,0,0,0,0,0,0,0,0,0,0,0,0,0,0,0,0,0,0,0,0,0,0,0,0,0,0,0,0,0,0,0,0,0,0,0,0,0,0,0,0,0,0,0,0,0,0,0,0,0,0,0,0,0,0,0,0,0,0,0,0,0,0,0],
[0,0,0,0,0,0,0,0,0,0,0,0,0,0,0,0,0,0,0,0,0,0,0,0,0,0,0,0,0,0,0,0,0,0,0,0,0,0,0,0,0,0,0,0,0,0,0,0,0,0,0,0,0,0,0,0,0,0,0,0,0,0,0,0,0,0,0,0,0,0,0,0,0,0,0,0,0,0,0,0,0,0,0,0,0,0,0,0,0,0,0,0,0,0,0,0,0,0,0,0],
[0,0,0,0,0,0,0,0,0,0,0,0,0,0,0,0,0,0,0,0,0,0,0,0,0,0,0,0,0,0,0,0,0,0,0,0,0,0,0,0,0,0,0,0,0,0,0,0,0,0,0,0,0,0,0,0,0,0,0,0,0,0,0,0,0,0,0,0,0,0,0,0,0,0,0,0,0,0,0,0,0,0,0,0,0,0,0,0,0,0,0,0,0,0,0,0,0,0,0,0],
[0,0,0,0,0,0,0,0,0,0,0,0,0,0,0,0,0,0,0,0,0,0,0,0,0,0,0,0,0,0,0,0,0,0,0,0,0,0,0,0,0,0,0,0,0,0,0,0,0,0,0,0,0,0,0,0,0,0,0,0,0,0,0,0,0,0,0,0,0,0,0,0,0,0,0,0,0,0,0,0,0,0,0,0,0,0,0,0,0,0,0,0,0,0,0,0,0,0,0,0]]