[[0,0,0,0,0,0,0,0,0,0,0,0,0,0,0,0,0,0,0,0,0,0,0,0,0,0,0,0,0,0,0,0,0,0,0,0,0,0,0,0,0,0,0,0,0,0,0,0,0,0,0,0,0,0,0,0,0,0,0,0,0,0,0,0,0,0,0,0,0,0,0,0,0,0,0,0,0,0,0,0,0,0,0,0,0,0,0,0,0,0,0,0,0,0,0,0,0,0,0,0,0,0,0,0,0,0,0,0,0,0,0,0,0,0,0,0,0,0,0,0,0,0,0,0,0,0,0,0,0,0,0,0,0,0,0,0,0,0,0,0,0,0,0,0,0,0,0,0,0,0,0,0,0,0,0,0,0,0,0,0,0,0,0,0,0,0,0,0,0,0,0,0,0,0,0,0,0,0,0,0],
[0,0,0,0,0,0,0,0,0,0,0,0,0,0,0,0,0,0,0,0,0,0,0,0,0,0,0,0,0,0,0,0,0,0,0,0,0,0,0,0,0,0,0,0,0,0,0,0,0,0,0,0,0,0,0,0,0,0,0,0,0,0,0,0,0,0,0,0,0,0,0,0,0,0,0,0,0,0,0,0,0,0,0,0,0,0,0,0,0,0,0,0,0,0,0,0,0,0,0,0,0,0,0,0,0,0,0,0,0,0,0,0,0,0,0,0,0,0,0,0,0,0,0,0,0,0,0,0,0,0,0,0,0,0,0,0,0,0,0,0,0,0,0,0,0,0,0,0,0,0,0,0,0,0,0,0,0,0,0,0,0,0,0,0,0,0,0,0,0,0,0,0,0,0,0,0,0,0,0,0],
[0,0,0,0,0,0,0,0,0,0,0,0,0,0,0,0,0,0,0,0,0,0,0,0,0,0,0,0,0,0,0,0,0,0,0,0,0,0,0,0,0,0,0,0,0,0,0,0,0,0,0,0,0,0,0,0,0,0,0,0,0,0,0,0,0,0,0,0,0,0,0,0,0,0,0,0,0,0,0,0,0,0,0,0,0,0,0,0,0,0,0,0,0,0,0,0,0,0,0,0,0,0,0,0,0,0,0,0,0,0,0,0,0,0,0,0,0,0,0,0,0,0,0,0,0,0,0,0,0,0,0,0,0,0,0,0,0,0,0,0,0,0,0,0,0,0,0,0,0,0,0,0,0,0,0,0,0,0,0,0,0,0,0,0,0,0,0,0,0,0,0,0,0,0,0,0,0,0,0,0],
[0,0,0,0,0,0,0,0,0,0,0,0,0,0,0,0,0,0,0,0,0,0,0,0,0,0,0,0,0,0,0,0,0,0,0,0,0,0,0,0,0,0,0,0,0,0,0,0,0,0,0,0,0,0,0,0,0,0,0,0,0,0,0,0,0,0,0,0,0,0,0,0,0,0,0,0,0,0,0,0,0,0,0,0,0,0,0,0,0,0,0,0,0,0,0,0,0,0,0,0,0,0,0,0,0,0,0,0,0,0,0,0,0,0,0,0,0,0,0,0,0,0,0,0,0,0,0,0,0,0,0,0,0,0,0,0,0,0,0,0,0,0,0,0,0,0,0,0,0,0,0,0,0,0,0,0,0,0,0,0,0,0,0,0,0,0,0,0,0,0,0,0,0,0,0,0,0,0,0,0],
[0,0,0,0,0,0,0,0,0,0,0,0,0,0,0,0,0,0,0,0,0,0,0,0,0,0,0,0,0,0,0,0,0,0,0,0,0,0,0,0,0,0,0,0,0,0,0,0,0,0,0,0,0,0,0,0,0,0,0,0,0,0,0,0,0,0,0,0,0,0,0,0,0,0,0,0,0,0,0,0,0,0,0,0,0,0,0,0,0,0,0,0,0,0,0,0,0,0,0,0,0,0,0,0,0,0,0,0,0,0,0,0,0,0,0,0,0,0,0,0,0,0,0,0,0,0,0,0,0,0,0,0,0,0,0,0,0,0,0,0,0,0,0,0,0,0,0,0,0,0,0,0,0,0,0,0,0,0,0,0,0,0,0,0,0,0,0,0,0,0,0,0,0,0,0,0,0,0,0,0],
[0,0,0,0,0,0,0,0,0,0,0,0,0,0,0,0,0,0,0,0,0,0,0,0,0,0,0,0,0,0,0,0,0,0,0,0,0,0,0,0,0,0,0,0,0,0,0,0,0,0,0,0,0,0,0,0,0,0,0,0,0,0,0,0,0,0,0,0,0,0,0,0,0,0,0,0,0,0,0,0,0,0,0,0,0,0,0,0,0,0,0,0,0,0,0,0,0,0,0,0,0,0,0,0,0,0,0,0,0,0,0,0,0,0,0,0,0,0,0,0,0,0,0,0,0,0,0,0,0,0,0,0,0,0,0,0,0,0,0,0,0,0,0,0,0,0,0,0,0,0,0,0,0,0,0,0,0,0,0,0,0,0,0,0,0,0,0,0,0,0,0,0,0,0,0,0,0,0,0,0],
[0,0,0,0,0,0,0,0,0,0,0,0,0,0,0,0,0,0,0,0,0,0,0,0,0,0,0,0,0,0,0,0,0,0,0,0,0,0,0,0,0,0,0,0,0,0,0,0,0,0,0,0,0,0,0,0,0,0,0,0,0,0,0,0,0,0,0,0,0,0,0,0,0,0,0,0,0,0,0,0,0,0,0,0,0,0,0,0,0,0,0,0,0,0,0,0,0,0,0,0,0,0,0,0,0,0,0,0,0,0,0,0,0,0,0,0,0,0,0,0,0,0,0,0,0,0,0,0,0,0,0,0,0,0,0,0,0,0,0,0,0,0,0,0,0,0,0,0,0,0,0,0,0,0,0,0,0,0,0,0,0,0,0,0,0,0,0,0,0,0,0,0,0,0,0,0,0,0,0,0],
[0,0,0,0,0,0,0,0,0,0,0,0,0,0,0,0,0,0,0,0,0,0,0,0,0,0,0,0,0,0,0,0,0,0,0,0,0,0,0,0,0,0,0,0,0,0,0,0,0,0,0,0,0,0,0,0,0,0,0,0,0,0,0,0,0,0,0,0,0,0,0,0,0,0,0,0,0,0,0,0,0,0,0,0,0,0,0,0,0,0,0,0,0,0,0,0,0,0,0,0,0,0,0,0,0,0,0,0,0,0,0,0,0,0,0,0,0,0,0,0,0,0,0,0,0,0,0,0,0,0,0,0,0,0,0,0,0,0,0,0,0,0,0,0,0,0,0,0,0,0,0,0,0,0,0,0,0,0,0,0,0,0,0,0,0,0,0,0,0,0,0,0,0,0,0,0,0,0,0,0],
[0,0,0,0,0,0,0,0,0,0,0,0,0,0,0,0,0,0,0,0,0,0,0,0,0,0,0,0,0,0,0,0,0,0,0,0,0,0,0,0,0,0,0,0,0,0,0,0,0,0,0,0,0,0,0,0,0,0,0,0,0,0,0,0,0,0,0,0,0,0,0,0,0,0,0,0,0,0,0,0,0,0,0,0,0,0,0,0,0,0,0,0,0,0,0,0,0,0,0,0,0,0,0,0,0,0,0,0,0,0,0,0,0,0,0,0,0,0,0,0,0,0,0,0,0,0,0,0,0,0,0,0,0,0,0,0,0,0,0,0,0,0,0,0,70.21,70.21,0,0,0,0,0,0,0,0,0,0,0,0,0,0,0,0,0,0,0,0,0,0,0,0,0,0,0,0,0,0,0,0,0,0],
[0,0,0,0,0,0,0,0,0,0,0,0,0,0,0,0,0,0,0,0,0,0,0,0,0,0,0,0,0,0,0,0,0,0,0,0,0,0,0,0,0,0,0,0,0,0,0,0,0,0,0,0,0,0,0,0,0,0,0,0,0,0,0,0,0,0,0,0,0,0,0,0,0,0,0,0,0,0,0,0,0,0,0,0,0,0,0,0,0,0,0,0,0,0,0,0,0,0,0,0,0,0,0,0,0,0,0,0,0,0,0,0,0,0,0,0,0,0,0,0,0,0,0,0,0,0,0,0,0,0,0,0,0,0,0,0,0,0,0,0,0,0,0,70.21,70.21,70.21,70.21,0,0,0,0,0,0,0,0,0,0,0,0,0,0,0,0,0,0,0,0,0,0,0,0,0,0,0,0,0,0,0,0,0],
[0,0,0,0,0,0,0,0,0,0,0,0,0,0,0,0,0,0,0,0,0,0,0,0,0,0,0,0,0,0,0,0,0,0,0,0,0,0,0,0,0,0,0,0,0,0,0,0,0,0,0,0,0,0,0,0,0,0,0,0,0,0,0,0,0,0,0,0,0,0,0,0,0,0,0,0,0,0,0,0,0,0,0,0,0,0,0,0,0,0,0,0,0,0,0,0,0,0,0,0,0,0,0,0,0,0,0,0,0,0,0,0,0,0,0,0,0,0,0,0,0,0,0,0,0,0,0,0,0,0,0,0,0,0,0,0,0,0,0,0,0,0,0,70.21,70.21,70.21,70.21,0,0,0,0,0,0,0,0,0,0,0,0,0,0,0,0,0,0,0,0,0,0,0,0,0,0,0,0,0,0,0,0,0],
[0,0,0,0,0,0,0,0,0,0,0,0,0,0,0,0,0,0,0,0,0,0,0,0,0,0,0,0,0,0,0,0,0,0,0,0,0,0,0,0,0,0,0,0,0,0,0,0,0,0,0,0,0,0,0,0,0,0,0,0,0,0,0,0,0,0,0,0,0,0,0,0,0,0,0,0,0,0,0,0,0,0,0,0,0,0,0,0,0,0,0,0,0,0,0,0,0,0,0,0,0,0,0,0,0,0,0,0,0,0,0,0,0,0,0,0,0,0,0,0,0,0,0,0,0,0,0,0,0,0,0,0,0,0,0,0,0,0,0,0,0,0,70.21,70.21,70.21,70.21,70.21,0,0,0,0,0,0,0,0,0,0,0,0,0,0,0,0,0,0,0,0,0,0,0,0,0,0,0,0,0,0,0,0,0],
[0,0,0,0,0,0,0,0,0,0,0,0,0,0,0,0,0,0,0,0,0,0,0,0,0,0,0,0,0,0,0,0,0,0,0,0,0,0,0,0,0,0,0,0,0,0,0,0,0,0,0,0,0,0,0,0,0,0,0,0,0,0,0,0,0,0,0,0,0,0,0,0,0,0,0,0,0,0,0,0,0,0,0,0,0,0,0,0,0,0,0,0,0,0,0,0,0,0,0,0,0,0,0,0,0,0,0,0,0,0,0,0,0,0,0,0,0,0,0,0,0,0,0,0,0,0,0,0,0,0,0,0,0,0,0,0,0,0,0,0,0,0,70.21,70.21,70.21,70.21,70.21,70.21,0,0,0,0,0,0,0,0,0,0,0,0,0,0,0,0,0,0,0,0,0,0,0,0,0,0,0,0,0,0,0,0],
[0,0,0,0,0,0,0,0,0,0,0,0,0,0,0,0,0,0,0,0,0,0,0,0,0,0,0,0,0,0,0,0,0,0,0,0,0,0,0,0,0,0,0,0,0,0,0,0,0,0,0,0,0,0,0,0,0,0,0,0,0,0,0,0,0,0,0,0,0,0,0,0,0,0,0,0,0,0,0,0,0,0,0,0,0,0,0,0,0,0,0,0,0,0,0,0,0,0,0,0,0,0,0,0,0,0,0,0,0,0,0,0,0,0,0,0,0,0,0,0,0,0,0,0,0,0,0,0,0,0,0,0,0,0,0,0,0,0,0,0,0,0,70.21,70.21,70.21,70.21,70.21,70.21,70.21,70.21,0,0,0,0,0,0,0,0,0,0,0,0,0,0,0,0,0,0,0,0,0,0,0,0,0,0,0,0,0,0],
[0,0,0,0,0,0,0,0,0,0,0,0,0,0,0,0,0,0,0,0,0,0,0,0,0,0,0,0,0,0,0,0,0,0,0,0,0,0,0,0,0,0,0,0,0,0,0,0,0,0,0,0,0,0,0,0,0,0,0,0,0,0,0,0,0,0,0,0,0,0,0,0,0,0,0,0,0,0,0,0,0,0,0,0,0,0,0,0,0,0,0,0,0,0,0,0,0,0,0,0,0,0,0,0,0,0,0,0,0,0,0,0,0,0,0,0,0,0,0,0,0,0,0,0,0,0,0,0,0,0,0,0,0,0,0,0,0,0,0,0,0,0,70.21,70.21,70.21,70.21,70.21,70.21,70.21,70.21,70.21,70.21,70.21,70.21,70.21,70.21,0,0,70.21,0,0,0,0,0,0,0,0,0,0,0,0,0,0,0,0,0,0,0,0,0],
[0,0,0,0,0,0,0,0,0,0,0,0,0,0,0,0,0,0,0,0,0,0,0,0,0,0,0,0,0,0,0,0,0,0,0,0,0,0,0,0,0,0,0,0,0,0,0,0,0,0,0,0,0,0,0,0,0,0,0,0,0,0,0,0,0,0,0,0,0,0,0,0,0,0,0,0,0,0,0,0,0,0,0,0,0,0,0,0,0,0,0,0,0,0,0,0,0,0,0,0,0,0,0,0,0,0,0,0,0,0,0,0,0,0,0,0,0,0,0,0,0,0,0,0,0,0,0,0,0,0,0,0,0,0,0,0,0,70.21,70.21,70.21,0,0,70.21,70.21,70.21,70.21,70.21,70.21,70.21,70.21,70.21,70.21,70.21,70.21,70.21,70.21,70.21,70.21,70.21,70.21,70.21,0,0,0,0,0,0,0,0,0,0,0,0,0,0,0,0,0,0,0],
[0,0,0,0,0,0,0,0,0,0,0,0,0,0,0,0,0,0,0,0,0,0,0,0,0,0,0,0,0,0,0,0,0,0,0,0,0,0,0,0,0,0,0,0,0,0,0,0,0,0,0,0,0,0,0,0,0,0,0,0,0,0,0,0,0,0,0,0,0,0,0,0,0,0,0,0,0,0,0,0,0,0,0,0,0,0,0,0,0,0,0,0,0,0,0,0,0,0,0,0,0,0,0,0,0,0,0,0,0,0,0,0,0,0,0,0,0,0,0,0,0,0,0,0,0,0,0,0,0,0,0,0,0,0,0,0,0,70.21,70.21,70.21,70.21,70.21,70.21,70.21,70.21,70.21,70.21,70.21,70.21,70.21,70.21,70.21,70.21,70.21,70.21,70.21,70.21,70.21,70.21,70.21,70.21,70.21,0,0,0,0,0,0,0,0,0,0,0,0,0,0,0,0,0,0],
[0,0,0,0,0,0,0,0,0,0,0,0,0,0,0,0,0,0,0,0,0,0,0,0,0,0,0,0,0,0,0,0,0,0,0,0,0,0,0,0,0,0,0,0,0,0,0,0,0,0,0,0,0,0,0,0,0,0,0,0,0,0,0,0,0,0,0,0,0,0,0,0,0,0,0,0,0,0,0,0,0,0,0,0,0,0,0,0,0,0,0,0,0,0,0,0,0,0,0,0,0,0,0,0,0,0,0,0,0,0,0,0,0,0,0,0,0,0,0,0,0,0,0,0,0,0,0,0,0,0,0,70.21,70.21,70.21,70.21,70.21,70.21,70.21,70.21,70.21,70.21,70.21,70.21,70.21,70.21,70.21,70.21,70.21,70.21,70.21,70.21,70.21,70.21,70.21,70.21,70.21,70.21,70.21,70.21,70.21,70.21,70.21,70.21,0,0,0,0,0,0,0,0,0,0,0,0,0,0,0,0,0],
[0,0,0,0,0,0,0,0,0,0,0,0,0,0,0,0,0,0,0,0,0,0,0,0,0,0,0,0,0,0,0,0,0,0,0,0,0,0,0,0,0,0,0,0,0,0,0,0,0,0,0,0,0,0,0,0,0,0,0,0,0,0,0,0,0,0,0,0,0,0,0,0,0,0,0,0,0,0,0,0,0,0,0,0,0,0,0,0,0,0,0,0,0,0,0,0,0,0,0,0,0,0,0,0,0,0,0,0,0,0,0,0,0,0,0,0,0,0,0,0,0,0,0,0,0,0,0,0,0,0,70.21,70.21,70.21,70.21,70.21,70.21,70.21,70.21,70.21,70.21,70.21,70.21,70.21,70.21,70.21,70.21,70.21,70.21,70.21,70.21,70.21,70.21,70.21,70.21,70.21,70.21,70.21,70.21,70.21,70.21,70.21,70.21,70.21,0,0,0,0,0,0,0,0,0,0,0,0,0,0,0,0,0],
[0,0,0,0,0,0,0,0,0,0,0,0,0,0,0,0,0,0,0,0,0,0,0,0,0,0,0,0,0,0,0,0,0,0,0,0,0,0,0,0,0,0,0,0,0,0,0,0,0,0,0,0,0,0,0,0,0,0,0,0,0,0,0,0,0,0,0,0,0,0,0,0,0,0,0,0,0,0,0,0,0,0,0,0,0,0,0,0,0,0,0,0,0,0,0,0,0,0,0,0,0,0,0,0,0,0,0,0,0,0,0,0,0,0,0,0,0,0,0,0,0,0,0,0,0,0,0,0,70.21,70.21,70.21,70.21,70.21,70.21,70.21,70.21,70.21,70.21,70.21,70.21,70.21,70.21,70.21,70.21,70.21,70.21,70.21,70.21,70.21,70.21,70.21,70.21,70.21,70.21,70.21,70.21,70.21,70.21,70.21,70.21,70.22,70.21,70.21,70.21,0,0,0,0,0,0,0,0,0,0,0,0,0,0,0,0],
[0,0,0,0,0,0,0,0,0,0,0,0,0,0,0,0,0,0,0,0,0,0,0,0,0,0,0,0,0,0,0,0,0,0,0,0,0,0,0,0,0,0,0,0,0,0,0,0,0,0,0,0,0,0,0,0,0,0,0,0,0,0,0,0,0,0,0,0,0,0,0,0,0,0,0,0,0,0,0,0,0,0,0,0,0,0,0,0,0,0,0,0,0,0,0,0,0,0,0,0,0,0,0,0,0,0,0,0,0,0,0,0,0,0,0,0,0,0,0,0,0,0,0,0,0,0,0,0,70.21,70.21,70.21,70.21,70.21,70.21,70.21,70.21,70.21,70.21,70.21,70.21,70.21,70.21,70.21,70.21,70.21,70.21,70.21,70.21,70.21,70.21,70.21,70.21,70.21,70.21,70.21,70.21,70.21,70.21,70.21,70.23,70.23,70.21,70.21,70.21,0,0,0,0,0,0,0,0,0,0,0,0,0,0,0,0],
[0,0,0,0,0,0,0,0,0,0,0,0,0,0,0,0,0,0,0,0,0,0,0,0,0,0,0,0,0,0,0,0,0,0,0,0,0,0,0,0,0,0,0,0,0,0,0,0,0,0,0,0,0,0,0,0,0,0,0,0,0,0,0,0,0,0,0,0,0,0,0,0,0,0,0,0,0,0,0,0,0,0,0,0,0,0,0,0,0,0,0,0,0,0,0,0,0,0,0,0,0,0,0,0,0,0,0,0,0,0,0,0,0,0,0,0,0,0,0,0,0,0,0,0,0,0,0,0,70.21,70.21,70.21,70.21,70.21,70.21,70.21,70.21,70.21,70.21,70.21,70.21,70.21,70.21,70.21,70.21,70.21,70.21,70.21,70.21,70.21,70.21,70.21,70.21,70.21,70.21,70.21,70.21,70.21,70.21,70.24,70.24,70.23,70.21,70.21,0,0,0,0,0,0,0,0,0,0,0,0,0,0,0,0,0],
[0,0,0,0,0,0,0,0,0,0,0,0,0,0,0,0,0,0,0,0,0,0,0,0,0,0,0,0,0,0,0,0,0,0,0,0,0,0,0,0,0,0,0,0,0,0,0,0,0,0,0,0,0,0,0,0,0,0,0,0,0,0,0,0,0,0,0,0,0,0,0,0,0,0,0,0,0,0,0,0,0,0,0,0,0,0,0,0,0,0,0,0,0,0,0,0,0,0,0,0,0,0,0,0,0,0,0,0,0,0,0,0,0,0,0,0,0,0,0,0,0,0,0,0,0,0,69.89,70.03,70.15,70.21,70.21,70.21,70.21,70.21,70.21,70.21,70.21,70.21,70.21,70.21,70.21,70.21,70.21,70.21,70.21,70.21,70.21,70.21,70.21,70.21,70.21,70.21,70.21,70.21,70.21,70.21,70.21,70.24,70.24,70.24,70.23,70.21,70.21,0,0,0,0,0,0,0,0,0,0,0,0,0,0,0,0,0],
[0,0,0,0,0,0,0,0,0,0,0,0,0,0,0,0,0,0,0,0,0,0,0,0,0,0,0,0,0,0,0,0,0,0,0,0,0,0,0,0,0,0,0,0,0,0,0,0,0,0,0,0,0,0,0,0,0,0,0,0,0,0,0,0,0,0,0,0,0,0,0,0,0,0,0,0,0,0,0,0,0,0,0,0,0,0,0,0,0,0,0,0,0,0,0,0,0,0,0,0,0,0,0,0,0,0,0,0,0,0,0,0,0,0,0,0,0,0,0,0,0,0,0,69.42,69.56,69.70,69.84,69.98,70.11,70.21,70.21,70.21,70.21,70.21,70.21,70.21,70.21,70.21,70.21,70.21,70.21,70.21,70.21,70.21,70.21,70.21,70.21,70.21,70.21,70.21,70.21,70.21,70.21,70.21,70.21,70.21,70.24,70.25,70.25,70.24,70.23,70.21,70.21,0,0,0,0,0,0,0,0,0,0,0,0,0,0,0,0,0],
[0,0,0,0,0,0,0,0,0,0,0,0,0,0,0,0,0,0,0,0,0,0,0,0,0,0,0,0,0,0,0,0,0,0,0,0,0,0,0,0,0,0,0,0,0,0,0,0,0,0,0,0,0,0,0,0,0,0,0,0,0,0,0,0,0,0,0,0,0,0,0,0,0,0,0,0,0,0,0,0,0,0,0,0,0,0,0,0,0,0,0,0,0,0,0,0,0,0,0,0,0,0,0,0,0,0,0,0,0,0,0,0,0,0,0,0,0,0,0,0,68.95,69.09,69.24,69.37,69.51,69.64,69.77,69.91,70.04,70.18,70.21,70.21,70.21,70.21,70.21,70.21,70.21,70.21,70.21,70.21,70.21,70.21,70.21,70.21,70.21,70.21,70.21,70.21,70.21,70.21,70.21,70.21,70.21,70.21,70.21,70.24,70.26,70.26,70.26,70.24,70.21,70.21,70.21,70.21,0,0,0,0,0,0,0,0,0,0,0,0,0,0,0,0],
[0,0,0,0,0,0,0,0,0,0,0,0,0,0,0,0,0,0,0,0,0,0,0,0,0,0,0,0,0,0,0,0,0,0,0,0,0,0,0,0,0,0,0,0,0,0,0,0,0,0,0,0,0,0,0,0,0,0,0,0,0,0,0,0,0,0,0,0,0,0,0,0,0,0,0,0,0,0,0,0,0,0,0,0,0,0,0,0,0,0,0,0,0,0,0,0,0,0,0,0,0,0,0,0,0,0,0,0,0,0,0,0,0,0,0,0,68.35,68.49,68.63,68.77,68.90,69.04,69.17,69.30,69.44,69.57,69.71,69.85,0,0,70.21,70.21,70.21,70.21,70.21,70.21,70.21,70.21,70.21,70.21,70.21,70.21,70.21,70.21,70.21,70.21,70.21,70.21,70.21,70.21,70.21,70.21,70.21,70.21,70.25,70.27,70.27,70.27,70.26,70.21,70.21,70.21,70.21,70.21,0,0,0,0,0,0,0,0,0,0,0,0,0,0,0,0],
[0,0,0,0,0,0,0,0,0,0,0,0,0,0,0,0,0,0,0,0,0,0,0,0,0,0,0,0,0,0,0,0,0,0,0,0,0,0,0,0,0,0,0,0,0,0,0,0,0,0,0,0,0,0,0,0,0,0,0,0,0,0,0,0,0,0,0,0,0,0,0,0,0,0,0,0,0,0,0,0,0,0,0,0,0,0,0,0,0,0,0,0,0,0,0,0,0,0,0,0,0,0,0,0,0,0,0,0,0,0,0,0,0,67.88,68.02,68.16,68.30,68.43,68.57,68.70,68.83,68.97,69.10,69.23,69.37,69.51,0,0,0,0,0,70.21,70.21,70.21,70.21,70.21,70.21,70.21,70.21,70.21,70.21,70.21,70.21,70.21,70.21,70.21,70.21,70.21,70.21,70.21,70.21,70.21,70.21,70.25,70.27,70.27,70.27,70.27,70.21,70.21,70.21,70.21,70.21,70.21,0,0,0,0,0,0,0,0,0,0,0,0,0,0,0,0],
[0,0,0,0,0,0,0,0,0,0,0,0,0,0,0,0,0,0,0,0,0,0,0,0,0,0,0,0,0,0,0,0,0,0,0,0,0,0,0,0,0,0,0,0,0,0,0,0,0,0,0,0,0,0,0,0,0,0,0,0,0,0,0,0,0,0,0,0,0,0,0,0,0,0,0,0,0,0,0,0,0,0,0,0,0,0,0,0,0,0,0,0,0,0,0,0,0,0,0,0,0,0,0,0,0,0,0,66.61,66.85,67.08,67.32,67.54,67.70,67.83,67.96,68.10,68.23,68.36,68.50,68.63,68.76,68.90,69.04,0,0,0,0,0,0,0,0,0,0,70.21,70.21,70.21,70.21,70.21,70.21,70.21,70.21,70.21,70.21,70.21,70.21,70.21,70.21,70.21,70.21,70.21,70.21,70.21,70.25,70.28,70.28,70.28,70.28,70.21,70.21,70.21,70.21,70.21,0,0,0,0,0,0,0,0,0,0,0,0,0,0,0,0,0,0],
[0,0,0,0,0,0,0,0,0,0,0,0,0,0,0,0,0,0,0,0,0,0,0,0,0,0,0,0,0,0,0,0,0,0,0,0,0,0,0,0,0,0,0,0,0,0,0,0,0,0,0,0,0,0,0,0,0,0,0,0,0,0,0,0,0,0,0,0,0,0,0,0,0,0,0,0,0,0,0,0,0,0,0,0,0,0,0,0,0,0,0,0,0,0,0,0,0,0,0,64.71,64.94,65.18,65.41,65.65,65.88,66.12,66.35,66.58,66.81,67.04,67.28,67.51,67.63,67.76,67.89,68.03,68.16,68.29,68.43,68.57,68.71,0,0,0,0,0,0,0,0,0,0,0,0,0,0,70.21,70.21,70.21,70.21,70.21,70.21,70.21,70.21,70.21,70.21,70.21,70.21,70.21,70.21,70.21,70.21,70.25,70.29,70.29,70.29,70.29,70.29,70.21,70.21,70.21,0,0,0,0,0,0,0,0,0,0,0,0,0,0,0,0,0,0,0,0],
[0,0,0,0,0,0,0,0,0,0,0,0,0,0,0,0,0,0,0,0,0,0,0,0,0,0,0,0,0,0,0,0,0,0,0,0,0,0,0,0,0,0,0,0,0,0,0,0,0,0,0,0,0,0,0,0,0,0,0,0,0,0,0,0,0,0,0,0,0,0,0,0,0,0,0,0,0,0,0,0,0,0,0,0,0,0,0,0,0,0,0,62.81,63.04,63.27,63.51,63.74,63.98,64.21,64.45,64.68,64.91,65.14,65.37,65.60,65.84,66.07,66.30,66.53,66.76,66.99,67.23,67.46,67.57,67.67,67.82,67.95,68.09,68.23,0,0,0,0,0,0,0,0,0,0,0,0,0,0,0,0,0,0,70.21,70.21,70.21,70.21,70.21,70.21,70.21,70.21,70.21,70.21,70.21,0,0,0,0,70.49,70.49,70.49,70.49,70.49,70.49,0,0,0,0,0,0,0,0,0,0,0,0,0,0,0,0,0,0,0,0,0,0,0],
[0,0,0,0,0,0,0,0,0,0,0,0,0,0,0,0,0,0,0,0,0,0,0,0,0,0,0,0,0,0,0,0,0,0,0,0,0,0,0,0,0,0,0,0,0,0,0,0,0,0,0,0,0,0,0,0,0,0,0,0,0,0,0,0,0,0,0,0,0,0,0,0,0,0,0,0,0,0,0,0,0,0,0,60.87,61.11,61.35,61.59,61.82,62.06,62.30,62.54,62.77,63.00,63.24,63.47,63.70,63.93,64.16,64.39,64.62,64.85,65.09,65.32,65.55,65.78,66.01,66.22,66.40,66.59,66.77,66.96,67.14,67.36,67.59,67.76,67.90,0,0,0,0,0,0,0,0,0,0,0,0,0,0,0,0,0,0,0,0,0,0,70.21,70.21,0,70.21,70.21,70.21,70.21,70.21,0,0,0,0,0,70.79,70.79,70.79,70.79,70.79,70.80,0,0,0,0,0,0,0,0,0,0,0,0,0,0,0,0,0,0,0,0,0,0,0],
[0,0,0,0,0,0,0,0,0,0,0,0,0,0,0,0,0,0,0,0,0,0,0,0,0,0,0,0,0,0,0,0,0,0,0,0,0,0,0,0,0,0,0,0,0,0,0,0,0,0,0,0,0,0,0,0,0,0,0,0,0,0,0,0,0,0,0,0,0,0,0,0,0,0,0,58.90,59.14,59.37,59.64,59.88,60.12,60.36,60.60,60.84,61.07,61.31,61.54,61.78,62.01,62.25,62.48,62.71,62.95,63.18,63.41,63.64,63.87,64.10,64.33,64.56,64.80,64.98,65.17,65.35,65.55,65.77,66.00,66.22,66.44,66.66,66.89,67.11,0,0,0,0,0,0,0,0,0,0,0,0,0,0,0,0,0,0,0,0,0,0,0,0,0,0,0,0,0,0,0,70.21,70.21,0,0,0,0,0,0,71.10,71.10,71.10,71.10,71.10,71.10,0,0,0,0,0,0,0,0,0,0,0,0,0,0,0,0,0,0,0,0,0,0,0],
[0,0,0,0,0,0,0,0,0,0,0,0,0,0,0,0,0,0,0,0,0,0,0,0,0,0,0,0,0,0,0,0,0,0,0,0,0,0,0,0,0,0,0,0,0,0,0,0,0,0,0,53.68,53.89,54.11,54.32,54.54,54.75,54.97,55.18,55.39,55.61,55.84,56.08,56.32,56.56,56.80,57.01,57.20,57.40,57.59,57.79,57.98,58.18,58.41,58.65,58.89,59.12,59.37,59.60,59.84,60.07,60.31,60.54,60.78,61.01,61.25,61.48,61.72,61.95,62.19,62.42,62.65,62.89,63.12,63.35,63.56,63.74,63.96,64.18,64.41,64.63,64.85,65.07,65.30,0,0,0,0,0,0,0,0,0,0,0,0,0,0,0,0,0,0,0,0,0,0,0,0,0,0,0,0,0,0,0,0,0,0,0,0,0,0,0,0,0,0,0,0,0,0,0,71.40,71.40,71.40,71.40,71.40,71.40,0,0,0,0,0,0,0,0,0,0,0,0,0,0,0,0,0,0,0,0,0,0,0],
[0,0,0,0,0,0,0,0,0,0,0,0,0,0,0,0,0,0,0,0,0,0,0,0,0,0,0,0,0,0,0,0,0,0,0,0,0,0,0,0,0,0,0,0,0,0,0,52.87,53.00,53.21,53.44,53.65,53.85,54.05,54.26,54.46,54.66,54.86,55.07,55.27,55.49,55.72,55.96,56.19,56.38,56.56,56.74,56.92,57.14,57.37,57.61,57.85,58.10,58.34,58.58,58.82,59.07,59.31,59.55,59.78,60.02,60.25,60.49,60.72,60.96,61.19,61.43,61.66,61.90,62.13,62.37,62.59,62.82,63.04,63.26,63.48,0,0,0,0,0,0,0,0,0,0,0,0,0,0,0,0,0,0,0,0,0,0,0,0,0,0,0,0,0,0,0,0,0,0,0,0,0,0,0,0,0,0,0,0,0,0,0,0,0,0,0,0,0,0,0,71.46,71.46,71.46,71.46,71.46,71.46,0,0,0,0,0,0,0,0,0,0,0,0,0,0,0,0,0,0,0,0,0,0,0],
[0,0,0,0,0,0,0,0,0,0,0,0,0,0,0,0,0,0,0,0,0,0,0,0,0,0,0,0,0,0,0,0,0,0,0,0,0,0,0,0,0,0,0,0,0,0,0,52.59,52.77,52.94,53.16,53.37,53.57,53.77,53.97,54.18,54.38,54.60,54.82,55.05,55.28,55.47,55.65,55.86,56.10,56.34,56.58,56.83,57.07,57.31,57.55,57.80,58.04,58.28,58.52,58.77,59.01,59.25,59.49,59.72,59.96,60.19,60.43,60.67,60.91,61.14,61.38,61.62,61.86,0,0,0,0,0,0,0,0,0,0,0,0,0,0,0,0,0,0,0,0,0,0,0,0,0,0,0,0,0,0,0,0,0,0,0,0,0,0,0,0,0,0,0,0,0,0,0,0,0,0,0,0,0,0,0,0,0,0,0,0,0,0,71.46,71.46,71.46,71.46,71.46,71.46,0,0,0,0,0,0,0,0,0,0,0,0,0,0,0,0,0,0,0,0,0,0,0],
[0,0,0,0,0,0,0,0,0,0,0,0,0,0,0,0,0,0,0,0,0,0,0,0,0,0,0,0,0,0,0,0,0,0,0,0,0,0,0,0,0,0,0,0,0,0,52.23,52.35,52.55,52.74,52.93,53.09,53.29,53.49,53.71,53.93,54.15,54.37,54.59,54.83,55.07,55.32,55.56,55.80,56.04,56.29,56.53,56.77,57.02,57.26,57.50,57.75,57.99,58.24,58.48,58.72,58.97,59.21,59.44,59.68,59.92,60.16,0,0,0,0,0,0,0,0,0,0,0,0,0,0,0,0,0,0,0,0,0,0,0,0,0,0,0,0,0,0,0,0,0,0,0,0,0,0,0,0,0,0,0,0,0,0,0,0,0,0,0,0,0,0,0,0,0,0,0,0,0,0,0,0,0,0,0,0,0,71.46,71.46,71.46,71.46,71.46,71.46,0,0,0,0,0,0,0,0,0,0,0,0,0,0,0,0,0,0,0,0,0,0,0],
[0,0,0,0,0,0,0,0,0,0,0,0,0,0,0,0,0,0,0,0,0,0,0,0,0,0,0,0,0,0,0,0,0,0,0,0,0,0,0,0,0,0,0,0,0,0,51.98,52.13,52.33,52.51,52.69,52.85,52.98,53.42,53.65,53.87,54.10,54.33,54.57,54.82,55.06,55.30,0,55.79,56.04,0,0,0,0,0,0,0,0,0,0,0,0,0,0,0,0,0,0,0,0,0,0,0,0,0,0,0,0,0,0,0,0,0,0,0,0,0,0,0,0,0,0,0,0,0,0,0,0,0,0,0,0,0,0,0,0,0,0,0,0,0,0,0,0,0,0,0,0,0,0,0,0,0,0,0,0,0,0,0,0,0,0,0,0,0,0,71.46,71.46,71.46,71.46,71.46,71.46,0,0,0,0,0,0,0,0,0,0,0,0,0,0,0,0,0,0,0,0,0,0,0],
[0,0,0,0,0,0,0,0,0,0,0,0,0,0,0,0,0,0,0,0,0,0,0,0,0,0,0,0,0,0,0,0,0,0,0,0,0,0,0,0,0,0,0,0,0,51.62,51.73,51.91,52.11,52.29,52.44,52.47,0,0,0,0,0,0,0,0,0,0,0,0,0,0,0,0,0,0,0,0,0,0,0,0,0,0,0,0,0,0,0,0,0,0,0,0,0,0,0,0,0,0,0,0,0,0,0,0,0,0,0,0,0,0,0,0,0,0,0,0,0,0,0,0,0,0,0,0,0,0,0,0,0,0,0,0,0,0,0,0,0,0,0,0,0,0,0,0,0,0,0,0,0,0,0,0,0,0,0,71.46,71.46,71.46,71.46,71.46,71.46,0,0,0,0,0,0,0,0,0,0,0,0,0,0,0,0,0,0,0,0,0,0,0],
[0,0,0,0,0,0,0,0,0,0,0,0,0,0,0,0,0,0,0,0,0,0,0,0,0,0,0,0,0,0,0,0,0,0,0,0,0,0,0,0,0,0,0,0,0,51.37,51.51,51.69,51.88,52.03,51.96,52.15,0,0,0,0,0,0,0,0,0,0,0,0,0,0,0,0,0,0,0,0,0,0,0,0,0,0,0,0,0,0,0,0,0,0,0,0,0,0,0,0,0,0,0,0,0,0,0,0,0,0,0,0,0,0,0,0,0,0,0,0,0,0,0,0,0,0,0,0,0,0,0,0,0,0,0,0,0,0,0,0,0,0,0,0,0,0,0,0,0,0,0,0,0,0,0,0,0,0,0,71.46,71.46,71.46,71.46,71.46,71.46,0,0,0,0,0,0,0,0,0,0,0,0,0,0,0,0,0,0,0,0,0,0,0],
[0,0,0,0,0,0,0,0,0,0,0,0,0,0,0,0,0,0,0,0,0,0,0,0,0,0,0,0,0,0,0,0,0,0,0,0,0,0,0,0,0,0,0,0,0,51.12,51.29,51.45,51.51,51.52,51.56,0,0,0,0,0,0,0,0,0,0,0,0,0,0,0,0,0,0,0,0,0,0,0,0,0,0,0,0,0,0,0,0,0,0,0,0,0,0,0,0,0,0,0,0,0,0,0,0,0,0,0,0,0,0,0,0,0,0,0,0,0,0,0,0,0,0,0,0,0,0,0,0,0,0,0,0,0,0,0,0,0,0,0,0,0,0,0,0,0,0,0,0,0,0,0,0,0,0,0,0,71.46,71.46,71.46,71.46,71.46,71.46,0,0,0,0,0,0,0,0,0,0,0,0,0,0,0,0,0,0,0,0,0,0,0],
[0,0,0,0,0,0,0,0,0,0,0,0,0,0,0,0,0,0,0,0,0,0,0,0,0,0,0,0,0,0,0,0,0,0,0,0,0,0,0,0,0,0,0,0,50.76,50.89,51.03,51.07,51.01,51.01,51.17,0,0,0,0,0,0,0,0,0,0,0,0,0,0,0,0,0,0,0,0,0,0,0,0,0,0,0,0,0,0,0,0,0,0,0,0,0,0,0,0,0,0,0,0,0,0,0,0,0,0,0,0,0,0,0,0,0,0,0,0,0,0,0,0,0,0,0,0,0,0,0,0,0,0,0,0,0,0,0,0,0,0,0,0,0,0,0,0,0,0,0,0,0,0,0,0,0,0,0,0,71.46,71.46,71.46,71.46,71.46,71.46,0,0,0,0,0,0,0,0,0,0,0,0,0,0,0,0,0,0,0,0,0,0,0],
[0,0,0,0,0,0,0,0,0,0,0,0,0,0,0,0,0,0,0,0,0,0,0,0,0,0,0,0,0,0,0,0,0,0,0,0,0,0,0,0,0,0,0,0,50.50,50.55,50.57,50.58,50.51,50.59,0,0,0,0,0,0,0,0,0,0,0,0,0,0,0,0,0,0,0,0,0,0,0,0,0,0,0,0,0,0,0,0,0,0,0,0,0,0,0,0,0,0,0,0,0,0,0,0,0,0,0,0,0,0,0,0,0,0,0,0,0,0,0,0,0,0,0,0,0,0,0,0,0,0,0,0,0,0,0,0,0,0,0,0,0,0,0,0,0,0,0,0,0,0,0,0,0,0,0,0,0,71.46,71.46,71.46,71.46,71.46,71.46,0,0,0,0,0,0,0,0,0,0,0,0,0,0,0,0,0,0,0,0,0,0,0],
[0,0,0,0,0,0,0,0,0,0,0,0,0,0,0,0,0,0,0,0,0,0,0,0,0,0,0,0,0,0,0,0,0,0,0,0,0,0,0,0,0,0,0,49.95,50.10,50.12,50.10,50.10,49.71,50.19,0,0,0,0,0,0,0,0,0,0,0,0,0,0,0,0,0,0,0,0,0,0,0,0,0,0,0,0,0,0,0,0,0,0,0,0,0,0,0,0,0,0,0,0,0,0,0,0,0,0,0,0,0,0,0,0,0,0,0,0,0,0,0,0,0,0,0,0,0,0,0,0,0,0,0,0,0,0,0,0,0,0,0,0,0,0,0,0,0,0,0,0,0,0,0,0,0,0,0,0,0,71.46,71.46,71.46,71.46,71.46,71.46,0,0,0,0,0,0,0,0,0,0,0,0,0,0,0,0,0,0,0,0,0,0,0],
[0,0,0,0,0,0,0,0,0,0,0,0,0,0,0,0,0,0,0,0,0,0,0,0,0,0,0,0,0,0,0,0,0,0,0,0,0,0,0,0,0,0,0,49.71,49.67,49.71,49.70,49.70,49.59,49.43,0,0,0,0,0,0,0,0,0,0,0,0,0,0,0,0,0,0,0,0,0,0,0,0,0,0,0,0,0,0,0,0,0,0,0,0,0,0,0,0,0,0,0,0,0,0,0,0,0,0,0,0,0,0,0,0,0,0,0,0,0,0,0,0,0,0,0,0,0,0,0,0,0,0,0,0,0,0,0,0,0,0,0,0,0,0,0,0,0,0,0,0,0,0,0,0,0,0,0,0,0,71.46,71.46,71.46,71.46,71.46,71.46,0,0,0,0,0,0,0,0,0,0,0,0,0,0,0,0,0,0,0,0,0,0,0],
[0,0,0,0,0,0,0,0,0,0,0,0,0,0,0,0,0,0,0,0,0,0,0,0,0,0,0,0,0,0,0,0,0,0,0,0,0,0,0,0,0,0,0,0,49.35,49.36,49.36,49.36,49.27,49.17,48.95,0,0,0,0,0,0,0,0,0,0,0,0,0,0,0,0,0,0,0,0,0,0,0,0,0,0,0,0,0,0,0,0,0,0,0,0,0,0,0,0,0,0,0,0,0,0,0,0,0,0,0,0,0,0,0,0,0,0,0,0,0,0,0,0,0,0,0,0,0,0,0,0,0,0,0,0,0,0,0,0,0,0,0,0,0,0,0,0,0,0,0,0,0,0,0,0,0,0,0,0,71.52,71.51,71.52,71.52,71.52,71.54,0,0,0,0,0,0,0,0,0,0,0,0,0,0,0,0,0,0,0,0,0,0,0],
[0,0,0,0,0,0,0,0,0,0,0,0,0,0,0,0,0,0,0,0,0,0,0,0,0,0,0,0,0,0,0,0,0,0,0,0,0,0,0,0,0,0,0,0,49.10,49.00,49.02,49.02,48.95,48.90,48.69,48.47,0,0,0,0,0,0,0,0,0,0,0,0,0,0,0,0,0,0,0,0,0,0,0,0,0,0,0,0,0,0,0,0,0,0,0,0,0,0,0,0,0,0,0,0,0,0,0,0,0,0,0,0,0,0,0,0,0,0,0,0,0,0,0,0,0,0,0,0,0,0,0,0,0,0,0,0,0,0,0,0,0,0,0,0,0,0,0,0,0,0,0,0,0,0,0,0,0,0,0,71.85,71.87,71.84,71.81,71.81,71.86,0,0,0,0,0,0,0,0,0,0,0,0,0,0,0,0,0,0,0,0,0,0,0],
[0,0,0,0,0,0,0,0,0,0,0,0,0,0,0,0,0,0,0,0,0,0,0,0,0,0,0,0,0,0,0,0,0,0,0,0,0,0,0,0,0,0,0,0,0,48.71,48.68,48.68,48.62,48.62,48.42,48.18,47.90,0,0,0,0,0,0,0,0,0,0,0,0,0,0,0,0,0,0,0,0,0,0,0,0,0,0,0,0,0,0,0,0,0,0,0,0,0,0,0,0,0,0,0,0,0,0,0,0,0,0,0,0,0,0,0,0,0,0,0,0,0,0,0,0,0,0,0,0,0,0,0,0,0,0,0,0,0,0,0,0,0,0,0,0,0,0,0,0,0,0,0,0,0,0,0,0,0,0,72.18,72.24,72.21,72.18,72.14,72.19,0,0,0,0,0,0,0,0,0,0,0,0,0,0,0,0,0,0,0,0,0,0,0],
[0,0,0,0,0,0,0,0,0,0,0,0,0,0,0,0,0,0,0,0,0,0,0,0,0,0,0,0,0,0,0,0,0,0,0,0,0,0,0,0,0,0,0,0,0,48.46,48.32,48.34,48.30,48.30,48.14,47.87,47.60,47.32,0,0,0,0,0,0,0,0,0,0,0,0,0,0,0,0,0,0,0,0,0,0,0,0,0,0,0,0,0,0,0,0,0,0,0,0,0,0,0,0,0,0,0,0,0,0,0,0,0,0,0,0,0,0,0,0,0,0,0,0,0,0,0,0,0,0,0,0,0,0,0,0,0,0,0,0,0,0,0,0,71.79,71.79,71.79,71.79,0,0,0,0,0,0,0,0,0,0,0,0,0,72.51,72.57,72.58,72.54,72.50,72.52,0,0,0,0,0,0,0,0,0,0,0,0,0,0,0,0,0,0,0,0,0,0,0],
[0,0,0,0,0,0,0,0,0,0,0,0,0,0,0,0,0,0,0,0,0,0,0,0,0,0,0,0,0,0,0,0,0,0,0,0,0,0,0,0,0,0,0,0,0,0,48.07,48.00,47.97,47.99,47.84,47.56,47.29,47.01,46.73,0,0,0,0,0,0,0,0,0,0,0,0,0,0,0,0,0,0,0,0,0,0,0,0,0,0,0,0,0,0,0,0,0,0,0,0,0,0,0,0,0,0,0,0,0,0,0,0,0,0,0,0,0,0,0,0,0,0,0,0,0,0,0,0,0,0,0,0,0,0,0,0,0,0,0,0,0,71.79,71.79,71.79,71.79,71.79,71.79,71.79,71.79,0,0,0,0,0,0,0,0,0,0,0,72.83,72.90,72.94,72.90,72.87,72.85,0,0,0,0,0,0,0,0,0,0,0,0,0,0,0,0,0,0,0,0,0,0,0],
[0,0,0,0,0,0,0,0,0,0,0,0,0,0,0,0,0,0,0,0,0,0,0,0,0,0,0,0,0,0,0,0,0,0,0,0,0,0,0,0,0,0,0,0,0,0,47.82,47.67,47.66,47.70,47.53,47.25,46.98,46.70,46.42,46.15,0,0,0,0,0,0,0,0,0,0,0,0,0,0,0,0,0,0,0,0,0,0,0,0,0,0,0,0,0,0,0,0,0,0,0,0,0,0,0,0,0,0,0,0,0,0,0,0,0,0,0,0,0,0,0,0,0,0,0,0,0,0,0,0,0,0,0,0,0,0,0,0,0,0,71.79,71.79,71.79,71.79,71.79,71.79,71.79,71.79,71.79,71.79,71.79,71.79,0,0,0,0,0,0,0,0,0,73.03,72.98,72.97,73.00,73.02,73.04,0,0,0,0,0,0,0,0,0,0,0,0,0,0,0,0,0,0,0,0,0,0,0],
[0,0,0,0,0,0,0,0,0,0,0,0,0,0,0,0,0,0,0,0,0,0,0,0,0,0,0,0,0,0,0,0,0,0,0,0,0,0,0,0,0,0,0,0,0,0,0,47.43,47.34,47.37,47.22,46.95,46.67,46.39,46.12,45.84,45.46,45.34,45.22,45.10,44.98,44.86,44.74,44.62,44.50,44.38,44.26,44.14,44.02,43.90,43.78,43.66,43.54,43.42,43.30,43.18,43.06,42.94,42.82,42.70,0,0,0,0,42.10,0,0,0,0,0,0,0,0,0,0,0,0,0,0,0,0,0,0,0,0,0,0,0,0,0,0,0,0,0,0,0,0,0,0,0,0,0,0,0,0,0,0,0,0,71.79,71.79,71.79,71.79,71.79,71.79,71.79,71.79,71.79,71.79,71.79,71.79,71.79,71.79,0,0,0,0,0,0,0,0,73.01,72.96,72.98,73.01,73.02,73.02,0,0,0,0,0,0,0,0,0,0,0,0,0,0,0,0,0,0,0,0,0,0,0],
[0,0,0,0,0,0,0,0,0,0,0,0,0,0,0,0,0,0,0,0,0,0,0,0,0,0,0,0,0,0,0,0,0,0,0,0,0,0,0,0,0,0,0,0,0,0,0,0,47.06,47.05,46.92,46.64,46.37,46.09,45.59,45.55,45.44,45.34,45.22,45.10,44.98,44.86,44.74,44.62,44.50,44.38,44.26,44.14,44.02,43.90,43.78,43.66,43.54,43.42,43.30,43.18,43.06,42.94,42.82,42.70,42.58,42.46,42.34,42.22,42.10,41.95,41.77,41.61,41.45,41.29,41.14,40.98,40.83,0,0,0,0,0,0,0,0,0,0,0,0,0,0,0,0,0,0,0,0,0,0,0,0,0,0,0,0,0,0,0,0,0,0,0,0,71.79,71.79,71.79,71.79,71.79,71.79,71.79,71.79,71.79,71.79,71.79,71.79,71.79,71.79,0,0,0,0,0,0,0,0,72.99,72.97,72.99,73.00,73.00,73.01,0,0,0,0,0,0,0,0,0,0,0,0,0,0,0,0,0,0,0,0,0,0,0],
[0,0,0,0,0,0,0,0,0,0,0,0,0,0,0,0,0,0,0,0,0,0,0,0,0,0,0,0,0,0,0,0,0,0,0,0,0,0,0,0,0,0,0,0,0,0,0,0,46.82,46.72,46.62,46.34,46.06,45.65,45.57,45.46,45.35,45.24,45.14,45.05,44.96,44.87,44.75,44.63,44.51,44.39,44.27,44.15,44.03,43.91,43.79,43.67,43.55,43.43,43.31,43.19,43.07,42.95,42.83,42.71,42.58,42.46,42.33,42.21,42.08,41.91,41.73,41.53,41.35,41.20,41.06,40.92,40.79,40.66,40.52,40.37,40.22,40.07,39.92,39.77,39.62,39.47,39.32,39.17,0,0,0,0,0,0,0,0,0,0,0,0,0,0,0,0,0,0,0,0,0,0,0,0,71.79,71.79,71.79,71.79,71.79,71.79,71.79,71.79,71.79,71.79,71.79,71.79,71.79,71.79,71.92,72.32,72.72,72.99,73.03,73.01,73.00,72.98,72.97,72.97,72.97,72.98,72.98,72.99,73.00,0,0,0,0,0,0,0,0,0,0,0,0,0,0,0,0,0,0,0,0,0,0,0],
[0,0,0,0,0,0,0,0,0,0,0,0,0,0,0,0,0,0,0,0,0,0,0,0,0,0,0,0,0,0,0,0,0,0,0,0,0,0,0,0,0,0,0,0,0,0,0,0,0,46.45,46.32,46.04,45.70,45.60,45.48,45.37,45.26,45.15,45.04,44.94,44.84,44.75,44.66,44.57,44.48,44.39,44.27,44.15,44.03,43.91,43.79,43.67,43.55,43.43,43.31,43.19,43.06,42.94,42.81,42.69,42.57,42.44,42.32,42.19,42.05,41.87,41.67,41.47,41.27,41.09,40.92,40.74,40.58,40.43,40.29,40.17,40.04,39.91,39.78,39.65,39.53,39.40,39.27,39.14,39.01,38.86,38.71,38.56,38.41,38.26,38.11,37.96,37.81,37.66,0,0,0,0,0,0,0,0,0,0,0,0,0,0,71.79,71.79,71.79,71.79,71.79,71.79,71.79,71.79,71.79,71.79,71.79,71.79,71.79,71.79,71.79,72.33,72.73,73.00,73.03,73.01,73.00,72.98,72.97,72.96,72.96,72.97,72.97,72.98,72.99,0,0,0,0,0,0,0,0,0,0,0,0,0,0,0,0,0,0,0,0,0,0,0],
[0,0,0,0,0,0,0,0,0,0,0,0,0,0,0,0,0,0,0,0,0,0,0,0,0,0,0,0,0,0,0,0,0,0,0,0,0,0,0,0,0,0,0,0,0,0,0,0,0,46.21,45.78,45.74,45.62,45.50,45.39,45.28,45.17,45.06,44.95,44.85,44.74,44.63,44.54,44.45,44.36,44.27,44.18,44.09,44.00,43.90,43.79,43.67,43.54,43.42,43.29,43.17,43.05,42.92,42.80,42.67,42.55,42.42,42.30,42.17,42.01,41.82,41.62,41.42,41.22,41.02,40.83,40.64,40.46,40.28,40.10,39.95,39.80,39.67,39.54,39.41,39.29,39.16,39.03,38.90,38.78,38.65,38.52,38.39,38.27,38.14,38.01,37.88,37.75,37.63,37.50,0,0,0,0,0,0,0,0,0,0,0,0,0,71.79,71.79,71.79,71.79,71.79,71.79,71.79,71.79,71.79,71.79,71.79,71.79,71.79,71.79,71.79,72.35,72.77,73.04,73.02,73.01,72.99,72.98,72.96,72.96,72.96,72.96,72.96,72.97,72.97,0,0,0,0,0,0,0,0,0,0,0,0,0,0,0,0,0,0,0,0,0,0,0],
[0,0,0,0,0,0,0,0,0,0,0,0,0,0,0,0,0,0,0,0,0,0,0,0,0,0,0,0,0,0,0,0,0,0,0,0,0,0,0,0,0,0,0,0,0,0,0,0,0,0,45.79,45.69,45.57,45.46,45.34,45.23,45.11,44.99,44.88,44.76,44.65,44.54,44.43,44.33,44.24,44.15,44.06,43.96,43.86,43.77,43.67,43.58,43.48,43.39,43.28,43.15,43.03,42.90,42.78,42.66,42.53,42.41,42.28,42.15,41.96,41.76,41.56,41.36,41.16,40.96,40.76,40.56,40.37,40.19,40.00,39.82,39.63,39.47,39.32,39.17,39.05,38.92,38.79,38.66,38.54,38.41,38.28,38.15,38.03,37.90,37.77,37.64,37.51,37.40,37.32,37.21,0,0,0,0,0,0,0,0,0,0,0,0,71.79,71.79,71.79,71.79,71.79,71.79,71.79,71.79,71.79,71.79,71.79,71.79,71.79,71.79,71.79,72.35,72.77,73.03,73.01,73.00,72.98,72.97,72.96,72.96,72.96,72.96,72.96,72.96,72.96,72.96,0,0,0,0,0,0,0,0,0,0,0,0,0,0,0,0,0,0,0,0,0,0],
[0,0,0,0,0,0,0,0,0,0,0,0,0,0,0,0,0,0,0,0,0,0,0,0,0,0,0,0,0,0,0,0,0,0,0,0,0,0,0,0,0,0,0,0,0,0,0,0,0,0,0,0,0,0,0,0,0,0,44.87,44.75,44.64,44.52,44.40,44.29,44.18,44.08,43.98,43.87,43.77,43.66,43.56,43.45,43.35,43.25,43.15,43.06,42.96,42.87,42.76,42.64,42.51,42.39,42.26,42.10,41.90,41.70,41.50,41.30,41.10,40.90,40.70,40.50,40.31,40.12,39.93,39.73,39.54,39.36,39.17,38.99,38.84,38.68,38.55,38.42,38.30,38.17,38.04,37.91,37.79,37.66,37.53,37.40,37.29,37.21,37.12,37.04,36.92,0,0,0,0,0,0,0,0,0,0,0,71.79,71.79,71.79,71.79,71.79,71.79,71.79,71.79,71.79,71.79,71.79,71.79,71.79,71.79,71.79,72.35,72.77,73.03,73.01,72.99,72.97,72.96,72.96,72.96,72.96,72.96,72.96,72.96,72.96,72.96,72.96,0,0,0,0,0,0,0,0,0,0,0,0,0,0,0,0,0,0,0,0,0],
[0,0,0,0,0,0,0,0,0,0,0,0,0,0,0,0,0,0,0,0,0,0,0,0,0,0,0,0,0,0,0,0,0,0,0,0,0,0,0,0,0,0,0,0,0,0,0,0,0,0,0,0,0,0,0,0,0,0,0,0,0,0,0,0,0,0,0,0,0,0,0,0,0,43.24,43.13,43.03,42.93,42.82,42.72,42.61,42.50,42.37,42.24,42.06,41.85,41.65,41.44,41.24,41.04,40.84,40.63,40.44,40.25,40.06,39.86,39.67,39.48,39.29,39.10,38.90,38.71,38.53,38.36,38.21,38.06,37.93,37.80,37.67,37.55,37.42,37.29,37.18,37.10,37.01,36.93,36.84,36.74,0,0,0,0,0,0,0,0,0,0,0,71.79,71.79,71.79,71.79,71.79,71.79,71.79,71.79,71.79,71.79,71.79,71.79,71.79,71.79,71.79,72.35,72.76,73.03,73.01,72.98,72.97,72.96,72.96,72.96,72.96,72.96,72.96,72.96,72.96,72.96,72.96,72.96,0,0,0,0,0,0,0,0,0,0,0,0,0,0,0,0,0,0,0,0],
[0,0,0,0,0,0,0,0,0,0,0,0,0,0,0,0,0,0,0,0,0,0,0,0,0,0,0,0,0,0,0,0,0,0,0,0,0,0,0,0,0,0,0,0,0,0,0,0,0,0,0,0,0,0,0,0,0,0,0,0,0,0,0,0,0,0,0,0,0,0,0,0,0,0,0,0,0,0,0,0,0,0,0,0,0,0,0,0,41.02,40.82,40.62,40.41,40.22,40.02,39.82,39.63,39.43,39.24,39.04,38.84,38.65,38.46,38.26,38.07,37.88,37.73,37.57,37.43,37.31,37.18,37.07,36.99,36.90,36.82,36.73,36.65,36.56,36.45,0,0,0,0,0,0,0,0,0,0,71.79,71.79,71.79,71.79,71.79,71.79,71.79,71.79,71.79,71.79,71.79,71.79,71.79,71.79,71.79,72.32,72.72,72.99,73.02,72.99,72.96,72.96,72.96,72.96,72.96,72.96,72.96,72.96,72.96,72.96,72.96,72.96,0,0,0,0,0,0,0,0,0,0,0,0,0,0,0,0,0,0,0,0],
[0,0,0,0,0,0,0,0,0,0,0,0,0,0,0,0,0,0,0,0,0,0,0,0,0,0,0,0,0,0,0,0,0,0,0,0,0,0,0,0,0,0,0,0,0,0,0,0,0,0,0,0,0,0,0,0,0,0,0,0,0,0,0,0,0,0,0,0,0,0,0,0,0,0,0,0,0,0,0,0,0,0,0,0,0,0,0,0,0,0,0,0,0,0,0,0,0,0,0,0,0,38.43,38.24,38.04,37.84,37.65,37.46,37.29,37.12,36.96,36.88,36.79,36.71,36.62,36.53,36.45,36.36,36.28,36.16,0,0,0,0,0,0,0,0,0,0,71.79,71.79,71.79,71.79,71.79,71.79,71.79,71.79,71.79,71.79,71.79,71.79,71.79,71.79,0,0,0,0,0,72.96,72.96,72.96,72.96,72.96,72.96,72.96,72.96,72.96,72.96,72.96,72.96,0,0,0,0,0,0,0,0,0,0,0,0,0,0,0,0,0,0,0,0],
[0,0,0,0,0,0,0,0,0,0,0,0,0,0,0,0,0,0,0,0,0,0,0,0,0,0,0,0,0,0,0,0,0,0,0,0,0,0,0,0,0,0,0,0,0,0,0,0,0,0,0,0,0,0,0,0,0,0,0,0,0,0,0,0,0,0,0,0,0,0,0,0,0,0,0,0,0,0,0,0,0,0,0,0,0,0,0,0,0,0,0,0,0,0,0,0,0,0,0,0,0,0,0,0,0,0,0,0,0,36.80,36.68,36.59,36.51,36.42,36.34,36.25,36.17,36.08,35.98,0,0,0,0,0,0,0,0,0,0,0,71.79,71.79,71.79,71.79,71.79,71.79,71.79,71.79,71.79,71.79,71.79,71.79,71.79,0,0,0,0,0,72.96,72.96,72.96,72.96,72.96,72.96,72.96,72.96,72.96,72.96,72.96,72.96,0,0,0,0,0,0,0,0,0,0,0,0,0,0,0,0,0,0,0,0],
[0,0,0,0,0,0,0,0,0,0,0,0,0,0,0,0,0,0,0,0,0,0,0,0,0,0,0,0,0,0,0,0,0,0,0,0,0,0,0,0,0,0,0,0,0,0,0,0,0,0,0,0,0,0,0,0,0,0,0,0,0,0,0,0,0,0,0,0,0,0,0,0,0,0,0,0,0,0,0,0,0,0,0,0,0,0,0,0,0,0,0,0,0,0,0,0,0,0,0,0,0,0,0,0,0,0,0,0,0,0,36.42,36.32,36.30,36.22,36.13,36.05,35.96,35.89,35.81,35.70,0,0,0,0,0,0,0,0,0,0,0,71.79,71.79,71.79,71.79,71.79,71.79,71.79,71.79,71.79,71.79,0,0,0,0,0,0,0,72.96,72.96,72.96,72.96,72.96,72.96,72.96,72.96,72.96,72.96,72.96,72.96,0,0,0,0,0,0,0,0,0,0,0,0,0,0,0,0,0,0,0,0],
[0,0,0,0,0,0,0,0,0,0,0,0,0,0,0,0,0,0,0,0,0,0,0,0,0,0,0,0,0,0,0,0,0,0,0,0,0,0,0,0,0,0,0,0,0,0,0,0,0,0,0,0,0,0,0,0,0,0,0,0,0,0,0,0,0,0,0,0,0,0,0,0,0,0,0,0,0,0,0,0,0,0,0,0,0,0,0,0,0,0,0,0,0,0,0,0,0,0,0,0,0,0,0,0,0,0,0,0,0,0,0,35.99,35.91,35.97,35.92,35.84,35.76,35.73,35.65,35.53,0,0,0,0,0,0,0,0,0,0,0,0,0,71.80,71.80,71.80,71.80,71.80,71.80,0,0,0,0,0,0,0,0,0,0,72.96,72.96,72.96,72.96,72.96,72.96,72.96,72.96,72.96,72.96,0,0,0,0,0,0,0,0,0,0,0,0,0,0,0,0,0,0,0,0,0],
[0,0,0,0,0,0,0,0,0,0,0,0,0,0,0,0,0,0,0,0,0,0,0,0,0,0,0,0,0,0,0,0,0,0,0,0,0,0,0,0,0,0,0,0,0,0,0,0,0,0,0,0,0,0,0,0,0,0,0,0,0,0,0,0,0,0,0,0,0,0,0,0,0,0,0,0,0,0,0,0,0,0,0,0,0,0,0,0,0,0,0,0,0,0,0,0,0,0,0,0,0,0,0,0,0,0,0,0,0,0,0,0,35.57,35.51,35.56,35.61,35.56,35.53,35.48,35.36,35.24,0,0,0,0,0,0,0,0,0,0,0,0,71.82,71.82,71.82,71.82,71.82,71.82,0,0,0,0,0,0,0,0,0,0,72.96,72.96,72.96,72.96,72.96,72.96,72.96,72.96,72.96,72.96,0,0,0,0,0,0,0,0,0,0,0,0,0,0,0,0,0,0,0,0,0],
[0,0,0,0,0,0,0,0,0,0,0,0,0,0,0,0,0,0,0,0,0,0,0,0,0,0,0,0,0,0,0,0,0,0,0,0,0,0,0,0,0,0,0,0,0,0,0,0,0,0,0,0,0,0,0,0,0,0,0,0,0,0,0,0,0,0,0,0,0,0,0,0,0,0,0,0,0,0,0,0,0,0,0,0,0,0,0,0,0,0,0,0,0,0,0,0,0,0,0,0,0,0,0,0,0,0,0,0,0,0,0,0,0,35.14,35.11,35.13,35.16,35.20,35.22,35.18,35.07,34.96,0,0,0,0,0,0,0,0,0,0,0,71.83,71.83,71.83,71.83,71.83,71.83,0,0,0,0,0,0,0,0,0,0,0,72.96,72.96,72.96,72.96,72.96,72.96,72.96,72.96,0,0,0,0,0,0,0,0,0,0,0,0,0,0,0,0,0,0,0,0,0,0],
[0,0,0,0,0,0,0,0,0,0,0,0,0,0,0,0,0,0,0,0,0,0,0,0,0,0,0,0,0,0,0,0,0,0,0,0,0,0,0,0,0,0,0,0,0,0,0,0,0,0,0,0,0,0,0,0,0,0,0,0,0,0,0,0,0,0,0,0,0,0,0,0,0,0,0,0,0,0,0,0,0,0,0,0,0,0,0,0,0,0,0,0,0,0,0,0,0,0,0,0,0,0,0,0,0,0,0,0,0,0,0,0,0,34.53,34.67,34.72,34.76,34.76,34.75,34.73,34.71,34.66,0,0,0,0,0,0,0,0,0,0,0,71.85,71.85,71.85,71.85,71.85,71.85,0,0,0,0,0,0,0,0,0,0,0,0,0,0,72.96,0,0,0,0,0,0,0,0,0,0,0,0,0,0,0,0,0,0,0,0,0,0,0,0,0,0],
[0,0,0,0,0,0,0,0,0,0,0,0,0,0,0,0,0,0,0,0,0,0,0,0,0,0,0,0,0,0,0,0,0,0,0,0,0,0,0,0,0,0,0,0,0,0,0,0,0,0,0,0,0,0,0,0,0,0,0,0,0,0,0,0,0,0,0,0,0,0,0,0,0,0,0,0,0,0,0,0,0,0,0,0,0,0,0,0,0,0,0,0,0,0,0,0,0,0,0,0,0,0,0,0,0,0,0,0,0,0,0,0,0,34.12,34.22,34.29,34.30,34.30,34.28,34.26,34.31,34.42,0,0,0,0,0,0,0,0,0,0,0,71.87,71.87,71.87,71.87,71.87,71.87,0,0,0,0,0,0,0,0,0,0,0,0,0,0,0,0,0,0,0,0,0,0,0,0,0,0,0,0,0,0,0,0,0,0,0,0,0,0,0,0,0],
[0,0,0,0,0,0,0,0,0,0,0,0,0,0,0,0,0,0,0,0,0,0,0,0,0,0,0,0,0,0,0,0,0,0,0,0,0,0,0,0,0,0,0,0,0,0,0,0,0,0,0,0,0,0,0,0,0,0,0,0,0,0,0,0,0,0,0,0,0,0,0,0,0,0,0,0,0,0,0,0,0,0,0,0,0,0,0,0,0,0,0,0,0,0,0,0,0,0,0,0,0,0,0,0,0,0,0,0,0,0,0,0,33.54,33.69,33.77,33.81,33.84,33.83,33.87,33.93,33.99,0,0,0,0,0,0,0,0,0,0,0,0,71.73,71.72,71.72,71.72,71.73,71.73,0,0,0,0,0,0,0,0,0,0,0,0,0,0,0,0,0,0,0,69.21,69.21,0,0,0,0,0,0,0,0,0,0,0,0,0,0,0,0,0,0,0,0],
[0,0,0,0,0,0,0,0,0,0,0,0,0,0,0,0,0,0,0,0,0,0,0,0,0,0,0,0,0,0,0,0,0,0,0,0,0,0,0,0,0,0,0,0,0,0,0,0,0,0,0,0,0,0,0,0,0,0,0,0,0,0,0,0,0,0,0,0,0,0,0,0,0,0,0,0,0,0,0,0,0,0,0,0,0,0,0,0,0,0,0,0,0,0,0,0,0,0,0,0,0,0,0,0,0,0,0,0,0,0,0,0,33.08,33.24,33.30,33.34,33.42,33.49,33.54,33.60,33.70,0,0,0,0,0,0,0,0,0,0,0,0,71.39,71.39,71.39,71.39,71.39,71.39,0,0,0,0,0,0,0,0,0,0,0,0,0,0,0,0,0,0,69.21,69.21,69.21,69.21,0,0,0,0,0,0,0,0,0,0,0,0,0,0,0,0,0,0,0],
[0,0,0,0,0,0,0,0,0,0,0,0,0,0,0,0,0,0,0,0,0,0,0,0,0,0,0,0,0,0,0,0,0,0,0,0,0,0,0,0,0,0,0,0,0,0,0,0,0,0,0,0,0,0,0,0,0,0,0,0,0,0,0,0,0,0,0,0,0,0,0,0,0,0,0,0,0,0,0,0,0,0,0,0,0,0,0,0,0,0,0,0,0,0,0,0,0,0,0,0,0,0,0,0,0,0,0,0,0,0,0,32.45,32.67,32.78,32.83,33.00,33.09,33.16,33.22,33.27,33.40,0,0,0,0,0,0,0,0,0,0,0,0,70.96,70.97,70.97,70.97,70.97,70.96,0,0,0,0,0,0,0,0,0,0,0,0,0,69.21,69.21,0,0,69.21,69.21,69.21,69.21,69.21,69.21,69.21,0,0,0,0,0,0,0,0,0,0,0,0,0,0,0,0,0],
[0,0,0,0,0,0,0,0,0,0,0,0,0,0,0,0,0,0,0,0,0,0,0,0,0,0,0,0,0,0,0,0,0,0,0,0,0,0,0,0,0,0,0,0,0,0,0,0,0,0,0,0,0,0,0,0,0,0,0,0,0,0,0,0,0,0,0,0,0,0,0,0,0,0,0,0,0,0,0,0,0,0,0,0,0,0,0,0,0,0,0,0,0,0,0,0,0,0,0,0,0,0,0,0,0,0,0,0,0,30.94,31.47,31.98,32.19,32.38,32.53,32.60,32.75,32.83,32.89,32.98,0,0,0,0,0,0,0,0,0,0,0,0,0,70.54,70.54,70.54,70.54,70.54,70.54,0,0,0,0,0,0,0,0,0,69.21,69.21,69.21,69.21,69.21,69.21,69.21,69.21,69.21,69.21,69.21,69.21,69.21,69.21,69.21,69.21,0,0,0,0,0,0,0,0,0,0,0,0,0,0,0,0],
[0,0,0,0,0,0,0,0,0,0,0,0,0,0,0,17.46,17.46,17.46,17.46,0,0,0,0,0,0,0,0,0,0,0,0,0,0,0,0,0,0,0,0,0,0,0,0,0,0,0,0,0,0,0,0,0,0,0,0,0,0,0,0,0,0,0,0,0,0,0,0,0,0,0,0,0,0,0,0,0,0,0,0,0,0,0,0,0,0,0,0,0,0,0,0,0,0,0,0,0,0,0,0,0,0,0,0,0,0,0,28.90,29.53,30.16,30.62,31.00,31.32,31.62,31.93,32.13,32.28,32.38,32.50,32.56,32.68,0,0,0,0,0,0,0,69.21,69.21,0,0,0,0,70.37,70.37,70.37,70.37,70.37,70.37,0,69.21,69.21,69.21,69.21,69.21,69.21,69.21,69.21,69.21,69.21,69.21,69.21,69.21,69.21,69.21,69.21,69.21,69.21,69.21,69.21,69.21,69.21,69.21,69.21,0,0,0,0,0,0,0,0,0,0,0,0,0,0,0,0],
[0,0,0,0,0,0,0,0,0,0,0,0,0,0,17.46,17.46,17.46,17.46,17.46,17.46,0,0,0,0,0,0,0,0,0,0,0,0,0,0,0,0,0,0,0,0,0,0,0,0,0,0,0,0,0,0,0,0,0,0,0,0,0,0,0,0,0,0,0,0,0,0,0,0,0,16.54,16.54,16.54,16.54,16.54,16.54,0,0,0,0,0,0,0,0,0,0,0,0,0,0,0,0,0,0,0,0,0,0,0,0,0,0,0,0,26.79,27.42,28.05,28.64,29.23,29.68,30.03,30.36,30.64,30.94,31.26,31.56,31.85,32.02,32.15,32.25,0,0,0,0,0,0,69.21,69.21,69.21,69.21,69.21,69.21,69.21,0,70.37,70.37,70.37,70.37,70.37,70.37,0,69.21,69.21,69.21,69.21,69.21,69.21,69.21,69.21,69.21,69.21,69.21,69.21,69.21,69.21,69.21,69.21,69.21,69.21,69.21,69.21,69.21,69.21,69.21,0,0,0,0,0,0,0,0,0,0,0,0,0,0,0,0,0],
[0,0,0,0,0,0,0,0,0,0,0,0,0,0,17.46,17.46,17.46,17.46,17.46,17.46,17.46,0,0,0,0,0,0,0,0,0,0,0,0,0,0,0,0,0,0,0,0,0,0,0,0,0,0,0,0,0,0,0,0,0,0,0,0,0,0,0,0,0,0,0,0,0,0,16.54,16.54,16.54,16.54,16.54,16.54,16.54,16.54,16.54,0,0,0,0,0,0,0,0,0,0,0,0,0,0,0,0,0,0,0,0,0,0,0,0,24.68,25.31,25.93,26.54,27.12,27.71,28.28,28.74,29.08,29.40,29.68,29.96,30.25,30.57,30.86,31.11,31.45,31.89,32.04,0,0,0,0,0,0,69.21,69.21,69.21,69.21,69.21,69.21,69.21,0,70.37,70.37,70.37,70.37,70.37,70.37,0,69.21,69.21,69.21,69.21,69.21,69.21,69.21,69.21,69.21,69.21,69.21,69.21,69.21,69.21,69.21,69.21,69.21,69.21,69.21,69.21,69.21,69.21,69.21,69.21,0,0,0,0,0,0,0,0,0,0,0,0,0,0,0,0],
[0,0,0,0,0,0,0,0,0,0,0,0,17.46,17.46,17.46,17.46,17.46,17.46,17.46,17.46,17.46,17.46,0,0,0,0,0,0,0,0,0,0,0,0,0,0,0,0,0,0,0,0,0,0,0,0,0,0,0,0,0,0,0,0,0,0,0,0,0,0,0,0,0,0,0,0,16.54,16.54,16.54,16.54,16.54,16.54,16.54,16.54,16.54,16.54,0,0,0,0,0,0,0,0,0,0,0,0,0,0,0,0,0,0,0,0,0,22.85,23.35,23.85,24.44,25.02,25.60,26.18,26.75,27.28,27.71,28.08,28.38,28.67,28.97,29.26,29.56,29.95,30.39,30.83,0,0,0,0,0,0,0,0,0,69.21,69.21,69.21,69.21,69.21,69.21,69.21,0,70.13,70.13,70.13,70.13,70.13,70.13,0,69.21,69.21,69.21,69.21,69.21,69.21,69.21,69.21,69.21,69.21,69.21,69.21,69.21,69.21,69.21,69.21,69.21,69.21,69.21,69.21,69.21,69.21,69.21,69.21,0,0,0,0,0,0,0,0,0,0,0,0,0,0,0,0],
[0,0,0,0,0,0,0,0,0,0,0,17.46,17.46,17.46,17.46,17.46,17.46,17.46,17.46,17.46,17.46,17.46,0,0,0,0,0,0,0,0,0,0,0,0,0,0,0,0,0,0,0,0,0,0,0,0,0,0,0,0,0,0,0,0,0,0,0,0,0,0,0,0,0,0,16.54,16.54,16.54,16.54,16.54,16.54,16.54,16.54,16.54,16.54,16.54,16.54,16.54,16.54,0,0,0,0,0,0,0,0,0,0,0,0,0,0,0,0,0,21.66,22.17,22.67,23.15,23.57,24.03,24.60,25.18,25.76,26.26,26.68,27.02,27.30,27.58,27.92,28.41,28.90,29.38,0,0,0,0,0,0,0,0,0,0,0,0,69.21,69.21,69.21,69.21,69.21,0,0,0,69.73,69.73,69.73,69.73,69.73,69.73,0,0,0,69.21,69.21,69.21,69.21,69.21,69.21,69.21,69.21,69.21,69.21,69.21,69.21,69.21,69.21,69.21,69.21,69.21,69.21,69.21,69.21,69.21,69.21,69.21,0,0,0,0,0,0,0,0,0,0,0,0,0,0,0],
[0,0,0,0,0,0,0,0,0,0,0,17.46,17.46,17.46,17.46,17.46,17.46,17.46,17.46,17.46,17.46,17.46,0,0,0,0,0,0,0,0,0,0,0,0,0,0,0,0,0,0,0,0,0,0,0,0,0,0,0,0,0,0,0,0,0,0,0,0,0,0,0,0,0,16.54,16.54,16.54,16.54,16.54,16.54,16.54,16.54,16.54,16.54,16.54,16.54,16.54,16.54,16.54,16.54,0,0,0,0,0,0,0,0,0,0,0,0,0,19.98,20.48,20.98,21.50,21.97,22.40,22.84,23.21,23.65,24.18,24.76,25.25,25.59,25.88,26.31,26.80,27.29,0,0,0,0,0,0,0,0,0,0,0,0,0,0,0,0,69.21,69.21,69.21,69.21,69.21,69.21,69.21,69.21,69.34,69.34,69.34,69.34,69.34,69.34,69.21,0,0,69.21,69.21,69.21,69.21,69.21,69.21,69.21,69.21,69.21,69.21,69.21,69.21,69.21,69.21,69.21,69.21,69.21,69.21,69.21,69.21,69.21,69.21,69.21,0,0,0,0,0,0,0,0,0,0,0,0,0,0,0],
[0,0,0,0,0,0,0,0,0,0,0,17.46,17.46,17.46,17.46,17.46,17.46,17.46,17.46,17.46,17.46,17.46,0,0,0,0,0,0,0,0,0,0,0,0,0,0,0,0,0,0,0,0,0,0,0,0,0,0,0,0,0,0,0,0,0,0,0,0,0,0,0,0,16.54,16.54,16.54,16.54,16.54,16.54,16.54,16.54,16.54,16.54,16.54,16.54,16.54,16.54,16.54,16.54,16.54,16.54,0,0,0,0,16.54,16.54,0,0,0,18.30,18.71,19.30,19.81,20.33,20.79,21.23,21.66,22.07,22.48,22.85,23.29,23.77,24.22,24.71,25.20,25.69,0,0,0,0,0,0,0,0,0,0,0,0,0,0,0,0,0,0,0,69.21,69.21,69.21,69.21,69.21,69.21,69.21,69.21,69.21,69.21,69.21,69.21,69.21,69.21,69.21,69.21,69.21,69.21,69.21,69.21,69.21,69.21,69.21,69.21,69.21,69.21,69.21,69.21,69.21,69.21,69.21,69.21,69.21,69.21,69.21,69.21,69.21,69.21,69.21,69.21,69.21,0,0,0,0,0,0,0,0,0,0,0,0,0,0],
[0,0,0,0,0,0,0,0,0,0,0,17.46,17.46,17.46,17.46,17.46,17.46,17.46,17.46,17.46,17.46,17.47,17.48,0,0,0,0,0,0,0,0,0,0,0,0,0,0,0,0,0,0,0,0,0,0,0,0,0,0,0,0,0,0,0,0,0,0,0,0,0,0,16.54,16.54,16.54,16.54,16.54,16.54,16.54,16.54,16.54,16.54,16.54,16.54,16.54,16.54,16.54,16.54,16.54,16.54,16.54,16.54,16.54,16.54,16.54,16.54,16.54,16.54,17.15,17.63,18.12,18.60,19.09,19.58,19.99,20.40,20.81,21.22,21.68,22.14,22.61,23.11,23.63,0,0,0,0,0,0,0,0,0,0,0,0,0,0,0,0,0,0,0,0,0,0,69.21,69.21,69.21,69.21,69.21,69.21,69.21,69.21,69.21,69.21,69.21,69.21,69.21,69.21,69.21,69.21,69.21,69.21,69.21,69.21,69.21,69.21,69.21,69.21,69.21,69.21,69.21,69.21,69.21,69.21,69.21,69.21,69.21,69.21,69.21,69.21,69.21,69.21,69.21,69.21,69.21,69.21,0,0,0,0,0,0,0,0,0,0,0,0,0,0],
[0,0,0,0,0,0,0,0,0,0,0,0,17.46,17.46,17.46,17.46,17.46,17.46,17.46,17.46,17.46,17.46,17.49,17.51,0,0,0,0,0,0,0,0,0,0,0,0,0,0,0,0,0,0,0,0,0,0,0,0,0,0,0,0,0,0,0,0,0,16.54,16.54,16.54,16.54,16.54,16.54,16.54,16.54,16.54,16.54,16.54,16.54,16.54,16.54,16.54,16.54,16.54,16.54,16.54,16.54,16.54,16.54,16.54,16.54,16.54,16.54,16.54,16.54,16.54,16.54,16.89,17.44,17.91,18.37,18.81,19.28,19.74,20.21,20.67,21.14,0,0,0,0,0,0,0,0,0,0,0,0,0,0,0,0,0,0,0,0,0,0,0,0,0,0,0,69.21,69.21,69.21,69.21,69.21,69.21,69.21,69.21,69.21,69.21,69.21,69.21,69.21,69.21,69.21,69.21,69.21,69.21,69.21,69.21,69.21,69.21,69.21,69.21,69.21,69.21,69.21,69.21,69.21,69.21,69.21,69.21,69.21,69.21,69.21,69.21,69.21,69.21,69.21,69.21,69.21,69.21,0,0,0,0,0,0,0,0,0,0,0,0,0,0],
[0,0,0,0,0,0,0,0,0,0,0,0,0,17.46,17.46,17.46,17.46,17.46,17.46,17.46,17.46,17.46,17.49,17.52,17.54,0,0,0,0,0,0,0,0,0,0,0,0,0,0,0,0,0,0,0,0,0,0,0,0,0,0,0,0,0,16.54,16.54,16.54,16.54,16.54,16.54,16.54,16.54,16.54,16.54,16.54,16.54,16.54,16.54,16.54,16.54,16.54,16.54,16.54,16.54,16.54,16.54,16.54,16.54,16.54,16.54,16.54,16.54,16.54,16.54,16.54,16.54,16.54,16.71,17.32,17.81,0,0,0,0,0,0,0,0,0,0,0,0,0,0,0,0,0,0,0,0,0,0,0,0,0,0,0,0,0,0,0,0,0,0,69.21,69.21,69.21,69.21,69.21,69.21,69.21,69.21,69.21,69.21,69.21,69.21,69.21,69.21,69.21,69.21,69.21,69.21,69.21,69.21,69.21,69.21,69.21,69.21,69.21,69.21,69.21,69.21,69.21,69.21,69.21,69.21,69.21,69.21,69.21,69.21,69.21,69.21,69.21,69.21,69.21,69.21,0,0,0,0,0,0,0,0,0,0,0,0,0,0],
[0,0,0,0,0,0,0,0,0,0,0,0,0,0,17.46,17.46,17.46,17.46,17.46,17.46,17.46,17.46,17.49,17.52,17.48,17.26,0,0,0,0,0,0,0,0,0,0,0,0,0,0,0,0,0,0,0,0,0,0,0,0,0,0,0,16.54,16.54,16.54,16.54,16.54,16.54,16.54,16.54,16.54,16.54,16.54,16.54,16.54,16.54,16.54,16.54,16.54,16.54,16.54,16.54,16.54,16.54,16.54,16.54,16.54,16.54,16.54,16.54,16.54,16.54,16.54,16.54,16.54,16.54,16.54,0,0,0,0,0,0,0,0,0,0,0,0,0,0,0,0,0,0,0,0,0,0,0,0,0,0,0,0,0,0,0,0,0,0,0,0,69.21,69.21,69.21,69.21,69.21,69.21,69.21,69.21,69.21,69.21,69.21,69.21,69.21,69.21,69.21,69.21,69.21,69.21,69.21,69.21,69.21,69.21,69.21,69.21,69.21,69.21,69.21,69.21,69.21,69.21,69.21,69.21,69.21,69.21,69.21,69.21,69.21,69.21,69.21,69.21,69.21,69.21,0,0,0,0,0,0,0,0,0,0,0,0,0,0],
[0,0,0,0,0,0,0,0,0,0,0,0,0,0,0,0,0,0,17.46,17.46,17.46,17.46,17.49,17.54,17.38,17.13,16.87,16.87,16.87,0,0,0,0,0,0,0,0,0,0,0,0,0,0,0,0,0,0,0,0,0,0,0,16.54,16.54,16.54,16.54,16.54,16.54,16.54,16.54,16.54,16.54,16.54,16.54,16.54,16.54,16.54,16.54,16.54,16.54,16.54,16.54,16.54,16.54,16.54,16.54,16.54,16.54,16.54,16.54,16.54,16.54,16.54,16.54,16.54,16.54,16.54,16.54,0,0,0,0,0,0,0,0,0,0,0,0,0,0,0,0,0,0,0,0,0,0,0,0,0,0,0,0,0,0,0,0,0,0,0,0,0,69.21,69.21,69.21,69.21,69.21,69.21,69.21,69.21,69.21,69.21,69.21,69.21,69.21,69.21,69.21,69.21,69.21,69.21,69.21,69.21,69.21,69.21,69.21,69.21,69.21,69.21,69.21,69.21,69.21,69.21,69.21,69.21,69.21,69.21,69.21,69.21,69.21,69.21,69.21,69.21,0,0,0,0,0,0,0,0,0,0,0,0,0,0,0],
[0,0,0,0,0,0,0,0,0,0,0,0,0,0,0,0,0,0,0,17.46,17.46,17.46,17.53,17.35,17.14,16.92,16.87,16.87,16.87,16.87,16.87,0,0,0,0,0,0,0,0,0,0,0,0,0,0,0,0,0,0,0,0,0,16.54,16.54,16.54,16.54,16.54,16.54,16.54,16.54,16.54,16.54,16.54,16.54,16.54,16.54,16.54,16.54,16.54,16.54,16.54,16.54,16.54,16.54,16.54,16.54,16.54,16.54,16.54,16.54,16.54,16.54,16.54,16.54,16.54,16.54,16.54,0,0,0,0,0,0,0,0,0,0,0,0,0,0,0,0,0,0,0,0,0,0,0,0,0,0,0,0,0,0,0,0,0,0,0,0,0,0,0,69.21,69.21,69.21,69.21,69.21,69.21,69.21,69.21,69.21,69.21,69.21,69.21,69.21,69.21,69.21,69.21,69.21,69.21,69.21,69.21,69.21,69.21,69.21,69.21,69.21,69.21,69.21,69.21,69.21,69.21,69.21,69.21,69.21,69.21,69.21,69.21,69.21,69.21,69.21,69.21,0,0,0,0,0,0,0,0,0,0,0,0,0,0],
[0,0,0,0,0,0,0,0,0,0,0,0,0,0,0,0,0,0,0,0,0,17.46,17.39,17.15,16.93,16.87,16.87,16.87,16.87,16.87,16.87,16.87,0,0,0,0,0,0,0,0,0,0,0,0,0,0,0,0,0,17.05,16.77,16.54,16.54,16.54,16.54,16.54,16.54,16.54,16.54,16.54,16.54,16.54,16.54,16.54,16.54,16.54,16.54,16.54,16.54,16.54,16.54,16.54,16.54,16.54,16.54,16.54,16.54,16.54,16.54,16.54,16.54,16.54,16.54,16.54,16.54,16.54,0,0,0,0,0,0,0,0,0,0,0,0,0,0,0,0,0,0,0,0,0,0,0,0,0,0,0,0,0,0,0,0,0,0,0,0,0,0,0,0,69.21,69.21,69.21,69.21,69.21,69.21,69.21,69.21,69.21,69.21,69.21,69.21,69.21,69.21,69.21,69.21,69.21,69.21,69.21,69.21,69.21,69.21,69.21,69.21,69.21,69.21,69.21,69.21,69.21,69.21,69.21,69.21,69.21,69.21,69.21,69.21,69.21,69.21,69.21,69.21,0,0,0,0,0,0,0,0,0,0,0,0,0,0],
[0,0,0,0,0,0,0,0,0,0,0,0,0,0,0,0,0,0,0,0,0,0,17.18,16.94,16.87,16.87,16.87,16.87,16.87,16.87,16.87,16.87,16.87,16.87,16.87,16.87,0,0,0,17.20,17.40,17.61,17.70,17.80,17.89,17.91,17.75,17.59,17.35,17.06,16.77,16.54,16.54,16.54,16.54,16.54,16.54,16.54,16.54,16.54,16.54,16.54,16.54,16.54,16.54,16.54,16.54,16.54,16.54,16.54,16.54,16.54,16.54,16.54,16.54,16.54,16.54,16.54,16.54,16.54,16.54,16.54,16.54,16.54,0,0,0,0,0,0,0,0,0,0,0,0,0,0,0,0,0,0,0,0,0,0,0,0,0,0,0,0,0,0,0,0,0,0,0,0,0,0,0,0,0,0,69.21,69.21,69.21,69.21,69.21,69.21,69.21,69.21,69.21,69.21,69.21,69.21,69.21,69.21,69.21,69.21,69.21,69.21,69.21,69.21,69.21,69.21,69.21,69.21,69.21,69.21,69.21,69.21,69.21,69.21,69.21,69.21,69.21,69.21,69.21,69.21,69.21,69.21,69.21,69.21,0,0,0,0,0,0,0,0,0,0,0,0,0,0],
[0,0,0,0,0,0,0,0,0,0,0,0,0,0,0,0,0,0,0,0,0,0,16.87,16.87,16.87,16.87,16.87,16.87,16.87,16.87,16.87,16.87,16.87,16.87,16.87,16.87,16.89,16.92,16.95,17.15,17.38,17.61,17.70,17.80,17.89,17.91,17.75,17.59,17.37,17.06,16.74,16.56,16.54,16.54,16.54,16.54,16.54,16.54,16.54,16.54,16.54,16.54,16.54,16.54,16.54,16.54,16.54,16.54,16.54,16.54,16.54,16.54,16.54,16.54,16.54,16.54,16.54,16.54,16.54,16.54,16.54,16.54,0,0,0,0,0,0,0,0,0,0,0,0,0,0,0,0,0,0,0,0,0,0,0,0,0,0,0,0,0,0,0,0,0,0,0,0,0,0,0,0,0,0,0,0,0,69.21,69.21,69.21,69.21,69.21,69.21,69.21,69.21,69.21,69.21,69.21,69.21,69.21,69.21,69.21,69.21,69.21,69.21,69.21,69.21,69.21,69.21,69.21,69.21,69.21,69.21,69.21,69.21,69.21,69.21,69.21,69.21,69.21,69.21,69.21,69.21,69.21,0,0,0,0,0,0,0,0,0,0,0,0,0,0,0,0],
[0,0,0,0,0,0,0,0,0,0,0,0,0,0,0,0,0,0,0,0,0,0,16.87,16.87,16.87,16.87,16.87,16.87,16.87,16.87,16.87,16.87,16.87,16.87,16.87,16.87,16.88,16.91,16.94,17.17,17.40,17.63,17.74,17.80,17.89,17.91,17.75,17.59,17.41,17.09,16.75,16.60,16.54,16.54,16.54,16.54,16.54,16.54,16.54,16.54,16.54,16.54,16.54,16.54,16.54,16.54,16.54,16.54,16.54,16.54,16.54,16.54,16.54,16.54,16.54,16.54,16.54,16.54,0,0,0,0,0,0,0,0,0,0,0,0,0,0,0,0,0,0,0,0,0,0,0,0,0,0,0,0,0,0,0,0,0,0,0,0,0,0,0,0,0,0,0,0,0,0,0,0,0,0,0,0,69.21,0,0,0,0,69.21,69.21,69.21,69.21,69.21,69.21,69.21,69.21,69.21,69.21,69.21,69.21,69.21,69.21,69.21,69.21,69.21,69.21,69.21,69.21,69.21,69.21,69.21,69.21,69.21,69.21,69.21,69.21,0,0,0,0,0,0,0,0,0,0,0,0,0,0,0,0,0],
[0,0,0,0,0,0,0,0,0,0,0,0,0,0,0,0,0,0,0,0,0,0,16.87,16.87,16.87,16.87,16.87,16.87,16.87,16.87,16.87,16.87,16.87,16.87,16.87,16.87,16.87,16.89,16.92,17.19,17.43,17.64,17.76,17.84,17.90,17.90,17.75,17.59,17.44,17.13,16.74,16.60,16.54,16.54,16.54,16.54,16.54,16.54,16.54,16.54,16.54,16.54,16.54,16.54,16.54,16.54,16.54,16.54,16.54,16.54,16.54,16.54,16.54,16.54,16.54,16.54,16.54,0,0,0,0,0,0,0,0,0,0,0,0,0,0,0,0,0,0,0,0,0,0,0,0,0,0,0,0,0,0,0,0,0,0,0,0,0,0,0,0,0,0,0,0,0,0,0,0,0,0,0,0,0,0,0,0,0,0,0,69.21,69.21,69.21,69.21,69.21,69.21,69.21,69.21,0,0,69.21,69.21,69.21,69.21,69.21,69.21,69.21,69.21,69.21,69.21,69.21,69.21,69.21,69.21,0,0,0,0,0,0,0,0,0,0,0,0,0,0,0,0,0,0,0,0],
[0,0,0,0,0,0,0,0,0,0,0,0,0,0,0,0,0,0,0,0,0,0,16.87,16.87,16.87,16.87,16.87,16.87,16.87,16.87,16.87,16.87,16.87,16.87,16.87,16.87,16.87,16.88,16.90,17.21,17.46,17.66,17.77,17.89,17.94,17.89,17.75,17.59,17.47,17.13,16.74,16.60,16.54,16.54,16.54,16.54,16.54,16.54,16.54,16.54,16.54,16.54,16.54,16.54,16.54,16.54,16.54,16.54,16.54,16.54,16.54,16.54,16.54,16.54,16.54,16.54,16.54,0,0,0,0,0,0,0,0,0,0,0,0,0,0,0,0,0,0,0,0,0,0,0,0,0,0,0,0,0,0,0,0,0,0,0,0,0,0,0,0,0,0,0,0,0,0,0,0,0,0,0,0,0,0,0,0,0,0,0,0,69.21,69.21,69.21,69.21,69.21,69.21,0,0,0,0,0,0,0,0,0,0,0,0,0,0,0,0,0,0,0,0,0,0,0,0,0,0,0,0,0,0,0,0,0,0,0,0,0],
[0,0,0,0,0,0,0,0,0,0,0,0,0,0,0,0,0,0,0,0,0,0,16.87,16.87,16.87,16.87,16.87,16.87,16.87,16.87,16.87,16.87,16.87,16.87,16.87,16.87,16.87,16.87,16.88,17.22,17.48,17.67,17.79,17.90,17.90,17.79,17.69,17.58,17.47,17.12,16.76,16.61,16.56,16.54,16.54,16.54,16.54,16.54,16.54,16.54,16.54,16.54,16.54,16.54,16.54,16.54,16.54,16.54,16.54,16.54,16.54,16.54,16.54,16.54,16.54,16.54,0,0,0,0,0,0,0,0,0,0,0,0,0,0,0,0,0,0,0,0,0,0,0,0,0,0,0,0,0,0,0,0,0,0,0,0,0,0,0,0,0,0,0,0,0,0,0,0,0,0,0,0,0,0,0,0,0,0,0,0,0,0,0,0,0,69.21,69.21,0,0,0,0,0,0,0,0,0,0,0,0,0,0,0,0,0,0,0,0,0,0,0,0,0,0,0,0,0,0,0,0,0,0,0,0,0],
[0,0,0,0,0,0,0,0,0,0,0,0,0,0,0,0,0,0,0,0,0,0,0,16.87,16.87,16.87,16.87,16.87,16.87,16.87,16.87,16.87,16.87,16.87,16.87,16.87,16.87,16.87,16.95,17.21,17.47,17.67,17.78,17.90,17.91,0,0,0,0,0,0,0,16.54,16.54,16.54,16.54,16.54,16.54,16.54,16.54,16.54,16.54,16.54,16.54,16.54,16.54,16.54,16.54,16.54,16.54,16.54,16.54,16.54,16.54,16.54,0,0,0,0,0,0,0,0,0,0,0,0,0,0,0,0,0,0,0,0,0,0,0,0,0,0,0,0,0,0,0,0,0,0,0,0,0,0,0,0,0,0,0,0,0,0,0,0,0,0,0,0,0,0,0,0,0,0,0,0,0,0,0,0,0,0,0,0,0,0,0,0,0,0,0,0,0,0,0,0,0,0,0,0,0,0,0,0,0,0,0,0,0,0,0,0,0,0,0,0,0,0,0,0,0],
[0,0,0,0,0,0,0,0,0,0,0,0,0,0,0,0,0,0,0,0,0,0,0,16.87,16.87,16.87,16.87,16.87,16.87,16.87,16.87,16.87,16.87,16.87,16.87,16.87,16.87,16.87,0,0,0,0,0,0,0,0,0,0,0,0,0,16.54,16.54,16.54,16.54,16.54,16.54,16.54,16.54,16.54,16.54,16.54,16.54,16.54,16.54,16.54,16.54,16.54,16.54,16.54,16.54,16.54,16.54,0,0,0,0,0,0,0,0,0,0,0,0,0,0,0,0,0,0,0,0,0,0,0,0,0,0,0,0,0,0,0,0,0,0,0,0,0,0,0,0,0,0,0,0,0,0,0,0,0,0,0,0,0,0,0,0,0,0,0,0,0,0,0,0,0,0,0,0,0,0,0,0,0,0,0,0,0,0,0,0,0,0,0,0,0,0,0,0,0,0,0,0,0,0,0,0,0,0,0,0,0,0,0,0,0,0,0],
[0,0,0,0,0,0,0,0,0,0,0,0,0,0,0,0,0,0,0,0,0,0,16.87,16.87,16.87,16.87,16.87,16.87,16.87,16.87,16.87,16.87,16.87,16.87,16.87,16.87,16.87,16.87,0,0,0,0,0,0,0,0,0,0,0,0,0,16.54,16.54,16.54,16.54,0,0,0,0,0,16.54,16.54,16.54,16.54,16.54,16.54,16.54,16.54,16.54,16.54,0,0,0,0,0,0,0,0,0,0,0,0,0,0,0,0,0,0,0,0,0,0,0,0,0,0,0,0,0,0,0,0,0,0,0,0,0,0,0,0,0,0,0,0,0,0,0,0,0,0,0,0,0,0,0,0,0,0,0,0,0,0,0,0,0,0,0,0,0,0,0,0,0,0,0,0,0,0,0,0,0,0,0,0,0,0,0,0,0,0,0,0,0,0,0,0,0,0,0,0,0,0,0,0,0,0,0,0,0,0],
[0,0,0,0,0,0,0,0,0,0,0,0,0,0,0,0,0,0,0,0,0,0,16.87,16.87,16.87,16.87,16.87,16.87,16.87,16.87,16.87,16.87,16.87,16.87,16.87,16.87,16.87,16.87,0,0,0,0,0,0,0,0,0,0,0,0,0,16.54,16.54,16.54,0,0,0,0,0,0,0,16.54,16.54,16.54,16.54,16.54,16.54,16.54,0,0,0,0,0,0,0,0,0,0,0,0,0,0,0,0,0,0,0,0,0,0,0,0,0,0,0,0,0,0,0,0,0,0,0,0,0,0,0,0,0,0,0,0,0,0,0,0,0,0,0,0,0,0,0,0,0,0,0,0,0,0,0,0,0,0,0,0,0,0,0,0,0,0,0,0,0,0,0,0,0,0,0,0,0,0,0,0,0,0,0,0,0,0,0,0,0,0,0,0,0,0,0,0,0,0,0,0,0,0,0,0],
[0,0,0,0,0,0,0,0,0,0,0,0,0,0,0,0,0,0,0,0,0,0,16.87,16.87,16.87,16.87,16.87,16.87,16.87,16.87,16.87,16.87,16.87,16.87,16.87,16.87,16.87,0,0,0,0,0,0,0,0,0,0,0,0,0,0,0,0,0,0,0,0,0,0,0,0,0,16.54,16.54,16.54,16.54,16.54,16.54,0,0,0,0,0,0,0,0,0,0,0,0,0,0,0,0,0,0,0,0,0,0,0,0,0,0,0,0,0,0,0,0,0,0,0,0,0,0,0,0,0,0,0,0,0,0,0,0,0,0,0,0,0,0,0,0,0,0,0,0,0,0,0,0,0,0,0,0,0,0,0,0,0,0,0,0,0,0,0,0,0,0,0,0,0,0,0,0,0,0,0,0,0,0,0,0,0,0,0,0,0,0,0,0,0,0,0,0,0,0,0,0],
[0,0,0,0,0,0,0,0,0,0,0,0,0,0,0,0,0,0,0,0,0,0,16.87,16.87,16.87,16.87,16.87,16.87,16.87,16.87,16.87,16.87,16.87,16.87,16.87,16.87,0,0,0,0,0,0,0,0,0,0,0,0,0,0,0,0,0,0,0,0,0,0,0,0,0,16.54,16.54,16.54,16.54,16.54,16.54,0,0,0,0,0,0,0,0,0,0,0,0,0,0,0,0,0,0,0,0,0,0,0,0,0,0,0,0,0,0,0,0,0,0,0,0,0,0,0,0,0,0,0,0,0,0,0,0,0,0,0,0,0,0,0,0,0,0,0,0,0,0,0,0,0,0,0,0,0,0,0,0,0,0,0,0,0,0,0,0,0,0,0,0,0,0,0,0,0,0,0,0,0,0,0,0,0,0,0,0,0,0,0,0,0,0,0,0,0,0,0,0,0],
[0,0,0,0,0,0,0,0,0,0,0,0,0,0,0,0,0,0,0,0,0,0,0,16.87,16.87,16.87,16.87,16.87,16.87,16.87,16.87,16.87,16.87,16.87,16.87,16.87,0,0,0,0,0,0,0,0,0,0,0,0,0,0,0,0,0,0,0,0,0,0,0,0,0,0,0,0,0,16.54,16.54,0,0,0,0,0,0,0,0,0,0,0,0,0,0,0,0,0,0,0,0,0,0,0,0,0,0,0,0,0,0,0,0,0,0,0,0,0,0,0,0,0,0,0,0,0,0,0,0,0,0,0,0,0,0,0,0,0,0,0,0,0,0,0,0,0,0,0,0,0,0,0,0,0,0,0,0,0,0,0,0,0,0,0,0,0,0,0,0,0,0,0,0,0,0,0,0,0,0,0,0,0,0,0,0,0,0,0,0,0,0,0,0,0],
[0,0,0,0,0,0,0,0,0,0,0,0,0,0,0,0,0,0,0,0,0,0,0,0,0,16.87,16.87,16.87,16.87,16.87,16.87,16.87,16.87,16.87,16.87,16.87,0,0,0,0,0,0,0,0,0,0,0,0,0,0,0,0,0,0,0,0,0,0,0,0,0,0,0,0,0,0,0,0,0,0,0,0,0,0,0,0,0,0,0,0,0,0,0,0,0,0,0,0,0,0,0,0,0,0,0,0,0,0,0,0,0,0,0,0,0,0,0,0,0,0,0,0,0,0,0,0,0,0,0,0,0,0,0,0,0,0,0,0,0,0,0,0,0,0,0,0,0,0,0,0,0,0,0,0,0,0,0,0,0,0,0,0,0,0,0,0,0,0,0,0,0,0,0,0,0,0,0,0,0,0,0,0,0,0,0,0,0,0,0,0],
[0,0,0,0,0,0,0,0,0,0,0,0,0,0,0,0,0,0,0,0,0,0,0,0,0,0,16.87,16.87,16.87,16.87,16.87,16.87,16.87,16.87,16.87,0,0,0,0,0,0,0,0,0,0,0,0,0,0,0,0,0,0,0,0,0,0,0,0,0,0,0,0,0,0,0,0,0,0,0,0,0,0,0,0,0,0,0,0,0,0,0,0,0,0,0,0,0,0,0,0,0,0,0,0,0,0,0,0,0,0,0,0,0,0,0,0,0,0,0,0,0,0,0,0,0,0,0,0,0,0,0,0,0,0,0,0,0,0,0,0,0,0,0,0,0,0,0,0,0,0,0,0,0,0,0,0,0,0,0,0,0,0,0,0,0,0,0,0,0,0,0,0,0,0,0,0,0,0,0,0,0,0,0,0,0,0,0,0,0],
[0,0,0,0,0,0,0,0,0,0,0,0,0,0,0,0,0,0,0,0,0,0,0,0,0,0,0,0,0,0,0,0,0,0,0,0,0,0,0,0,0,0,0,0,0,0,0,0,0,0,0,0,0,0,0,0,0,0,0,0,0,0,0,0,0,0,0,0,0,0,0,0,0,0,0,0,0,0,0,0,0,0,0,0,0,0,0,0,0,0,0,0,0,0,0,0,0,0,0,0,0,0,0,0,0,0,0,0,0,0,0,0,0,0,0,0,0,0,0,0,0,0,0,0,0,0,0,0,0,0,0,0,0,0,0,0,0,0,0,0,0,0,0,0,0,0,0,0,0,0,0,0,0,0,0,0,0,0,0,0,0,0,0,0,0,0,0,0,0,0,0,0,0,0,0,0,0,0,0,0],
[0,0,0,0,0,0,0,0,0,0,0,0,0,0,0,0,0,0,0,0,0,0,0,0,0,0,0,0,0,0,0,0,0,0,0,0,0,0,0,0,0,0,0,0,0,0,0,0,0,0,0,0,0,0,0,0,0,0,0,0,0,0,0,0,0,0,0,0,0,0,0,0,0,0,0,0,0,0,0,0,0,0,0,0,0,0,0,0,0,0,0,0,0,0,0,0,0,0,0,0,0,0,0,0,0,0,0,0,0,0,0,0,0,0,0,0,0,0,0,0,0,0,0,0,0,0,0,0,0,0,0,0,0,0,0,0,0,0,0,0,0,0,0,0,0,0,0,0,0,0,0,0,0,0,0,0,0,0,0,0,0,0,0,0,0,0,0,0,0,0,0,0,0,0,0,0,0,0,0,0],
[0,0,0,0,0,0,0,0,0,0,0,0,0,0,0,0,0,0,0,0,0,0,0,0,0,0,0,0,0,0,0,0,0,0,0,0,0,0,0,0,0,0,0,0,0,0,0,0,0,0,0,0,0,0,0,0,0,0,0,0,0,0,0,0,0,0,0,0,0,0,0,0,0,0,0,0,0,0,0,0,0,0,0,0,0,0,0,0,0,0,0,0,0,0,0,0,0,0,0,0,0,0,0,0,0,0,0,0,0,0,0,0,0,0,0,0,0,0,0,0,0,0,0,0,0,0,0,0,0,0,0,0,0,0,0,0,0,0,0,0,0,0,0,0,0,0,0,0,0,0,0,0,0,0,0,0,0,0,0,0,0,0,0,0,0,0,0,0,0,0,0,0,0,0,0,0,0,0,0,0],
[0,0,0,0,0,0,0,0,0,0,0,0,0,0,0,0,0,0,0,0,0,0,0,0,0,0,0,0,0,0,0,0,0,0,0,0,0,0,0,0,0,0,0,0,0,0,0,0,0,0,0,0,0,0,0,0,0,0,0,0,0,0,0,0,0,0,0,0,0,0,0,0,0,0,0,0,0,0,0,0,0,0,0,0,0,0,0,0,0,0,0,0,0,0,0,0,0,0,0,0,0,0,0,0,0,0,0,0,0,0,0,0,0,0,0,0,0,0,0,0,0,0,0,0,0,0,0,0,0,0,0,0,0,0,0,0,0,0,0,0,0,0,0,0,0,0,0,0,0,0,0,0,0,0,0,0,0,0,0,0,0,0,0,0,0,0,0,0,0,0,0,0,0,0,0,0,0,0,0,0],
[0,0,0,0,0,0,0,0,0,0,0,0,0,0,0,0,0,0,0,0,0,0,0,0,0,0,0,0,0,0,0,0,0,0,0,0,0,0,0,0,0,0,0,0,0,0,0,0,0,0,0,0,0,0,0,0,0,0,0,0,0,0,0,0,0,0,0,0,0,0,0,0,0,0,0,0,0,0,0,0,0,0,0,0,0,0,0,0,0,0,0,0,0,0,0,0,0,0,0,0,0,0,0,0,0,0,0,0,0,0,0,0,0,0,0,0,0,0,0,0,0,0,0,0,0,0,0,0,0,0,0,0,0,0,0,0,0,0,0,0,0,0,0,0,0,0,0,0,0,0,0,0,0,0,0,0,0,0,0,0,0,0,0,0,0,0,0,0,0,0,0,0,0,0,0,0,0,0,0,0],
[0,0,0,0,0,0,0,0,0,0,0,0,0,0,0,0,0,0,0,0,0,0,0,0,0,0,0,0,0,0,0,0,0,0,0,0,0,0,0,0,0,0,0,0,0,0,0,0,0,0,0,0,0,0,0,0,0,0,0,0,0,0,0,0,0,0,0,0,0,0,0,0,0,0,0,0,0,0,0,0,0,0,0,0,0,0,0,0,0,0,0,0,0,0,0,0,0,0,0,0,0,0,0,0,0,0,0,0,0,0,0,0,0,0,0,0,0,0,0,0,0,0,0,0,0,0,0,0,0,0,0,0,0,0,0,0,0,0,0,0,0,0,0,0,0,0,0,0,0,0,0,0,0,0,0,0,0,0,0,0,0,0,0,0,0,0,0,0,0,0,0,0,0,0,0,0,0,0,0,0],
[0,0,0,0,0,0,0,0,0,0,0,0,0,0,0,0,0,0,0,0,0,0,0,0,0,0,0,0,0,0,0,0,0,0,0,0,0,0,0,0,0,0,0,0,0,0,0,0,0,0,0,0,0,0,0,0,0,0,0,0,0,0,0,0,0,0,0,0,0,0,0,0,0,0,0,0,0,0,0,0,0,0,0,0,0,0,0,0,0,0,0,0,0,0,0,0,0,0,0,0,0,0,0,0,0,0,0,0,0,0,0,0,0,0,0,0,0,0,0,0,0,0,0,0,0,0,0,0,0,0,0,0,0,0,0,0,0,0,0,0,0,0,0,0,0,0,0,0,0,0,0,0,0,0,0,0,0,0,0,0,0,0,0,0,0,0,0,0,0,0,0,0,0,0,0,0,0,0,0,0],
[0,0,0,0,0,0,0,0,0,0,0,0,0,0,0,0,0,0,0,0,0,0,0,0,0,0,0,0,0,0,0,0,0,0,0,0,0,0,0,0,0,0,0,0,0,0,0,0,0,0,0,0,0,0,0,0,0,0,0,0,0,0,0,0,0,0,0,0,0,0,0,0,0,0,0,0,0,0,0,0,0,0,0,0,0,0,0,0,0,0,0,0,0,0,0,0,0,0,0,0,0,0,0,0,0,0,0,0,0,0,0,0,0,0,0,0,0,0,0,0,0,0,0,0,0,0,0,0,0,0,0,0,0,0,0,0,0,0,0,0,0,0,0,0,0,0,0,0,0,0,0,0,0,0,0,0,0,0,0,0,0,0,0,0,0,0,0,0,0,0,0,0,0,0,0,0,0,0,0,0],
[0,0,0,0,0,0,0,0,0,0,0,0,0,0,0,0,0,0,0,0,0,0,0,0,0,0,0,0,0,0,0,0,0,0,0,0,0,0,0,0,0,0,0,0,0,0,0,0,0,0,0,0,0,0,0,0,0,0,0,0,0,0,0,0,0,0,0,0,0,0,0,0,0,0,0,0,0,0,0,0,0,0,0,0,0,0,0,0,0,0,0,0,0,0,0,0,0,0,0,0,0,0,0,0,0,0,0,0,0,0,0,0,0,0,0,0,0,0,0,0,0,0,0,0,0,0,0,0,0,0,0,0,0,0,0,0,0,0,0,0,0,0,0,0,0,0,0,0,0,0,0,0,0,0,0,0,0,0,0,0,0,0,0,0,0,0,0,0,0,0,0,0,0,0,0,0,0,0,0,0],
[0,0,0,0,0,0,0,0,0,0,0,0,0,0,0,0,0,0,0,0,0,0,0,0,0,0,0,0,0,0,0,0,0,0,0,0,0,0,0,0,0,0,0,0,0,0,0,0,0,0,0,0,0,0,0,0,0,0,0,0,0,0,0,0,0,0,0,0,0,0,0,0,0,0,0,0,0,0,0,0,0,0,0,0,0,0,0,0,0,0,0,0,0,0,0,0,0,0,0,0,0,0,0,0,0,0,0,0,0,0,0,0,0,0,0,0,0,0,0,0,0,0,0,0,0,0,0,0,0,0,0,0,0,0,0,0,0,0,0,0,0,0,0,0,0,0,0,0,0,0,0,0,0,0,0,0,0,0,0,0,0,0,0,0,0,0,0,0,0,0,0,0,0,0,0,0,0,0,0,0],
[0,0,0,0,0,0,0,0,0,0,0,0,0,0,0,0,0,0,0,0,0,0,0,0,0,0,0,0,0,0,0,0,0,0,0,0,0,0,0,0,0,0,0,0,0,0,0,0,0,0,0,0,0,0,0,0,0,0,0,0,0,0,0,0,0,0,0,0,0,0,0,0,0,0,0,0,0,0,0,0,0,0,0,0,0,0,0,0,0,0,0,0,0,0,0,0,0,0,0,0,0,0,0,0,0,0,0,0,0,0,0,0,0,0,0,0,0,0,0,0,0,0,0,0,0,0,0,0,0,0,0,0,0,0,0,0,0,0,0,0,0,0,0,0,0,0,0,0,0,0,0,0,0,0,0,0,0,0,0,0,0,0,0,0,0,0,0,0,0,0,0,0,0,0,0,0,0,0,0,0],
[0,0,0,0,0,0,0,0,0,0,0,0,0,0,0,0,0,0,0,0,0,0,0,0,0,0,0,0,0,0,0,0,0,0,0,0,0,0,0,0,0,0,0,0,0,0,0,0,0,0,0,0,0,0,0,0,0,0,0,0,0,0,0,0,0,0,0,0,0,0,0,0,0,0,0,0,0,0,0,0,0,0,0,0,0,0,0,0,0,0,0,0,0,0,0,0,0,0,0,0,0,0,0,0,0,0,0,0,0,0,0,0,0,0,0,0,0,0,0,0,0,0,0,0,0,0,0,0,0,0,0,0,0,0,0,0,0,0,0,0,0,0,0,0,0,0,0,0,0,0,0,0,0,0,0,0,0,0,0,0,0,0,0,0,0,0,0,0,0,0,0,0,0,0,0,0,0,0,0,0],
[0,0,0,0,0,0,0,0,0,0,0,0,0,0,0,0,0,0,0,0,0,0,0,0,0,0,0,0,0,0,0,0,0,0,0,0,0,0,0,0,0,0,0,0,0,0,0,0,0,0,0,0,0,0,0,0,0,0,0,0,0,0,0,0,0,0,0,0,0,0,0,0,0,0,0,0,0,0,0,0,0,0,0,0,0,0,0,0,0,0,0,0,0,0,0,0,0,0,0,0,0,0,0,0,0,0,0,0,0,0,0,0,0,0,0,0,0,0,0,0,0,0,0,0,0,0,0,0,0,0,0,0,0,0,0,0,0,0,0,0,0,0,0,0,0,0,0,0,0,0,0,0,0,0,0,0,0,0,0,0,0,0,0,0,0,0,0,0,0,0,0,0,0,0,0,0,0,0,0,0],
[0,0,0,0,0,0,0,0,0,0,0,0,0,0,0,0,0,0,0,0,0,0,0,0,0,0,0,0,0,0,0,0,0,0,0,0,0,0,0,0,0,0,0,0,0,0,0,0,0,0,0,0,0,0,0,0,0,0,0,0,0,0,0,0,0,0,0,0,0,0,0,0,0,0,0,0,0,0,0,0,0,0,0,0,0,0,0,0,0,0,0,0,0,0,0,0,0,0,0,0,0,0,0,0,0,0,0,0,0,0,0,0,0,0,0,0,0,0,0,0,0,0,0,0,0,0,0,0,0,0,0,0,0,0,0,0,0,0,0,0,0,0,0,0,0,0,0,0,0,0,0,0,0,0,0,0,0,0,0,0,0,0,0,0,0,0,0,0,0,0,0,0,0,0,0,0,0,0,0,0],
[0,0,0,0,0,0,0,0,0,0,0,0,0,0,0,0,0,0,0,0,0,0,0,0,0,0,0,0,0,0,0,0,0,0,0,0,0,0,0,0,0,0,0,0,0,0,0,0,0,0,0,0,0,0,0,0,0,0,0,0,0,0,0,0,0,0,0,0,0,0,0,0,0,0,0,0,0,0,0,0,0,0,0,0,0,0,0,0,0,0,0,0,0,0,0,0,0,0,0,0,0,0,0,0,0,0,0,0,0,0,0,0,0,0,0,0,0,0,0,0,0,0,0,0,0,0,0,0,0,0,0,0,0,0,0,0,0,0,0,0,0,0,0,0,0,0,0,0,0,0,0,0,0,0,0,0,0,0,0,0,0,0,0,0,0,0,0,0,0,0,0,0,0,0,0,0,0,0,0,0],
[0,0,0,0,0,0,0,0,0,0,0,0,0,0,0,0,0,0,0,0,0,0,0,0,0,0,0,0,0,0,0,0,0,0,0,0,0,0,0,0,0,0,0,0,0,0,0,0,0,0,0,0,0,0,0,0,0,0,0,0,0,0,0,0,0,0,0,0,0,0,0,0,0,0,0,0,0,0,0,0,0,0,0,0,0,0,0,0,0,0,0,0,0,0,0,0,0,0,0,0,0,0,0,0,0,0,0,0,0,0,0,0,0,0,0,0,0,0,0,0,0,0,0,0,0,0,0,0,0,0,0,0,0,0,0,0,0,0,0,0,0,0,0,0,0,0,0,0,0,0,0,0,0,0,0,0,0,0,0,0,0,0,0,0,0,0,0,0,0,0,0,0,0,0,0,0,0,0,0,0],
[0,0,0,0,0,0,0,0,0,0,0,0,0,0,0,0,0,0,0,0,0,0,0,0,0,0,0,0,0,0,0,0,0,0,0,0,0,0,0,0,0,0,0,0,0,0,0,0,0,0,0,0,0,0,0,0,0,0,0,0,0,0,0,0,0,0,0,0,0,0,0,0,0,0,0,0,0,0,0,0,0,0,0,0,0,0,0,0,0,0,0,0,0,0,0,0,0,0,0,0,0,0,0,0,0,0,0,0,0,0,0,0,0,0,0,0,0,0,0,0,0,0,0,0,0,0,0,0,0,0,0,0,0,0,0,0,0,0,0,0,0,0,0,0,0,0,0,0,0,0,0,0,0,0,0,0,0,0,0,0,0,0,0,0,0,0,0,0,0,0,0,0,0,0,0,0,0,0,0,0],
[0,0,0,0,0,0,0,0,0,0,0,0,0,0,0,0,0,0,0,0,0,0,0,0,0,0,0,0,0,0,0,0,0,0,0,0,0,0,0,0,0,0,0,0,0,0,0,0,0,0,0,0,0,0,0,0,0,0,0,0,0,0,0,0,0,0,0,0,0,0,0,0,0,0,0,0,0,0,0,0,0,0,0,0,0,0,0,0,0,0,0,0,0,0,0,0,0,0,0,0,0,0,0,0,0,0,0,0,0,0,0,0,0,0,0,0,0,0,0,0,0,0,0,0,0,0,0,0,0,0,0,0,0,0,0,0,0,0,0,0,0,0,0,0,0,0,0,0,0,0,0,0,0,0,0,0,0,0,0,0,0,0,0,0,0,0,0,0,0,0,0,0,0,0,0,0,0,0,0,0],
[0,0,0,0,0,0,0,0,0,0,0,0,0,0,0,0,0,0,0,0,0,0,0,0,0,0,0,0,0,0,0,0,0,0,0,0,0,0,0,0,0,0,0,0,0,0,0,0,0,0,0,0,0,0,0,0,0,0,0,0,0,0,0,0,0,0,0,0,0,0,0,0,0,0,0,0,0,0,0,0,0,0,0,0,0,0,0,0,0,0,0,0,0,0,0,0,0,0,0,0,0,0,0,0,0,0,0,0,0,0,0,0,0,0,0,0,0,0,0,0,0,0,0,0,0,0,0,0,0,0,0,0,0,0,0,0,0,0,0,0,0,0,0,0,0,0,0,0,0,0,0,0,0,0,0,0,0,0,0,0,0,0,0,0,0,0,0,0,0,0,0,0,0,0,0,0,0,0,0,0],
[0,0,0,0,0,0,0,0,0,0,0,0,0,0,0,0,0,0,0,0,0,0,0,0,0,0,0,0,0,0,0,0,0,0,0,0,0,0,0,0,0,0,0,0,0,0,0,0,0,0,0,0,0,0,0,0,0,0,0,0,0,0,0,0,0,0,0,0,0,0,0,0,0,0,0,0,0,0,0,0,0,0,0,0,0,0,0,0,0,0,0,0,0,0,0,0,0,0,0,0,0,0,0,0,0,0,0,0,0,0,0,0,0,0,0,0,0,0,0,0,0,0,0,0,0,0,0,0,0,0,0,0,0,0,0,0,0,0,0,0,0,0,0,0,0,0,0,0,0,0,0,0,0,0,0,0,0,0,0,0,0,0,0,0,0,0,0,0,0,0,0,0,0,0,0,0,0,0,0,0]]