[[0,0,0,0,0,0,0,0,0,0,0,0,0,0,0,0,0,0,0,0,0,0,0,0,0,0,0,0,0,0,0,0,0,0,0,0,0,0,0,0,0,0,0,0,0,0,0,0,0,0,0,0,0,0,0,0,0,0,0,0,0,0,0,0,0,0,0,0,0,0,0,0,0,0,0,0,0,0,0,0,0,0,0,0,0,0,0,0,0,0,0,0,0,0,0,0,0,0,0,0,0,0,0,0,0,0,0,0,0,0,0,0,0,0,0,0,0,0,0,0,0,0,0,0,0,0,0,0,0,0,0,0,0,0,0,0,0,0,0,0,0,0,0,0,0,0,0,0,0,0,0,0,0,0,0,0,0,0,0,0],
[0,0,0,0,0,0,0,0,0,0,0,0,0,0,0,0,0,0,0,0,0,0,0,0,0,0,0,0,0,0,0,0,0,0,0,0,0,0,0,0,0,0,0,0,0,0,0,0,0,0,0,0,0,0,0,0,0,0,0,0,0,0,0,0,0,0,0,0,0,0,0,0,0,0,0,0,0,0,0,0,0,0,0,0,0,0,0,0,0,0,0,0,0,0,0,0,0,0,0,0,0,0,0,0,0,0,0,0,0,0,0,0,0,0,0,0,0,0,0,0,0,0,0,0,0,0,0,0,0,0,0,0,0,0,0,0,0,0,0,0,0,0,0,0,0,0,0,0,0,0,0,0,0,0,0,0,0,0,0,0],
[0,0,0,0,0,0,0,0,0,0,0,0,0,0,0,0,0,0,0,0,0,0,0,0,0,0,0,0,0,0,0,0,0,0,0,0,0,0,0,0,0,0,0,0,0,0,0,0,0,0,0,0,0,0,0,0,0,0,0,0,0,0,0,0,0,0,0,0,0,0,0,0,0,0,0,0,0,0,0,0,0,0,0,0,0,0,0,0,0,0,0,0,0,0,0,0,0,0,0,0,0,0,0,0,0,0,0,0,0,0,0,0,0,0,0,0,0,0,0,0,0,0,0,0,0,0,0,0,0,0,0,0,0,0,0,0,0,0,0,0,0,0,0,0,0,0,0,0,0,0,0,0,0,0,0,0,0,0,0,0],
[0,0,0,0,0,0,0,0,0,0,0,0,0,0,0,0,0,0,0,0,0,0,0,0,0,0,0,0,0,0,0,0,0,0,0,0,0,0,0,0,0,0,0,0,0,0,0,0,0,0,0,0,0,0,0,0,0,0,0,0,0,0,0,0,0,0,0,0,0,0,0,0,0,0,0,0,0,0,0,0,0,0,0,0,0,0,0,0,0,0,0,0,0,0,0,0,0,0,0,0,0,0,0,0,0,0,0,0,0,0,0,0,0,0,0,0,0,0,0,0,0,0,0,0,0,0,0,0,0,0,0,0,0,0,0,0,0,0,0,0,0,0,0,0,0,0,0,0,0,0,0,0,0,0,0,0,0,0,0,0],
[0,0,0,0,0,0,0,0,0,0,0,0,0,0,0,0,0,0,0,0,0,0,0,0,0,0,0,0,0,0,0,0,0,0,0,0,0,0,0,0,0,0,0,0,0,0,0,0,0,0,0,0,0,0,0,0,0,0,0,0,0,0,0,0,0,0,0,0,0,0,0,0,0,0,0,0,0,0,0,0,0,0,0,0,0,0,0,0,0,0,0,0,0,0,0,0,0,0,0,0,0,0,0,0,0,0,0,0,0,0,0,0,0,0,0,0,0,0,0,0,0,0,0,0,0,0,0,0,0,0,0,0,0,0,0,0,0,0,0,0,0,0,0,0,0,0,0,0,0,0,0,0,0,0,0,0,0,0,0,0],
[0,0,0,0,0,0,0,0,0,0,0,0,0,0,0,0,0,0,0,0,0,0,0,0,0,0,0,0,0,0,0,0,0,0,0,0,0,0,0,0,0,0,0,0,0,0,0,0,0,0,0,0,0,0,0,0,0,0,0,0,0,0,0,0,0,0,0,0,0,0,0,0,0,0,0,0,0,0,0,0,0,0,0,0,0,0,0,0,0,0,0,0,0,0,0,0,0,0,0,0,0,0,0,0,0,0,0,0,0,0,0,0,0,0,0,0,0,0,0,0,0,0,0,0,0,0,0,0,0,0,0,0,0,0,0,0,0,0,0,0,0,0,0,0,0,0,0,0,0,0,0,0,0,0,0,0,0,0,0,0],
[0,0,0,0,0,0,0,0,0,0,0,0,0,0,0,0,0,0,0,0,0,0,0,0,0,0,0,0,0,0,0,0,0,0,0,0,0,0,0,0,0,0,0,0,0,0,0,0,0,0,0,0,0,0,0,0,0,0,0,0,0,0,0,0,0,0,0,0,0,0,0,0,0,0,0,0,0,0,0,0,0,0,0,0,0,0,0,0,0,0,0,0,0,0,0,0,0,0,0,0,0,0,0,0,0,0,0,0,0,0,0,0,0,0,0,0,0,0,0,0,0,0,0,0,0,0,0,0,0,0,0,0,0,0,0,0,0,0,0,0,0,0,0,0,0,0,0,0,0,0,0,0,0,0,0,0,0,0,0,0],
[0,0,0,0,0,0,0,0,0,0,0,0,0,0,0,0,0,0,0,0,0,0,0,0,0,0,0,0,0,0,0,0,0,0,0,0,0,0,0,0,0,0,0,0,0,0,0,0,0,0,0,0,0,0,0,0,0,0,0,0,0,0,0,0,0,0,0,0,0,0,0,0,0,0,0,0,0,0,0,0,0,0,0,0,0,0,0,0,0,0,0,0,0,0,0,0,0,0,0,0,0,0,0,0,0,0,0,0,0,0,0,0,0,0,0,0,0,0,0,0,0,0,0,0,0,0,0,0,0,0,0,0,0,0,0,0,0,0,0,0,0,0,0,0,0,0,0,0,0,0,0,0,0,0,0,0,0,0,0,0],
[0,0,0,0,0,0,0,0,0,0,0,0,0,0,0,0,0,0,0,0,0,0,0,0,0,0,0,0,0,0,0,0,0,0,0,0,0,0,0,0,0,0,0,0,0,0,0,0,0,0,0,0,0,0,0,0,0,0,0,0,0,0,0,0,0,0,0,0,0,0,0,0,0,0,0,0,0,0,0,0,0,0,0,0,0,0,0,0,0,0,0,0,0,0,0,0,0,0,0,0,0,0,0,0,0,0,0,0,0,0,0,0,0,0,0,0,0,0,0,0,0,0,0,0,0,0,0,0,0,0,0,0,0,0,0,0,0,0,0,0,0,0,0,0,0,0,0,0,0,0,0,0,0,0,0,0,0,0,0,0],
[0,0,0,0,0,0,0,0,0,0,0,0,0,0,0,0,0,0,0,0,0,0,0,0,0,0,0,0,0,0,0,0,0,0,0,0,0,0,0,0,0,0,0,0,0,0,0,0,0,0,0,0,0,0,0,0,0,0,0,0,0,0,0,0,0,0,0,0,0,0,0,0,0,0,0,0,0,0,0,0,0,0,0,0,0,0,0,0,0,0,0,0,0,0,0,0,0,0,0,0,0,0,0,0,0,0,0,0,0,0,0,0,0,0,0,0,0,0,0,0,0,0,0,0,0,0,0,0,0,0,0,0,0,0,0,0,0,0,0,0,0,0,0,0,0,0,0,0,0,0,0,0,0,0,0,0,0,0,0,0],
[0,0,0,0,0,0,0,0,0,0,0,0,0,0,0,0,0,0,0,0,0,0,0,0,0,0,0,0,0,0,0,0,0,0,0,0,0,0,0,0,0,0,0,0,0,0,0,0,0,0,0,0,0,0,0,0,0,0,0,0,0,0,0,0,0,0,0,0,0,0,0,0,0,0,0,0,0,0,0,0,0,0,0,0,0,0,0,0,0,0,0,0,0,0,0,0,0,0,0,0,0,0,0,0,0,0,0,0,0,0,0,0,0,0,0,0,0,0,0,0,0,0,0,0,0,0,0,0,0,0,0,0,0,0,0,0,0,0,0,0,0,0,0,0,0,0,0,0,0,0,0,0,0,0,0,0,0,0,0,0],
[0,0,0,0,0,0,0,0,0,0,0,0,0,0,0,0,0,0,0,0,0,0,0,0,0,0,0,0,0,0,0,0,0,0,0,0,0,0,0,0,0,0,0,0,0,0,0,0,0,0,0,0,0,0,0,0,0,0,0,0,0,0,0,0,0,0,0,0,0,0,0,0,0,0,0,0,0,0,0,0,0,0,0,0,0,0,0,0,-9.16,-9.16,0,0,0,0,0,0,0,0,0,0,0,0,0,0,0,0,0,0,0,0,0,0,0,0,0,0,0,0,0,0,0,0,0,0,0,0,0,0,0,0,0,0,0,0,0,0,0,0,0,0,0,0,0,0,0,0,0,0,0,0,0,0,0,0,0,0,0,0,0,0],
[0,0,0,0,0,0,0,0,0,0,0,0,0,0,0,0,0,0,0,0,0,0,0,0,0,0,0,0,0,0,0,0,0,0,0,0,0,0,0,0,0,0,0,0,0,0,0,0,0,0,0,0,0,0,0,0,0,0,0,0,0,0,0,0,0,0,0,0,0,0,0,0,0,0,0,0,0,0,0,0,0,0,0,0,0,0,0,-9.16,-9.16,-9.15,-9.12,-9.10,0,0,0,0,0,0,0,0,0,0,0,0,0,0,0,0,0,0,0,0,0,0,0,0,0,0,0,0,0,0,0,0,0,0,0,0,0,0,0,0,0,0,0,0,0,0,0,0,0,0,0,0,0,0,0,0,0,0,0,0,0,0,0,0,0,0,0,0],
[0,0,0,0,0,0,0,0,0,0,0,0,0,0,0,0,0,0,0,0,0,0,0,0,0,0,0,0,0,0,0,0,0,0,0,0,0,0,0,0,0,0,0,0,0,0,0,0,0,0,0,0,0,0,0,0,0,0,0,0,0,0,0,0,0,0,0,0,0,0,0,0,0,0,0,0,0,0,0,0,0,0,0,-9.19,-9.18,-9.16,-9.16,-9.15,-9.14,-9.13,-9.11,-9.08,-9.05,-9.02,0,0,0,0,0,0,0,0,0,0,0,0,0,0,0,0,0,0,0,0,0,0,0,0,0,0,0,0,0,0,0,0,0,0,0,0,0,0,0,0,0,0,0,0,0,0,0,0,0,0,0,0,0,0,0,0,0,0,0,0,0,0,0,0,0,0],
[0,0,0,0,0,0,0,0,0,0,0,0,0,0,0,0,0,0,0,0,0,0,0,0,0,0,0,0,0,0,0,0,0,0,0,0,0,0,0,0,0,0,0,0,0,0,0,0,0,0,0,0,0,0,0,0,0,0,0,0,0,0,0,0,0,0,0,0,0,0,0,0,0,0,0,0,0,0,-9.26,-9.24,-9.24,-9.23,-9.21,-9.19,-9.18,-9.16,-9.14,-9.13,-9.12,-9.11,-9.10,-9.07,-9.04,-9.01,-8.99,0,0,0,0,0,0,0,0,0,0,0,0,0,0,0,0,0,0,0,0,0,0,0,0,0,0,0,0,0,0,0,0,0,0,0,0,0,0,0,0,0,0,0,0,0,0,0,0,0,0,0,0,0,0,0,0,0,0,0,0,0,0,0,0,0],
[0,0,0,0,0,0,0,0,0,0,0,0,0,0,0,0,0,0,0,0,0,0,0,0,0,0,0,0,0,0,0,0,0,0,0,0,0,0,0,0,0,0,0,0,0,0,0,0,0,0,0,0,0,0,0,0,0,0,0,0,0,0,0,0,0,0,0,0,0,0,0,0,0,0,0,0,0,-9.30,-9.28,-9.25,-9.23,-9.22,-9.20,-9.18,-9.16,-9.15,-9.13,-9.11,-9.10,-9.09,-9.08,-9.06,-9.03,-9.00,-8.99,0,0,0,0,0,0,0,0,0,0,0,0,0,0,0,0,0,0,0,0,0,0,0,0,0,0,0,0,0,0,0,0,0,0,0,0,0,0,0,0,0,0,0,0,0,0,0,0,0,0,0,0,0,0,0,0,0,0,0,0,0,0,0,0,0],
[0,0,0,0,0,0,0,0,0,0,0,0,0,0,0,0,0,0,0,0,0,0,0,0,0,0,0,0,0,0,0,0,0,0,0,0,0,0,0,0,0,0,0,0,0,0,0,0,0,0,0,0,0,0,0,0,0,0,0,0,0,0,0,0,0,0,0,0,0,0,0,0,0,0,0,0,-9.33,-9.30,-9.26,-9.24,-9.22,-9.21,-9.19,-9.17,-9.15,-9.13,-9.11,-9.09,-9.08,-9.07,-9.06,-9.05,-9.02,-8.99,-8.99,0,0,0,0,0,0,0,0,0,0,0,0,0,0,0,0,0,0,0,0,0,0,0,0,0,0,0,0,0,0,0,0,0,0,0,0,0,0,0,0,0,0,0,0,0,0,0,0,0,0,0,0,0,0,0,0,0,0,0,0,0,0,0,0,0],
[0,0,0,0,0,0,0,0,0,0,0,0,0,0,0,0,0,0,0,0,0,0,0,0,0,0,0,0,0,0,0,0,0,0,0,0,0,0,0,0,0,0,0,0,0,0,0,0,0,0,0,0,0,0,0,0,0,0,0,0,0,0,0,0,0,0,0,0,0,0,0,0,0,0,0,0,-9.30,-9.27,-9.24,-9.23,-9.21,-9.20,-9.18,-9.16,-9.14,-9.12,-9.10,-9.08,-9.06,-9.05,-9.04,-9.03,-9.01,-8.99,0,0,0,0,0,0,0,0,0,0,0,0,0,0,0,0,0,0,0,0,0,0,0,0,0,0,0,0,0,0,0,0,0,0,0,0,0,0,0,0,0,0,0,0,0,0,0,0,0,0,0,0,0,0,0,0,0,0,0,0,0,0,0,0,0,0],
[0,0,0,0,0,0,0,0,0,0,0,0,0,0,0,0,0,0,0,0,0,0,0,0,0,0,0,0,0,0,0,0,0,0,0,0,0,0,0,0,0,0,0,0,0,0,0,0,0,0,0,0,0,0,0,0,0,0,0,0,0,0,0,0,0,0,0,0,0,0,0,0,0,0,0,0,-9.27,-9.24,-9.23,-9.21,-9.20,-9.18,-9.17,-9.15,-9.13,-9.11,-9.09,-9.06,-9.04,-9.02,-9.01,-9.00,-8.99,-8.99,0,0,0,0,0,0,0,0,0,0,0,0,0,0,0,0,0,0,0,0,0,0,0,0,0,0,0,0,0,0,0,0,0,0,0,0,0,0,0,0,0,0,0,0,0,0,0,0,0,0,0,0,0,0,0,0,0,0,0,0,0,0,0,0,0,0],
[0,0,0,0,0,0,0,0,0,0,0,0,0,0,0,0,0,0,0,0,0,0,0,0,0,0,0,0,0,0,0,0,0,0,0,0,0,0,0,0,0,0,0,0,0,0,0,0,0,0,0,0,0,0,0,0,0,0,0,0,0,0,0,0,0,0,0,0,0,0,0,0,0,0,0,-9.25,-9.24,-9.23,-9.22,-9.20,-9.19,-9.17,-9.16,-9.14,-9.12,-9.09,-9.07,-9.05,-9.03,-9.01,-8.99,-8.97,-8.97,-8.96,0,0,0,0,0,0,0,0,0,0,0,0,0,0,0,0,0,0,0,0,0,0,0,0,0,0,0,0,0,0,0,0,0,0,0,0,0,0,0,0,0,0,0,0,0,0,0,0,0,0,0,0,0,0,0,0,0,0,0,0,0,0,0,0,0,0],
[0,0,0,0,0,0,0,0,0,0,0,0,0,0,0,0,0,0,0,0,0,0,0,0,0,0,0,0,0,0,0,0,0,0,0,0,0,0,0,0,0,0,0,0,0,0,0,0,0,0,0,0,0,0,0,0,0,0,0,0,0,0,0,0,0,0,0,0,0,0,0,0,0,0,0,-9.26,-9.25,-9.22,-9.21,-9.19,-9.18,-9.16,-9.14,-9.12,-9.10,-9.08,-9.05,-9.03,-9.01,-8.99,-8.97,-8.95,-8.94,-8.93,0,0,0,0,0,0,0,0,0,0,0,0,0,0,0,0,0,0,0,0,0,0,0,0,0,0,0,0,0,0,0,0,0,0,0,0,0,0,0,0,0,0,0,0,0,0,0,0,0,0,0,0,0,0,0,0,0,0,0,0,0,0,0,0,0,0],
[0,0,0,0,0,0,0,0,0,0,0,0,0,0,0,0,0,0,0,0,0,0,0,0,0,0,0,0,0,0,0,0,0,0,0,0,0,0,0,0,0,0,0,0,0,0,0,0,0,0,0,0,0,0,0,0,0,0,0,0,0,0,0,0,0,0,0,0,0,0,0,0,0,0,-9.28,-9.28,-9.25,-9.23,-9.20,-9.18,-9.17,-9.15,-9.13,-9.11,-9.08,-9.06,-9.04,-9.02,-9.00,-8.97,-8.95,-8.93,-8.91,-8.87,0,0,0,0,0,0,0,0,0,0,0,0,0,0,0,0,0,0,0,0,0,0,0,0,0,0,0,0,0,0,0,0,0,0,0,0,0,0,0,0,0,0,0,0,0,0,0,0,0,0,0,0,0,0,0,0,0,0,0,0,0,0,0,0,0,0],
[0,0,0,0,0,0,0,0,0,0,0,0,0,0,0,0,0,0,0,0,0,0,0,0,0,0,0,0,0,0,0,0,0,0,0,0,0,0,0,0,0,0,0,0,0,0,0,0,0,0,0,0,0,0,0,0,0,0,0,0,0,0,0,0,0,0,0,0,0,0,0,0,0,0,-9.30,-9.28,-9.26,-9.23,-9.21,-9.19,-9.16,-9.13,-9.11,-9.09,-9.06,-9.04,-9.02,-9.00,-8.98,-8.96,-8.94,-8.90,-8.84,-8.77,0,0,0,0,0,0,0,0,0,0,0,0,0,0,0,0,0,0,0,0,0,0,0,0,0,0,0,0,0,0,0,0,0,0,0,0,0,0,0,0,0,0,0,0,0,0,0,0,0,0,0,0,0,0,0,0,0,0,0,0,0,0,0,0,0,0],
[0,0,0,0,0,0,0,0,0,0,0,0,0,0,0,0,0,0,0,0,0,0,0,0,0,0,0,0,0,0,0,0,0,0,0,0,0,0,0,0,0,0,0,0,0,0,0,0,0,0,0,0,0,0,0,0,0,0,0,0,0,0,0,0,0,0,0,0,0,0,0,0,0,0,-9.31,-9.29,-9.26,-9.23,-9.20,-9.16,-9.12,-9.12,-9.09,-9.07,-9.05,-9.02,-9.00,-8.98,-8.96,-8.94,-8.89,-8.81,-8.73,-8.65,-8.59,0,0,0,0,0,0,0,0,0,0,0,0,0,0,0,0,0,0,0,0,0,0,0,0,0,0,0,0,0,0,0,0,0,0,0,0,0,0,0,0,0,0,0,0,0,0,0,0,0,0,0,0,0,0,0,0,0,0,0,0,0,0,0,0,0],
[0,0,0,0,0,0,0,0,0,0,0,0,0,0,0,0,0,0,0,0,0,0,0,0,0,0,0,0,0,0,0,0,0,0,0,0,0,0,0,0,0,0,0,0,0,0,0,0,0,0,0,0,0,0,0,0,0,0,0,0,0,0,0,0,0,0,0,0,0,0,0,0,-9.33,-9.33,-9.31,-9.27,-9.23,-9.20,-9.16,-9.12,-9.09,-9.09,-9.08,-9.05,-9.03,-9.01,-8.99,-8.97,-8.94,-8.87,-8.78,-8.70,-8.62,-8.54,-8.47,0,0,0,0,0,0,0,0,0,0,0,0,0,0,0,0,0,0,0,0,0,0,0,0,0,0,0,0,0,0,0,0,0,0,0,0,0,0,0,0,0,0,0,0,0,0,0,0,0,0,0,0,0,0,0,0,0,0,0,0,0,0,0,0,0],
[0,0,0,0,0,0,0,0,0,0,0,0,0,0,0,0,0,0,0,0,0,0,0,0,0,0,0,0,0,0,0,0,0,0,0,0,0,0,0,0,0,0,0,0,0,0,0,0,0,0,0,0,0,0,0,0,0,0,0,0,0,0,0,0,0,0,0,0,0,0,-9.41,-9.40,-9.33,-9.33,-9.25,-9.22,-9.20,-9.16,-9.13,-9.09,-9.05,-9.06,-9.06,-9.03,-9.01,-8.99,-8.97,-8.92,-8.84,-8.76,-8.67,-8.59,-8.51,-8.42,-8.34,-8.29,0,0,0,0,0,0,0,0,0,0,0,0,0,0,0,0,0,0,0,0,0,0,0,0,0,0,0,0,0,0,0,0,0,0,0,0,0,0,0,0,0,0,0,0,0,0,0,0,0,0,0,0,0,0,0,0,0,0,0,0,0,0,0,0],
[0,0,0,0,0,0,0,0,0,0,0,0,0,0,0,0,0,0,0,0,0,0,0,0,0,0,0,0,0,0,0,0,0,0,0,0,0,0,0,0,0,0,0,0,0,0,0,0,0,0,0,0,0,0,0,0,0,0,0,0,0,0,0,0,0,0,0,0,0,-9.41,-9.41,-9.35,-9.33,-9.33,-9.19,-9.17,-9.14,-9.11,-9.09,-9.06,-9.02,-9.03,-9.03,-9.02,-9.00,-8.97,-8.89,-8.81,-8.73,-8.64,-8.56,-8.48,-8.40,-8.31,-8.23,-8.09,0,0,0,0,0,0,0,0,0,0,0,0,0,0,0,0,0,0,0,0,0,0,0,0,0,0,0,0,0,0,0,0,0,0,0,0,0,0,0,0,0,0,0,0,0,0,0,0,0,0,0,0,0,0,0,0,0,0,0,0,0,0,0,0],
[0,0,0,0,0,0,0,0,0,0,0,0,0,0,0,0,0,0,0,0,0,0,0,0,0,0,0,0,0,0,0,0,0,0,0,0,0,0,0,0,0,0,0,0,0,0,0,0,0,0,0,0,0,0,0,0,0,0,0,0,0,0,0,0,0,0,0,0,-9.41,-9.41,-9.37,-9.34,-9.33,-9.30,-9.14,-9.11,-9.08,-9.06,-9.03,-9.01,-9.00,-9.00,-9.00,-9.00,-8.95,-8.87,-8.78,-8.70,-8.62,-8.53,-8.45,-8.37,-8.28,-8.20,-8.12,-7.81,-7.62,0,0,0,0,0,0,0,0,0,0,0,0,0,0,0,0,0,0,0,0,0,0,0,0,0,0,0,0,0,0,0,0,0,0,0,0,0,0,0,0,0,0,0,0,0,0,0,0,0,0,0,0,0,0,0,0,0,0,0,0,0,0,0],
[0,0,0,0,0,0,0,0,0,0,0,0,0,0,0,0,0,0,0,0,0,0,0,0,0,0,0,0,0,0,0,0,0,0,0,0,0,0,0,0,0,0,0,0,0,0,0,0,0,0,0,0,0,0,0,0,0,0,0,0,0,0,0,0,0,0,0,0,-9.41,-9.39,-9.36,-9.33,-9.33,-9.25,-9.08,-9.06,-9.05,-9.04,-9.04,-9.03,-9.02,-9.02,-9.01,-8.96,-8.87,-8.79,-8.71,-8.62,-8.54,-8.45,-8.37,-8.29,-8.20,-8.12,-7.88,-7.56,-7.28,0,0,0,0,0,0,0,0,0,0,0,0,0,0,0,0,0,0,0,0,0,0,0,0,0,0,0,0,0,0,0,0,0,0,0,0,0,0,0,0,0,0,0,0,0,0,0,0,0,0,0,0,0,0,0,0,0,0,0,0,0,0,0],
[0,0,0,0,0,0,0,0,0,0,0,0,0,0,0,0,0,0,0,0,0,0,0,0,0,0,0,0,0,0,0,0,0,0,0,0,0,0,0,0,0,0,0,0,0,0,0,0,0,0,0,0,0,0,0,0,0,0,0,0,0,0,0,0,0,0,0,0,-9.41,-9.39,-9.36,-9.33,-9.33,-9.17,-9.09,-9.08,-9.07,-9.06,-9.06,-9.05,-9.04,-9.04,-8.99,-8.90,-8.82,-8.73,-8.65,-8.57,-8.48,-8.40,-8.32,-8.23,-8.15,-7.93,-7.60,-7.29,-6.97,-6.77,0,0,0,0,0,0,0,0,0,0,0,0,0,0,0,0,0,0,0,0,0,0,0,0,0,0,0,0,0,0,0,0,0,0,0,0,0,0,0,0,0,0,0,0,0,0,0,0,0,0,0,0,0,0,0,0,0,0,0,0,0,0],
[0,0,0,0,0,0,0,0,0,0,0,0,0,0,0,0,0,0,0,0,0,0,0,0,0,0,0,0,0,0,0,0,0,0,0,0,0,0,0,0,0,0,0,0,0,0,0,0,0,0,0,0,0,0,0,0,0,0,0,0,0,0,0,0,0,0,0,-9.41,-9.41,-9.38,-9.35,-9.33,-9.31,-9.16,-9.14,-9.12,-9.10,-9.09,-9.08,-9.07,-9.06,-9.02,-8.94,-8.85,-8.77,-8.68,-8.60,-8.51,-8.43,-8.34,-8.26,-8.18,-7.99,-7.63,-7.31,-7.00,-6.70,-6.49,-6.05,0,0,0,0,0,0,0,0,0,0,0,0,0,0,0,0,0,0,0,0,0,0,0,0,0,0,0,0,0,0,0,0,0,0,0,0,0,0,0,0,0,0,0,0,0,0,0,0,0,0,0,0,0,0,0,0,0,0,0,0,0],
[0,0,0,0,0,0,0,0,0,0,0,0,0,0,0,0,0,0,0,0,0,0,0,0,0,0,0,0,0,0,0,0,0,0,0,0,0,0,0,0,0,0,0,0,0,0,0,0,0,0,0,0,0,0,0,0,0,0,0,0,0,0,0,0,0,0,0,-9.41,-9.40,-9.37,-9.35,-9.33,-9.28,-9.21,-9.19,-9.17,-9.15,-9.13,-9.12,-9.10,-9.05,-8.96,-8.88,-8.80,-8.71,-8.63,-8.54,-8.46,-8.37,-8.29,-8.20,-8.06,-7.69,-7.34,-7.02,-6.71,-6.43,-6.12,-5.81,-5.45,-5.09,0,0,0,0,0,0,0,0,0,0,0,0,0,0,0,0,0,0,0,0,0,0,0,0,0,0,0,0,0,0,0,0,0,0,0,0,0,0,0,0,0,0,0,0,0,0,0,0,0,0,0,0,0,0,0,0,0,0,0],
[0,0,0,0,0,0,0,0,0,0,0,0,0,0,0,0,0,0,0,0,0,0,0,0,0,0,0,0,0,0,0,0,0,0,0,0,0,0,0,0,0,0,0,0,0,0,0,0,0,0,0,0,0,0,0,0,0,0,0,0,0,0,0,0,0,0,0,-9.41,-9.40,-9.37,-9.34,-9.33,-9.25,-9.22,-9.21,-9.20,-9.19,-9.17,-9.15,-9.10,-8.98,-8.88,-8.79,-8.72,-8.66,-8.57,-8.49,-8.40,-8.32,-8.23,-8.10,-7.75,-7.39,-7.15,-6.73,-6.44,-6.16,-5.85,-5.56,-5.25,-4.93,-4.77,-4.69,-4.66,-4.66,0,0,0,0,0,0,0,0,0,0,0,0,0,0,0,0,0,0,0,0,0,0,0,0,0,0,0,0,0,0,0,0,0,0,0,0,0,0,0,0,0,0,0,0,0,0,0,0,0,0,0,0,0,0,0],
[0,0,0,0,0,0,0,0,0,0,0,0,0,0,0,0,0,0,0,0,0,0,0,0,0,0,0,0,0,0,0,0,0,0,0,0,0,0,0,0,0,0,0,0,0,0,0,0,0,0,0,0,0,0,0,0,0,0,0,0,0,0,0,0,0,0,0,-9.41,-9.40,-9.36,-9.34,-9.31,-9.25,-9.22,-9.19,-9.18,-9.17,-9.16,-9.15,-9.03,-8.91,-8.81,-8.71,-8.62,-8.55,-8.48,-8.41,-8.35,-8.26,-8.12,-7.82,-7.45,-7.08,-6.75,-6.45,-6.31,-5.90,-5.61,-5.33,-5.00,-4.79,-4.72,-4.66,-4.65,-4.65,-4.66,-4.66,-4.66,-4.64,0,0,0,0,0,0,0,0,0,0,0,0,0,0,0,0,0,0,0,0,0,0,0,0,0,0,0,0,0,0,0,0,0,0,0,0,0,0,0,0,0,0,0,0,0,0,0,0,0,0,0],
[0,0,0,0,0,0,0,0,0,0,0,0,0,0,0,0,0,0,0,0,0,0,0,0,0,0,0,0,0,0,0,0,0,0,0,0,0,0,0,0,0,0,0,0,0,0,0,0,0,0,0,0,0,0,0,0,0,0,0,0,0,0,0,0,0,0,0,-9.41,-9.40,-9.35,-9.33,-9.29,-9.25,-9.22,-9.18,-9.16,-9.15,-9.14,-9.12,-8.97,-8.84,-8.74,-8.64,-8.55,-8.45,-8.38,-8.31,-8.24,-8.13,-7.85,-7.50,-7.15,-6.78,-6.47,-6.23,-5.92,-5.66,-5.37,-5.07,-4.82,-4.73,-4.66,-4.65,-4.64,-4.63,-4.63,-4.64,-4.64,-4.63,-4.60,0,0,0,0,0,0,0,0,0,0,0,0,0,0,0,0,0,0,0,0,0,0,0,0,0,0,0,0,0,0,0,0,0,0,0,0,0,0,0,0,0,0,0,0,0,0,0,0,0,0],
[0,0,0,0,0,0,0,0,0,0,0,0,0,0,0,0,0,0,0,0,0,0,0,0,0,0,0,0,0,0,0,0,0,0,0,0,0,0,0,0,0,0,0,0,0,0,0,0,0,0,0,0,0,0,0,0,0,0,0,0,0,0,0,0,0,0,0,0,-9.33,-9.35,-9.33,-9.28,-9.25,-9.22,-9.18,-9.15,-9.13,-9.12,-9.07,-8.92,-8.77,-8.67,-8.58,-8.48,-8.38,-8.28,-8.20,-8.14,-7.85,-7.50,-7.16,-6.85,-6.58,-6.22,-5.94,-5.68,-5.42,-5.13,-4.85,-4.75,-4.67,-4.65,-4.64,-4.63,-4.62,-4.61,-4.61,-4.62,-4.60,-4.57,-4.55,-4.52,0,0,0,0,0,0,0,0,0,0,0,0,0,0,0,0,0,0,0,0,0,0,0,0,0,0,0,0,0,0,0,0,0,0,0,0,0,0,0,0,0,0,0,0,0,0,0,0],
[0,0,0,0,0,0,0,0,0,0,0,0,0,0,0,0,0,0,0,0,0,0,0,0,0,0,0,0,0,0,0,0,0,0,0,0,0,0,0,0,0,0,0,0,0,0,0,0,0,0,0,0,0,0,0,0,0,0,0,0,0,0,0,0,0,0,0,0,-9.33,-9.33,-9.33,-9.28,-9.25,-9.21,-9.18,-9.15,-9.12,-9.10,-9.02,-8.86,-8.74,-8.64,-8.54,-8.43,-8.33,-8.23,-8.12,-7.86,-7.52,-7.18,-6.83,-6.58,0,-5.97,-5.71,-5.44,-5.18,-4.89,-4.78,-4.68,-4.65,-4.64,-4.63,-4.62,-4.61,-4.60,-4.59,-4.59,-4.57,-4.54,-4.52,-4.50,-4.47,0,0,0,0,0,0,0,0,0,0,0,0,0,0,0,0,0,0,0,0,0,0,0,0,0,0,0,0,0,0,0,0,0,0,0,0,0,0,0,0,0,0,0,0,0,0,0],
[0,0,0,0,0,0,0,0,0,0,0,0,0,0,0,0,0,0,0,0,0,0,0,0,0,0,0,0,0,0,0,0,0,0,0,0,0,0,0,0,0,0,0,0,0,0,0,0,0,0,0,0,0,0,0,0,0,0,0,0,0,0,0,0,0,0,0,0,0,-9.33,-9.31,-9.28,-9.25,-9.21,-9.18,-9.15,-9.11,-9.08,-8.98,-8.86,-8.74,-8.64,-8.54,-8.40,-8.28,-8.15,-7.87,-7.57,-7.24,-6.83,-6.58,0,0,0,0,-5.21,-4.94,-4.83,-4.82,-4.81,-4.79,-4.76,-4.73,-4.70,-4.67,-4.64,-4.61,-4.59,-4.56,-4.53,-4.50,-4.47,-4.45,-4.43,-4.41,0,0,0,0,0,0,0,0,0,0,0,0,0,0,0,0,0,0,0,0,0,0,0,0,0,0,0,0,0,0,0,0,0,0,0,0,0,0,0,0,0,0,0,0,0],
[0,0,0,0,0,0,0,0,0,0,0,0,0,0,0,0,0,0,0,0,0,0,0,0,0,0,0,0,0,0,0,0,0,0,0,0,0,0,0,0,0,0,0,0,0,0,0,0,0,0,0,0,0,0,0,0,0,0,0,0,0,0,0,0,0,0,0,0,0,-9.33,-9.31,-9.26,-9.23,-9.20,-9.16,-9.13,-9.10,-9.04,-8.92,-8.82,-8.70,-8.58,-8.46,-8.33,-8.16,-7.83,-7.53,-7.24,-6.86,-6.58,0,0,0,0,0,-4.83,-4.83,-4.80,-4.79,-4.81,-4.78,-4.76,-4.73,-4.70,-4.67,-4.64,-4.61,-4.58,-4.56,-4.53,-4.50,-4.47,-4.44,-4.44,-4.43,0,0,0,0,0,0,0,0,0,0,0,0,0,0,0,0,0,0,0,0,0,0,0,0,0,0,0,0,0,0,0,0,0,0,0,0,0,0,0,0,0,0,0,0,0],
[0,0,0,0,0,0,0,0,0,0,0,0,0,0,0,0,0,0,0,0,0,0,0,0,0,0,0,0,0,0,0,0,0,0,0,0,0,0,0,0,0,0,0,0,0,0,0,0,0,0,0,0,0,0,0,0,0,0,0,0,0,0,0,0,0,0,0,0,0,-9.33,-9.32,-9.27,-9.23,-9.18,-9.14,-9.11,-9.08,-8.96,-8.92,-8.79,-8.64,-8.52,-8.41,-8.16,-7.84,-7.51,-7.19,-6.88,-6.58,-6.58,0,0,0,0,-4.85,-4.83,-4.81,-4.74,-4.68,-4.63,-4.58,-4.60,-4.62,-4.64,-4.66,-4.63,-4.60,-4.57,-4.54,-4.50,-4.47,-4.44,-4.47,-4.49,-4.51,-4.51,0,0,0,0,0,0,0,0,0,0,0,0,0,0,0,0,0,0,0,0,0,0,0,0,0,0,0,0,0,0,0,0,0,0,0,0,0,0,0,0,0,0,0,0],
[0,0,0,0,0,0,0,0,0,0,0,0,0,0,0,0,0,0,0,0,0,0,0,0,0,0,0,0,0,0,0,0,0,0,0,0,0,0,0,0,0,0,0,0,0,0,0,0,0,0,0,0,0,0,0,0,0,0,0,0,0,0,0,0,0,0,0,0,0,0,-9.29,-9.26,-9.22,-9.17,-9.13,-9.09,-9.05,-9.02,-8.87,-8.72,-8.57,-8.42,-8.18,-7.85,-7.51,-7.18,-6.85,-6.58,-6.58,0,0,0,0,-4.86,-4.84,-4.77,-4.79,-4.81,-4.65,-4.63,-4.60,-4.59,-4.61,-4.63,-4.65,-4.61,-4.57,-4.54,-4.51,-4.48,-4.47,-4.49,-4.52,-4.54,-4.56,-4.57,0,0,0,0,0,0,0,0,0,0,0,0,0,0,0,0,0,0,0,0,0,0,0,0,0,0,0,0,0,0,0,0,0,0,0,0,0,0,0,0,0,0,0,0],
[0,0,0,0,0,0,0,0,0,0,0,0,0,0,0,0,0,0,0,0,0,0,0,0,0,0,0,0,0,0,0,0,0,0,0,0,0,0,0,0,0,0,0,0,0,0,0,0,0,0,0,0,0,0,0,0,0,0,0,0,0,0,0,0,0,0,0,0,0,0,0,-9.23,-9.20,-9.15,-9.12,-9.14,-9.11,-8.92,-8.75,-8.58,-8.42,-8.20,-7.87,-7.53,-7.23,-6.85,-6.50,-6.41,0,0,0,0,-4.88,-4.85,-4.77,-4.76,-4.78,-4.80,-4.75,-4.65,-4.63,-4.61,-4.61,-4.62,-4.64,-4.64,-4.55,-4.52,-4.49,-4.49,-4.52,-4.55,-4.57,-4.59,-4.61,-4.63,-4.65,0,0,0,0,0,0,0,0,0,0,0,0,0,0,0,0,0,0,0,0,0,0,0,0,0,0,0,0,0,0,0,0,0,0,0,0,0,0,0,0,0,0,0],
[0,0,0,0,0,0,0,0,0,0,0,0,0,0,0,0,0,0,0,0,0,0,0,0,0,0,0,0,0,0,0,0,0,0,0,0,0,0,0,0,0,0,0,0,0,0,0,0,0,0,0,0,0,0,0,0,0,0,0,0,0,0,0,0,0,0,0,0,0,0,0,0,-9.17,-9.16,-9.16,-9.16,-9.03,-8.86,-8.68,-8.50,-8.33,-7.85,-7.50,-7.15,-6.80,-6.46,-6.39,-5.90,-5.58,-5.34,0,-4.89,-4.86,-4.78,-4.72,-4.74,-4.76,-4.78,-4.80,-4.68,-4.65,-4.63,-4.63,-4.63,-4.64,-4.66,-4.59,-4.49,-4.52,-4.55,-4.58,-4.60,-4.62,-4.64,-4.66,-4.66,-4.67,0,0,0,0,0,0,0,0,0,0,0,0,0,0,0,0,0,0,0,0,0,0,0,0,0,0,0,0,0,0,0,0,0,0,0,0,0,0,0,0,0,0,0],
[0,0,0,0,0,0,0,0,0,0,0,0,0,0,0,0,0,0,0,0,0,0,0,0,0,0,0,0,0,0,0,0,0,0,0,0,0,0,0,0,0,0,0,0,0,0,0,0,0,0,0,0,0,0,0,0,0,0,0,0,0,0,0,0,0,0,0,0,0,0,0,0,0,0,0,0,0,0,0,0,0,-7.57,-7.14,-6.76,-6.41,-6.36,-5.86,-5.59,-5.33,-5.05,-4.91,-4.87,-4.80,-4.72,-4.70,-4.72,-4.74,-4.76,-4.78,-4.79,-4.68,-4.66,-4.65,-4.65,-4.65,-4.65,-4.62,-4.58,-4.58,-4.60,-4.63,-4.65,-4.66,-4.67,-4.67,-4.67,-4.68,0,0,0,0,0,0,0,0,0,0,0,0,0,0,0,0,0,0,0,0,0,0,0,0,0,0,0,0,0,0,0,0,0,0,0,0,0,0,0,0,0,0,0],
[0,0,0,0,0,0,0,0,0,0,0,0,0,0,0,0,0,0,0,0,0,0,0,0,0,0,0,0,0,0,0,0,0,0,0,0,0,0,0,0,0,0,0,0,0,0,0,0,0,0,0,0,0,0,0,0,0,0,0,0,0,0,0,0,0,0,0,0,0,0,0,0,0,0,0,0,0,0,0,0,0,0,0,-6.46,-6.21,-5.74,-5.46,-5.46,-5.21,-4.80,-4.85,-4.77,-4.71,-4.66,-4.68,-4.70,-4.72,-4.74,-4.76,-4.78,-4.75,-4.68,-4.67,-4.67,-4.66,-4.66,-4.66,-4.66,-4.66,-4.66,-4.66,-4.67,-4.67,-4.68,-4.68,-4.68,-4.69,0,0,0,0,0,0,0,0,0,0,0,0,0,0,0,0,0,0,0,0,0,0,0,0,0,0,0,0,0,0,0,0,0,0,0,0,0,0,0,0,0,0,0],
[0,0,0,0,0,0,0,0,0,0,0,0,0,0,0,0,0,0,0,0,0,0,0,0,0,0,0,0,0,0,0,0,0,0,0,0,0,0,0,0,0,0,0,0,0,0,0,0,0,0,0,0,0,0,0,0,0,0,0,0,0,0,0,0,0,0,0,0,0,0,0,0,0,0,0,0,0,0,0,0,0,0,0,-5.80,-5.63,-5.28,-5.00,-4.81,-4.78,-4.78,-4.73,-4.66,-4.67,-4.67,-4.67,-4.68,-4.70,-4.72,-4.75,-4.77,-4.77,-4.71,-4.69,-4.69,-4.68,-4.68,-4.68,-4.68,-4.68,-4.68,-4.67,-4.68,-4.68,-4.68,-4.69,-4.69,-4.71,0,0,0,0,0,0,0,0,0,0,0,0,0,0,0,0,0,0,0,0,0,0,0,0,0,0,0,0,0,0,0,0,0,0,0,0,0,0,0,0,0,0,0],
[0,0,0,0,0,0,0,0,0,0,0,0,0,0,0,0,0,0,0,0,0,0,0,0,0,0,0,0,0,0,0,0,0,0,0,0,0,0,0,0,0,0,0,0,0,0,0,0,0,0,0,0,0,0,0,0,0,0,0,0,0,0,0,0,0,0,0,0,0,0,0,0,0,0,0,0,0,0,0,0,0,0,0,0,-5.24,-4.83,-4.79,-4.75,-4.72,-4.70,-4.67,-4.69,-4.69,-4.69,-4.68,-4.68,-4.69,-4.71,-4.73,-4.75,-4.77,-4.76,-4.71,-4.70,-4.70,-4.70,-4.70,-4.70,-4.69,-4.69,-4.69,-4.69,-4.69,-4.69,-4.70,-4.70,-4.72,0,0,0,0,0,0,0,0,0,0,0,0,0,0,0,0,0,0,0,0,0,0,0,0,0,0,0,0,0,0,0,0,0,0,0,0,0,0,0,0,0,0,0],
[0,0,0,0,0,0,0,0,0,0,0,0,0,0,0,0,0,0,0,0,0,0,0,0,0,0,0,0,0,0,0,0,0,0,0,0,0,0,0,0,0,0,0,0,0,0,0,0,0,0,0,0,0,0,0,0,0,0,0,0,0,0,0,0,0,0,0,0,0,0,0,0,0,0,0,0,0,0,0,0,0,0,0,0,-4.91,-4.80,-4.76,-4.71,-4.66,-4.68,-4.70,-4.71,-4.71,-4.70,-4.70,-4.70,-4.70,-4.70,-4.71,-4.73,-4.75,-4.76,-4.74,-4.72,-4.72,-4.72,-4.72,-4.71,-4.71,-4.71,-4.71,-4.70,-4.70,-4.70,-4.71,-4.71,-4.74,0,0,0,0,0,0,0,0,0,0,0,0,0,0,0,0,0,0,0,0,0,0,0,0,0,0,0,0,0,0,0,0,0,0,0,0,0,0,0,0,0,0,0],
[0,0,0,0,0,0,0,0,0,0,0,0,0,0,0,0,0,0,0,0,0,0,0,0,0,0,0,0,0,0,0,0,0,0,0,0,0,0,0,0,0,0,0,0,0,0,0,0,0,0,0,0,0,0,0,0,0,0,0,0,0,0,0,0,0,0,0,0,0,0,0,0,0,0,0,0,0,0,0,0,0,0,0,0,-4.81,-4.79,-4.74,-4.69,-4.69,-4.71,-4.73,-4.73,-4.73,-4.72,-4.72,-4.72,-4.71,-4.71,-4.71,-4.72,-4.73,-4.75,-4.75,-4.74,-4.74,-4.74,-4.73,-4.73,-4.73,-4.72,-4.72,-4.72,-4.72,-4.71,-4.72,-4.72,-4.74,0,0,0,0,0,0,0,0,0,0,0,0,0,0,0,0,0,0,0,0,0,0,0,0,0,0,0,0,0,0,0,0,0,0,0,0,0,0,0,0,0,0,0],
[0,0,0,0,0,0,0,0,0,0,0,0,0,0,0,0,0,0,0,0,0,0,0,0,0,0,0,0,0,0,0,0,0,0,0,0,0,0,0,0,0,0,0,0,0,0,0,0,0,0,0,0,0,0,0,0,0,0,0,0,0,0,0,0,0,0,0,0,0,0,0,0,0,0,0,0,0,0,0,0,0,0,0,0,-4.78,-4.77,-4.72,-4.72,-4.72,-4.75,-4.75,-4.75,-4.74,-4.74,-4.74,-4.73,-4.73,-4.73,-4.72,-4.72,-4.73,-4.74,-4.74,-4.74,-4.74,-4.74,-4.74,-4.74,-4.74,-4.74,-4.74,-4.73,-4.73,-4.73,-4.73,-4.73,-4.74,0,0,0,0,0,0,0,0,0,0,0,0,0,0,0,0,0,0,0,0,0,0,0,0,0,0,0,0,0,0,0,0,0,0,0,0,0,0,0,0,0,0,0],
[0,0,0,0,0,0,0,0,0,0,0,0,0,0,0,0,0,0,0,0,0,0,0,0,0,0,0,0,0,0,0,0,0,0,0,0,0,0,0,0,0,0,0,0,0,0,0,0,0,0,0,0,0,0,0,0,0,0,0,0,0,0,0,0,0,0,0,0,0,0,0,0,0,0,0,0,0,0,0,0,0,0,0,0,0,-4.74,-4.75,-4.75,-4.76,-4.77,-4.77,-4.77,-4.76,-4.76,-4.76,-4.75,-4.75,-4.75,-4.74,-4.74,-4.74,-4.74,-4.74,0,0,-4.74,-4.74,-4.74,-4.74,-4.74,-4.74,-4.74,-4.74,-4.74,-4.74,-4.74,-4.74,0,0,0,0,0,0,0,0,0,0,0,0,0,0,0,0,0,0,0,0,0,0,0,0,0,0,0,0,0,0,0,0,0,0,0,0,0,0,0,0,0,0,0],
[0,0,0,0,0,0,0,0,0,0,0,0,0,0,0,0,0,0,0,0,0,0,0,0,0,0,0,0,0,0,0,0,0,0,0,0,0,0,0,0,0,0,0,0,0,0,0,0,0,0,0,0,0,0,0,0,0,0,0,0,0,0,0,0,0,0,0,0,0,0,0,0,0,0,0,0,0,0,0,0,0,0,0,0,0,-4.76,-4.78,-4.78,-4.79,-4.79,-4.79,-4.78,-4.78,-4.78,-4.77,-4.77,-4.77,-4.76,-4.76,-4.76,-4.75,-4.75,-4.74,-4.74,-4.74,-4.74,-4.74,-4.74,-4.74,-4.74,-4.74,-4.74,-4.74,-4.74,-4.74,-4.73,0,0,0,0,0,0,0,0,0,0,0,0,0,0,0,0,0,0,0,0,0,0,0,0,0,0,0,0,0,0,0,0,0,0,0,0,0,0,0,0,0,0,0,0],
[0,0,0,0,0,0,0,0,0,0,0,0,0,0,0,0,0,0,0,0,0,0,0,0,0,0,0,0,0,0,0,0,0,0,0,0,0,0,0,0,0,0,0,0,0,0,0,0,0,0,0,0,0,0,0,3.00,2.75,2.66,2.56,2.48,2.45,0,0,0,0,0,0,0,0,0,0,0,0,0,0,0,0,0,0,0,0,0,0,0,0,0,-4.80,-4.81,-4.81,-4.81,-4.81,-4.80,-4.80,-4.79,-4.79,-4.78,-4.78,-4.77,-4.77,-4.76,-4.76,-4.75,-4.75,-4.74,-4.74,-4.74,-4.74,-4.74,-4.74,0,0,-4.74,-4.74,-4.74,-4.73,-4.72,0,0,0,0,0,0,0,0,0,0,0,0,0,0,0,0,0,0,0,0,0,0,0,0,0,0,0,0,0,0,0,0,0,0,0,0,0,0,0,0,0,0,0,0],
[0,0,0,0,0,0,0,0,0,0,0,0,0,0,0,0,0,0,0,0,0,0,0,0,0,0,0,0,0,0,0,0,0,0,0,0,0,0,0,0,0,0,0,0,0,0,0,0,0,0,0,0,4.06,3.73,3.40,3.10,2.86,2.74,2.67,2.60,2.53,0,0,0,0,0,0,0,0,0,0,0,0,0,0,0,0,0,0,0,0,0,0,0,0,0,0,-4.83,-4.82,-4.82,-4.81,-4.81,-4.80,-4.80,-4.79,-4.78,-4.78,-4.77,-4.77,-4.76,-4.76,-4.75,-4.75,-4.74,-4.72,-4.73,-4.74,-4.74,-4.74,0,-4.74,-4.74,-4.73,-4.72,-4.71,-4.71,0,0,0,0,0,0,0,0,0,0,0,0,0,0,0,0,0,0,0,0,0,0,0,0,0,0,0,0,0,0,0,0,0,0,0,0,0,0,0,0,0,0,0,0],
[0,0,0,0,0,0,0,0,0,0,0,0,0,0,0,0,0,0,0,0,0,0,0,0,0,0,0,0,0,0,0,0,0,0,0,0,0,0,0,0,0,0,0,0,0,0,0,0,0,0,0,4.34,4.16,3.79,3.50,3.29,3.05,2.84,2.77,2.70,2.65,2.65,0,0,0,0,0,0,0,0,0,0,0,0,0,0,0,0,0,0,0,0,0,0,0,0,-4.83,-4.83,-4.82,-4.82,-4.81,-4.81,-4.80,-4.80,-4.79,-4.79,-4.78,-4.77,-4.77,-4.76,-4.76,-4.75,-4.75,-4.74,-4.73,-4.71,-4.71,-4.73,-4.74,-4.74,-4.75,-4.73,-4.72,-4.70,-4.69,-4.69,0,0,0,0,0,0,0,0,0,0,0,0,0,0,0,0,0,0,0,0,0,0,0,0,0,0,0,0,0,0,0,0,0,0,0,0,0,0,0,0,0,0,0,0],
[0,0,0,0,0,0,0,0,0,0,0,0,0,0,0,0,0,0,0,0,0,0,0,0,0,0,0,0,0,0,0,0,0,0,0,0,0,0,0,0,0,0,0,0,0,0,0,0,0,0,0,4.24,4.17,3.93,3.72,3.49,3.25,3.01,2.87,2.80,2.72,2.67,2.67,0,0,0,0,0,0,0,0,0,0,0,0,0,0,0,0,0,0,0,0,0,0,-4.83,-4.83,-4.83,-4.82,-4.82,-4.81,-4.81,-4.80,-4.80,-4.79,-4.79,-4.78,-4.77,-4.77,-4.77,-4.76,-4.76,-4.76,-4.75,-4.73,-4.71,-4.69,-4.70,-4.72,-4.76,-4.76,-4.75,-4.71,-4.68,-4.67,0,0,0,0,0,0,0,0,0,0,0,0,0,0,0,0,0,0,0,0,0,0,0,0,0,0,0,0,0,0,0,0,0,0,0,0,0,0,0,0,0,0,0,0,0],
[0,0,0,0,0,0,0,0,0,0,0,0,0,0,0,0,0,0,0,0,0,0,0,0,0,0,0,0,0,0,0,0,0,0,0,0,0,0,0,0,0,0,0,0,0,0,0,0,0,0,0,0,4.22,3.97,3.73,3.48,3.22,2.97,2.89,2.83,2.76,2.69,2.67,2.67,2.65,2.59,2.53,0,0,0,0,0,0,0,0,0,0,0,0,0,0,0,0,0,0,-4.83,-4.83,-4.83,-4.82,-4.82,-4.81,-4.81,-4.80,-4.80,-4.79,-4.79,-4.78,-4.78,-4.77,-4.77,-4.76,-4.76,-4.76,-4.75,-4.73,-4.72,-4.70,-4.68,-4.68,-4.75,-4.77,-4.77,-4.73,-4.69,-4.66,0,0,0,0,0,0,0,0,0,0,0,0,0,0,0,0,0,0,0,0,0,0,0,0,0,0,0,0,0,0,0,0,0,0,0,0,0,0,0,0,0,0,0,0,0],
[0,0,0,0,0,0,0,0,0,0,0,0,0,0,0,0,0,0,0,0,0,0,0,0,0,0,0,0,0,0,0,0,0,0,0,0,0,2.76,2.88,3.05,3.22,3.39,3.65,3.95,4.25,4.54,4.59,0,0,0,0,0,4.21,3.91,3.67,3.43,3.18,2.97,2.91,2.84,2.77,2.71,2.67,2.69,2.65,2.59,2.53,2.47,2.42,2.42,0,0,0,0,0,0,0,0,0,0,0,0,0,0,0,-4.83,-4.83,-4.83,-4.82,-4.82,-4.81,-4.81,-4.80,-4.80,-4.79,-4.79,-4.78,-4.78,-4.77,-4.77,-4.77,-4.77,-4.77,-4.76,-4.74,-4.72,-4.70,-4.68,-4.66,-4.72,-4.78,-4.78,-4.76,-4.71,-4.69,0,0,0,0,0,0,0,0,0,0,0,0,0,0,0,0,0,0,0,0,0,0,0,0,0,0,0,0,0,0,0,0,0,0,0,0,0,0,0,0,0,0,0,0,0],
[0,0,0,0,0,0,0,0,0,0,0,0,0,0,0,0,0,0,0,0,0,0,0,0,0,0,0,0,0,0,0,0,0,0,0,0,0,2.76,2.87,3.04,3.21,3.38,3.61,3.91,4.23,4.58,4.66,0,0,0,0,4.37,4.19,3.84,3.61,3.35,3.09,2.97,2.90,2.80,2.76,2.74,2.72,2.69,2.65,2.60,2.56,2.51,2.46,2.42,2.42,0,0,0,0,0,0,0,0,0,0,0,0,0,0,0,-4.83,-4.83,-4.82,-4.82,-4.81,-4.81,-4.80,-4.80,-4.79,-4.79,-4.78,-4.78,-4.78,-4.77,-4.77,-4.77,-4.77,-4.76,-4.74,-4.72,-4.71,-4.69,-4.68,-4.70,-4.75,-4.79,-4.78,-4.74,-4.73,0,0,0,0,0,0,0,0,0,0,0,0,0,0,0,0,0,0,0,0,0,0,0,0,0,0,0,0,0,0,0,0,0,0,0,0,0,0,0,0,0,0,0,0,0],
[0,0,0,0,0,0,0,0,0,0,0,0,0,0,0,0,0,0,0,0,0,0,0,0,0,0,0,0,0,0,0,0,0,0,0,0,2.74,2.75,2.89,3.06,3.22,3.39,3.58,3.94,4.29,4.63,4.90,0,0,0,4.50,4.39,4.14,3.82,3.50,3.18,2.99,2.87,2.76,2.77,2.77,2.75,2.72,2.69,2.64,2.60,2.54,2.50,2.49,2.47,2.43,2.42,0,0,0,0,0,0,0,0,0,0,0,0,0,0,-4.83,-4.83,-4.82,-4.82,-4.81,-4.81,-4.80,-4.80,-4.79,-4.79,-4.79,-4.78,-4.78,-4.78,-4.78,-4.78,-4.78,-4.77,-4.75,-4.73,-4.71,-4.69,-4.71,-4.73,-4.75,-4.79,-4.80,-4.77,0,0,0,0,0,0,0,0,0,0,0,0,0,0,0,0,0,0,0,0,0,0,0,0,0,0,0,0,0,0,0,0,0,0,0,0,0,0,0,0,0,0,0,0,0,0],
[0,0,0,0,0,0,0,0,0,0,0,0,0,0,0,0,0,0,0,0,0,0,0,0,0,0,0,0,0,0,0,0,0,0,0,0,2.73,2.74,2.92,3.09,3.24,3.36,3.48,3.93,4.25,4.72,5.09,5.08,4.91,4.63,4.46,4.21,3.98,3.65,3.32,2.98,2.80,2.77,2.78,2.79,2.79,2.75,2.73,2.69,2.62,2.54,2.50,2.49,2.47,2.46,2.45,2.43,2.42,0,0,0,0,0,0,0,0,0,0,0,0,0,-4.83,-4.83,-4.82,-4.82,-4.81,-4.81,-4.81,-4.80,-4.80,-4.79,-4.79,-4.78,-4.78,-4.78,-4.78,-4.78,-4.78,-4.77,-4.75,-4.73,-4.71,-4.71,-4.73,-4.75,-4.77,-4.79,-4.82,-4.80,0,0,0,0,0,0,0,0,0,0,0,0,0,0,0,0,0,0,0,0,0,0,0,0,0,0,0,0,0,0,0,0,0,0,0,0,0,0,0,0,0,0,0,0,0,0],
[0,0,0,0,0,0,0,0,0,0,0,0,0,0,0,0,0,0,0,0,0,0,0,0,0,0,0,0,0,0,0,0,0,0,0,0,2.72,2.73,2.93,3.08,3.20,3.31,3.43,3.81,4.14,4.45,4.73,4.86,4.75,4.54,4.15,3.94,3.72,3.41,3.09,2.78,2.69,2.73,2.80,2.81,2.80,2.77,2.70,2.62,2.54,2.50,2.49,2.47,2.46,2.45,2.44,2.44,2.44,2.42,0,0,0,0,0,0,0,0,0,0,0,0,-4.83,-4.83,-4.82,-4.82,-4.82,-4.81,-4.81,-4.80,-4.80,-4.80,-4.79,-4.79,-4.78,-4.78,-4.79,-4.79,-4.79,-4.78,-4.76,-4.74,-4.72,-4.73,-4.75,-4.77,-4.79,-4.81,-4.83,-4.83,-4.94,0,0,0,0,0,0,0,0,0,0,0,0,0,0,0,0,0,0,0,0,0,0,0,0,0,0,0,0,0,0,0,0,0,0,0,0,0,0,0,0,0,0,0,0,0],
[0,0,0,0,0,0,0,0,0,0,0,0,0,0,0,0,0,0,0,0,0,0,0,0,0,0,0,0,0,0,0,0,0,0,0,2.71,2.71,2.73,2.95,3.02,3.14,3.26,3.38,3.63,3.91,4.14,4.42,4.44,4.30,4.10,3.87,3.67,3.46,3.15,2.83,2.73,2.72,2.68,2.73,2.81,2.78,2.70,2.62,2.54,2.50,2.49,2.48,2.47,2.47,2.46,2.46,2.45,2.45,2.43,2.42,0,0,0,0,0,0,0,0,0,0,0,-4.83,-4.83,-4.83,-4.82,-4.82,-4.81,-4.81,-4.81,-4.80,-4.80,-4.79,-4.79,-4.79,-4.79,-4.79,-4.79,-4.79,-4.78,-4.76,-4.74,-4.73,-4.75,-4.77,-4.79,-4.81,-4.83,-4.83,-4.90,-5.07,-5.20,0,0,0,0,0,0,0,0,0,0,0,0,0,0,0,0,0,0,0,0,0,0,0,0,0,0,0,0,0,0,0,0,0,0,0,0,0,0,0,0,0,0,0,0],
[0,0,0,0,0,0,0,0,0,0,0,0,0,0,0,0,0,0,0,0,0,0,0,0,0,0,0,0,0,0,0,0,0,0,0,2.70,2.70,2.72,2.93,2.95,3.07,3.20,3.34,3.46,3.61,3.83,4.05,4.02,3.85,3.71,3.55,3.39,3.19,2.89,2.78,2.78,2.78,2.77,2.84,2.82,2.73,2.64,2.54,2.50,2.50,2.49,2.49,2.49,2.48,2.48,2.47,2.47,2.46,2.46,2.43,2.42,0,0,0,0,0,0,0,-3.04,-3.23,-3.42,-3.69,-4.83,-4.83,-4.82,-4.82,-4.82,-4.81,-4.81,-4.80,-4.80,-4.80,-4.79,-4.79,-4.79,-4.79,-4.80,-4.80,-4.78,-4.77,-4.75,-4.76,-4.78,-4.80,-4.82,-4.83,-4.83,-4.83,-4.99,-5.16,-5.32,-5.50,0,0,0,0,0,0,0,0,-6.01,-6.03,-6.05,-6.08,-6.11,0,0,0,0,0,0,0,0,0,0,0,0,0,0,0,0,0,0,0,0,0,0,0,0,0,0,0,0,0,0],
[0,0,0,0,0,0,0,0,0,0,0,0,0,0,0,0,0,0,0,0,0,0,0,0,0,0,0,0,0,0,0,0,0,0,0,2.68,2.70,2.71,2.89,2.92,3.02,3.16,3.29,3.36,3.39,3.52,3.60,3.60,3.51,3.35,3.20,3.05,2.90,2.84,2.84,2.84,2.84,2.83,2.81,2.78,2.69,2.59,2.51,2.51,2.51,2.51,2.51,2.50,2.50,2.49,2.49,2.48,2.48,2.48,2.46,2.43,2.07,1.55,0,0,-1.66,-2.08,-2.58,-2.98,-3.20,-3.42,-3.63,-4.83,-4.83,-4.83,-4.82,-4.82,-4.81,-4.81,-4.81,-4.80,-4.80,-4.80,-4.80,-4.80,-4.80,-4.80,-4.80,-4.79,-4.77,-4.76,-4.78,-4.80,-4.82,-4.83,-4.83,-4.83,-4.91,-5.08,-5.24,-5.45,-5.54,-5.61,-5.68,-5.74,0,0,0,0,-5.99,-6.00,-6.03,-6.05,-6.09,-6.15,-6.16,0,0,0,0,0,0,0,0,0,0,0,-7.41,0,0,0,0,0,0,0,0,0,0,0,0,0,0,0,0,0],
[0,0,0,0,0,0,0,0,0,0,0,0,0,0,0,0,0,0,0,0,0,0,0,0,0,0,0,0,0,0,0,0,0,0,2.67,2.68,2.69,2.71,2.86,2.88,2.93,3.04,3.18,3.25,3.27,3.44,3.44,3.32,3.20,3.10,3.01,2.92,2.84,2.84,2.84,2.84,2.84,2.79,2.77,2.74,2.65,2.51,2.51,2.51,2.51,2.51,2.51,2.51,2.51,2.51,2.50,2.50,2.49,2.50,2.48,2.39,1.99,1.29,0.67,0,-1.60,-1.97,-2.38,-2.90,-3.16,-3.40,-3.67,-4.76,-4.81,-4.83,-4.82,-4.82,-4.82,-4.81,-4.81,-4.80,-4.80,-4.80,-4.80,-4.80,-4.80,-4.80,-4.81,-4.79,-4.78,-4.78,-4.80,-4.82,-4.83,-4.83,-4.83,-4.83,-5.00,-5.17,-5.35,-5.47,-5.60,-5.67,-5.71,-5.76,-5.81,-5.87,0,-5.99,-6.00,-6.01,-6.03,-6.06,-6.10,-6.22,-6.21,0,0,0,0,0,0,0,0,0,0,-7.32,-7.38,-7.49,0,0,0,0,0,0,0,0,0,0,0,0,0,0,0,0],
[0,0,0,0,0,0,0,0,0,0,0,0,0,0,0,0,0,0,0,0,0,0,0,0,0,0,0,0,0,0,0,0,0,0,2.65,2.66,2.69,2.70,2.82,2.84,2.88,2.95,3.07,3.14,3.21,3.29,3.25,3.19,3.15,3.06,2.97,2.87,2.84,2.84,2.84,2.84,2.84,2.78,2.74,2.70,2.59,2.51,2.51,2.51,2.51,2.51,2.51,2.51,2.51,2.51,2.51,2.51,2.51,2.48,2.41,2.29,1.89,1.21,0.52,-0.28,-1.66,-1.87,-2.35,-2.84,-3.19,-3.43,-3.66,-4.74,-4.80,-4.83,-4.83,-4.82,-4.82,-4.81,-4.81,-4.81,-4.81,-4.81,-4.81,-4.81,-4.81,-4.81,-4.81,-4.80,-4.78,-4.80,-4.82,-4.83,-4.83,-4.83,-4.83,-4.92,-5.09,-5.26,-5.39,-5.53,-5.66,-5.71,-5.75,-5.80,-5.85,-5.89,-5.95,-5.99,-6.01,-6.03,-6.05,-6.07,-6.14,-6.31,-6.30,0,0,0,0,0,0,0,0,0,-7.24,-7.28,-7.44,-7.57,-7.61,0,0,0,0,0,0,0,0,0,0,0,0,0,0,0],
[0,0,0,0,0,0,0,0,0,0,0,0,0,0,0,0,0,0,0,0,0,0,0,0,0,0,0,0,0,0,0,0,0,0,2.63,2.65,2.68,2.69,2.79,2.80,2.83,2.90,2.98,2.99,3.09,3.15,3.08,3.15,3.11,3.01,2.92,2.84,2.84,2.84,2.84,2.84,2.82,2.77,2.71,2.65,2.51,2.51,2.51,2.51,2.51,2.51,2.51,2.51,2.51,2.51,2.51,2.51,2.51,2.42,2.32,2.19,1.79,1.14,0.48,-0.18,0,0,0,0,0,0,0,0,-4.83,-4.83,-4.83,-4.83,-4.82,-4.82,-4.81,-4.81,-4.81,-4.81,-4.81,-4.81,-4.81,-4.81,-4.81,-4.80,-4.80,-4.82,-4.83,-4.83,-4.83,-4.83,-4.84,-5.01,-5.17,-5.31,-5.44,-5.59,-5.69,-5.74,-5.79,-5.84,-5.89,-5.93,-5.98,-6.02,-6.04,-6.06,-6.08,-6.10,-6.25,-6.40,-6.47,0,0,0,0,0,0,0,0,-7.16,-7.20,-7.35,-7.51,-7.61,-7.66,0,0,0,0,0,0,0,0,0,0,0,0,0,0,0],
[0,0,0,0,0,0,0,0,0,0,0,0,0,0,0,0,0,0,0,0,0,0,0,0,0,0,0,0,0,0,0,0,0,0,2.61,2.63,2.67,2.73,2.75,2.77,2.79,2.86,2.87,2.90,2.97,2.96,3.02,3.04,3.06,2.97,2.87,2.84,2.84,2.84,2.84,2.84,2.81,2.75,2.69,2.51,2.51,2.51,2.51,2.51,2.51,2.51,2.51,2.51,2.51,2.51,2.51,2.51,2.51,2.37,2.25,2.14,1.83,1.20,0,0,0,0,0,0,0,0,0,0,-4.83,-4.83,-4.83,-4.83,-4.82,-4.82,-4.81,-4.82,-4.82,-4.82,-4.82,-4.82,-4.82,-4.82,-4.82,-4.81,-4.83,-4.83,-4.83,-4.83,-4.83,-4.83,-4.93,-5.09,-5.22,-5.37,-5.53,-5.67,-5.73,-5.78,-5.83,-5.87,-5.92,-5.97,-6.02,-6.07,-6.09,-6.11,-6.13,-6.22,-6.36,-6.46,-6.51,-6.54,0,0,0,0,0,0,-7.08,-7.12,-7.26,-7.44,-7.56,-7.65,-7.72,0,0,0,0,0,0,0,0,0,0,0,0,0,0,0],
[0,0,0,0,0,0,0,0,0,0,0,0,0,0,0,0,0,0,0,0,0,0,0,0,0,0,0,0,0,0,0,0,0,0,2.59,2.62,2.66,2.70,2.72,2.74,2.75,2.79,2.85,2.86,2.85,2.87,2.89,2.92,2.94,2.92,2.84,2.84,2.84,2.84,2.84,2.84,2.84,2.84,2.61,2.51,2.51,2.51,2.51,2.51,2.51,2.51,2.51,2.51,2.51,2.51,2.51,2.51,2.51,2.34,2.20,2.16,0,0,0,0,0,0,0,0,0,0,0,0,0,-4.83,-4.83,-4.83,-4.83,-4.82,-4.82,-4.82,-4.82,-4.82,-4.82,-4.82,-4.82,-4.82,-4.82,-4.83,-4.83,-4.83,-4.83,-4.83,-4.83,-4.85,-5.01,-5.15,-5.30,-5.46,-5.61,-5.70,-5.76,-5.81,-5.86,-5.91,-5.96,-6.00,-6.06,-6.11,-6.13,-6.15,-6.19,-6.34,-6.44,-6.49,-6.53,-6.56,-6.59,0,0,0,0,-6.98,-7.05,-7.18,-7.35,-7.51,-7.60,-7.69,-7.77,-7.79,0,0,0,0,0,0,0,0,0,0,0,0,0,0],
[0,0,0,0,0,0,0,0,0,0,0,0,0,0,0,0,0,0,0,0,0,0,0,0,0,0,0,0,0,0,0,0,0,0,2.59,2.62,2.65,2.67,2.69,2.72,2.74,2.78,2.83,2.81,2.83,2.84,2.84,2.84,2.84,2.84,2.84,2.84,2.84,2.84,2.84,2.81,2.71,2.66,2.54,2.52,2.51,2.51,2.51,2.51,2.51,2.51,2.51,2.51,2.51,2.51,2.51,2.51,2.50,2.33,2.15,2.13,0,0,0,0,0,0,0,0,0,0,0,0,0,0,-4.83,-4.83,-4.83,-4.82,-4.82,-4.82,-4.83,-4.83,-4.83,-4.83,-4.83,-4.83,-4.83,-4.83,-4.83,-4.83,-4.83,-4.83,-4.83,-4.93,-5.08,-5.24,-5.39,-5.55,-5.68,-5.74,-5.80,-5.85,-5.90,-5.94,-5.99,-6.04,-6.10,-6.15,-6.17,-6.19,-6.31,-6.42,-6.47,-6.50,-6.54,-6.58,-6.62,-6.64,-6.79,-6.85,-6.91,-6.96,-7.10,-7.26,-7.43,-7.55,-7.64,-7.72,-7.81,-7.85,0,0,0,0,0,0,0,0,0,0,0,0,0,0],
[0,0,0,0,0,0,0,0,0,0,0,0,0,0,0,0,0,0,0,0,0,0,0,0,0,0,0,0,0,0,0,0,0,0,2.60,2.62,2.66,2.67,2.69,2.71,2.74,2.77,2.79,2.81,2.82,2.83,2.84,2.84,2.84,2.84,2.84,2.84,2.84,2.84,2.84,2.75,2.63,2.59,2.58,2.56,2.51,2.51,2.51,2.51,2.51,2.51,2.51,2.51,2.51,2.51,2.51,2.51,2.47,2.30,2.11,0,0,0,0,0,0,0,0,0,0,0,0,0,0,0,0,-4.83,-4.83,-4.83,-4.83,-4.83,-4.83,-4.83,-4.83,-4.83,-4.83,-4.83,0,0,0,-4.83,-4.83,-4.83,-4.86,-5.01,-5.17,-5.32,-5.48,-5.63,-5.71,-5.77,-5.83,-5.88,-5.93,-5.98,-6.03,-6.09,-6.15,-6.19,-6.22,-6.28,-6.40,-6.44,-6.48,-6.52,-6.56,-6.59,-6.63,-6.67,-6.76,-6.79,-6.82,-7.01,-7.21,-7.41,-7.50,-7.58,-7.67,-7.76,-7.85,-7.91,0,0,0,0,0,0,0,0,0,0,0,0,0,0],
[0,0,0,0,0,0,0,0,0,0,0,0,0,0,0,0,0,0,0,0,0,0,0,0,0,0,0,0,0,0,0,0,0,0,0,2.63,2.66,2.67,2.69,2.71,2.73,2.76,2.79,2.80,2.81,2.82,2.83,2.84,2.84,2.84,2.84,2.84,2.84,2.84,2.79,2.69,2.59,2.62,2.62,2.60,2.55,2.51,2.51,2.51,2.51,2.51,2.51,2.51,2.51,2.51,2.51,2.51,2.45,2.28,2.09,0,0,0,0,0,0,0,0,0,0,0,0,0,0,0,0,0,0,0,-4.83,-4.83,-4.83,-4.83,-4.83,-4.83,0,0,0,0,0,0,0,0,0,0,-5.25,-5.41,-5.57,-5.68,-5.75,-5.81,-5.87,-5.92,-5.97,-6.01,-6.07,-6.13,-6.19,-6.24,-6.26,-6.38,-6.42,-6.46,-6.50,-6.53,-6.57,-6.62,-6.65,-6.69,-6.72,-6.79,-6.95,-7.12,-7.32,-7.48,-7.56,-7.65,-7.73,-7.81,-7.88,-7.96,-7.97,0,0,0,0,0,0,0,0,0,0,0,0,0],
[0,0,0,0,0,0,0,0,0,0,0,0,0,0,0,0,0,0,0,0,0,0,0,0,0,0,0,0,0,0,0,0,0,0,0,0,2.67,2.67,2.69,2.71,2.73,2.76,2.78,2.79,2.80,2.81,2.82,2.83,2.84,2.84,2.84,2.84,2.84,2.83,2.73,2.63,2.61,2.64,2.65,2.64,2.59,2.54,2.51,2.51,2.51,2.51,2.51,2.51,2.51,2.51,2.51,2.51,2.42,2.25,2.09,0,0,0,0,0,0,0,0,0,0,0,0,0,0,0,0,0,0,0,0,0,0,0,0,0,0,0,0,0,0,0,0,0,0,0,0,0,-5.67,-5.75,-5.78,-5.84,-5.90,-5.95,-6.00,-6.06,-6.11,-6.17,-6.23,-6.28,-6.36,-6.40,-6.43,-6.48,-6.52,-6.56,-6.60,-6.64,-6.67,-6.70,-6.75,-6.90,-7.09,-7.25,-7.44,-7.54,-7.63,-7.70,-7.76,-7.83,-7.90,-7.98,-8.02,0,0,0,0,0,0,0,0,0,0,0,0,0],
[0,0,0,0,0,0,0,0,0,0,0,0,0,0,0,0,0,0,0,0,0,0,0,0,0,0,0,0,0,0,0,0,0,0,0,0,2.67,2.67,2.69,2.71,2.73,2.77,2.78,2.78,2.79,2.80,2.81,2.82,2.83,2.84,2.84,2.84,2.84,2.79,2.72,2.64,2.63,2.66,2.69,2.69,2.64,2.59,2.54,2.51,2.51,2.51,2.51,2.51,2.51,2.51,2.51,2.51,2.40,2.23,2.09,0,0,0,0,0,0,0,0,0,0,0,0,0,0,0,0,0,0,0,0,0,0,0,0,0,0,0,0,0,0,0,0,0,0,0,0,0,0,-5.83,-5.91,-5.90,-5.93,-5.99,-6.04,-6.09,-6.15,-6.21,-6.28,-6.34,-6.38,-6.42,-6.46,-6.50,-6.55,-6.59,-6.62,-6.65,-6.68,-6.72,-6.84,-7.00,-7.19,-7.37,-7.51,-7.58,-7.64,-7.71,-7.77,-7.84,-7.92,-8.00,-8.07,0,0,0,0,0,0,0,0,0,0,0,0,0],
[0,0,0,0,0,0,0,0,0,0,0,0,0,0,0,0,0,0,0,0,0,0,0,0,0,0,0,0,0,0,0,0,0,0,0,2.67,2.67,2.67,2.69,2.71,2.74,2.76,2.77,2.78,2.79,2.80,2.81,2.82,2.83,2.84,2.84,2.84,2.84,2.79,2.74,2.67,2.66,2.68,2.70,2.72,2.68,2.63,2.58,2.53,2.51,2.51,2.51,2.51,2.51,2.51,2.52,2.51,2.41,2.24,2.07,2.07,0,0,0,0,0,0,0,0,0,0,0,0,0,0,0,0,0,0,0,0,0,0,0,0,0,0,0,0,0,0,0,0,0,0,0,0,0,0,0,-5.97,-6.00,-6.04,-6.07,-6.13,-6.18,-6.23,-6.31,-6.36,-6.41,-6.45,-6.49,-6.53,-6.58,-6.61,-6.64,-6.66,-6.70,-6.80,-6.94,-7.10,-7.28,-7.47,-7.53,-7.59,-7.66,-7.72,-7.79,-7.86,-7.94,-8.02,-8.11,-8.13,0,0,0,0,0,0,0,0,0,0,0,0],
[0,0,0,0,0,0,0,0,0,0,0,0,0,0,0,0,0,0,0,0,0,0,0,0,0,0,0,0,0,0,0,0,0,0,0,2.67,2.67,2.67,2.69,2.71,2.74,2.75,2.76,2.77,2.78,2.79,2.80,2.81,2.82,2.83,2.84,2.84,2.82,2.78,2.73,2.69,2.69,2.71,2.73,2.75,2.72,2.67,2.62,2.57,2.52,2.51,2.51,2.52,2.52,2.53,2.53,2.48,2.38,2.25,2.08,2.06,0,0,0,0,0,0,0,0,0,0,0,0,0,0,0,0,0,0,0,0,0,0,0,0,0,0,0,0,0,0,0,0,0,0,0,0,0,0,0,0,0,-6.06,-6.08,-6.12,-6.19,-6.27,-6.35,-6.39,-6.43,-6.48,-6.52,-6.56,-6.59,-6.62,-6.65,-6.68,-6.76,-6.90,-7.04,-7.20,-7.38,-7.51,-7.55,-7.61,-7.67,-7.74,-7.80,-7.88,-7.96,-8.05,-8.13,-8.18,0,0,0,0,0,0,0,0,0,0,0,0],
[0,0,0,0,0,0,0,0,0,0,0,0,0,0,0,0,0,0,0,0,0,0,0,0,0,0,0,0,0,0,0,0,0,0,0,2.67,2.67,2.67,2.69,2.71,2.73,2.74,2.75,2.76,2.77,2.78,2.79,2.80,2.81,2.82,2.83,2.84,2.82,2.80,2.78,2.76,2.73,2.72,2.74,2.76,2.77,2.72,2.67,2.62,2.58,2.54,2.53,2.53,2.54,2.54,2.55,2.45,2.35,2.26,2.09,2.04,0,0,0,0,0,0,0,0,0,0,0,0,0,0,0,0,0,0,0,0,0,0,0,0,0,0,0,0,0,0,0,0,0,0,0,0,0,0,0,0,0,0,-6.14,-6.17,-6.24,-6.32,-6.39,-6.42,-6.46,-6.51,-6.55,-6.58,-6.60,-6.63,-6.66,-6.71,-6.86,-7.00,-7.14,-7.30,-7.48,-7.53,-7.58,-7.62,-7.68,-7.75,-7.82,-7.90,-7.99,-8.07,-8.15,-8.23,0,0,0,0,0,0,0,0,0,0,0,0],
[0,0,0,0,0,0,0,0,0,0,0,0,0,0,0,0,0,0,0,0,0,0,0,0,0,0,0,0,0,0,0,0,0,0,2.67,2.67,2.67,2.67,2.69,2.71,2.72,2.73,2.74,2.75,2.76,2.77,2.78,2.79,2.79,2.80,2.81,2.81,2.82,2.83,2.84,2.83,2.81,2.79,2.77,2.77,2.79,2.77,2.72,2.67,2.63,2.60,2.57,2.55,2.56,2.56,2.52,2.42,2.32,2.23,2.10,2.03,0,0,0,0,0,0,0,0,0,0,0,0,0,0,0,0,0,0,0,0,0,0,0,0,0,0,0,0,0,0,0,0,0,0,0,0,0,0,0,0,0,0,0,-6.22,-6.29,-6.36,-6.41,-6.45,-6.49,-6.53,-6.56,-6.59,-6.62,-6.65,-6.68,-6.81,-6.95,-7.10,-7.24,-7.40,-7.51,-7.56,-7.60,-7.64,-7.70,-7.76,-7.84,-7.92,-8.01,-8.09,-8.18,-8.24,0,0,0,0,0,0,0,0,0,0,0,0],
[0,0,0,0,0,0,0,0,0,0,0,0,0,0,0,0,0,0,0,0,0,0,0,0,0,0,0,0,0,0,0,0,0,0,2.67,2.67,2.67,2.67,2.69,2.70,2.71,2.72,2.73,2.74,2.74,2.75,2.76,2.76,2.77,2.78,2.78,2.79,2.80,2.80,2.81,2.82,2.83,2.83,2.84,2.82,2.80,2.81,2.76,2.73,2.69,2.66,2.62,2.59,2.57,2.58,2.49,2.39,2.29,2.20,2.10,2.02,0,0,0,0,0,0,0,0,0,0,0,0,0,0,0,0,0,0,0,0,0,0,0,0,0,0,0,0,0,0,0,0,0,0,0,0,0,0,0,0,0,0,0,-6.27,-6.33,-6.38,-6.44,-6.48,-6.52,-6.55,-6.57,-6.60,-6.63,-6.66,-6.77,-6.91,-7.05,-7.19,-7.34,-7.50,-7.54,-7.58,-7.62,-7.67,-7.71,-7.78,-7.86,-7.95,-8.03,-8.12,-8.20,-8.24,0,0,0,0,0,0,0,0,0,0,0,0],
[0,0,0,0,0,0,0,0,0,0,0,0,0,0,0,0,0,0,0,0,0,0,0,0,0,0,0,0,0,0,0,0,0,0,2.67,2.67,2.67,2.67,2.68,2.68,2.69,2.70,2.71,2.71,2.72,2.73,2.73,2.74,2.75,2.75,2.76,2.77,2.77,2.78,2.79,2.80,2.80,2.81,2.82,2.82,2.83,2.84,2.82,2.79,2.75,2.72,2.68,2.65,2.61,2.56,2.46,2.36,2.26,2.17,2.07,2.01,0,0,0,0,0,0,0,0,0,0,0,0,0,0,0,0,0,0,0,0,0,0,0,0,0,0,0,0,0,0,0,0,0,0,0,0,0,0,0,0,0,0,0,-6.33,-6.36,-6.41,-6.46,-6.50,-6.53,-6.56,-6.59,-6.62,-6.64,-6.73,-6.87,-7.01,-7.15,-7.29,-7.43,-7.52,-7.56,-7.60,-7.65,-7.69,-7.73,-7.80,-7.89,-7.97,-8.06,-8.14,-8.24,-8.24,0,0,0,0,0,0,0,0,0,0,0,0],
[0,0,0,0,0,0,0,0,0,0,0,0,0,0,0,0,0,0,0,0,0,0,0,0,0,0,0,0,0,0,0,0,0,0,2.67,2.68,2.68,2.68,2.69,2.70,2.71,2.72,2.74,2.77,2.77,2.78,2.79,2.80,2.80,2.81,2.82,2.82,2.83,2.84,2.84,2.85,2.86,2.86,2.87,2.84,2.85,2.86,2.87,2.81,2.78,2.74,2.71,2.67,2.64,2.59,2.43,2.32,2.22,2.12,2.01,2.01,2.01,0,0,0,0,0,0,0,0,0,0,0,0,0,0,0,0,0,0,0,0,0,0,0,0,0,0,0,0,0,0,0,0,0,0,0,0,0,0,0,0,0,0,-6.39,-6.42,-6.47,-6.52,-6.55,-6.58,-6.61,-6.64,-6.67,-6.67,-6.81,-6.96,-7.10,-7.24,-7.39,-7.50,-7.53,-7.57,-7.61,-7.66,-7.70,-7.80,-7.89,-7.97,-8.06,-8.14,-8.22,-8.28,0,0,0,0,0,0,0,0,0,0,0,0,0],
[0,0,0,0,0,0,0,0,0,0,0,0,0,0,0,0,0,0,0,0,0,0,0,0,0,0,0,0,0,0,0,0,0,0,2.68,2.69,2.69,2.69,2.69,2.70,2.71,2.72,2.73,2.74,2.75,2.76,2.79,2.82,2.84,2.86,2.87,2.88,2.88,2.89,2.90,2.89,2.84,2.85,2.86,2.87,2.88,2.89,2.89,2.86,2.80,2.77,2.73,2.70,2.66,2.61,2.46,2.29,2.17,2.06,2.01,1.99,1.59,1.24,0,0,0,0,0,0,0,0,0,0,0,0,0,0,0,0,0,0,0,0,0,0,0,0,0,0,0,0,0,0,0,0,0,0,0,0,0,0,0,0,0,-6.45,-6.48,-6.53,-6.58,-6.60,-6.64,-6.67,-6.69,-6.70,-6.73,-6.89,-7.04,-7.19,-7.34,-7.48,-7.52,-7.56,-7.59,-7.62,-7.67,-7.78,-7.88,-7.97,-8.05,-8.14,-8.21,-8.29,-8.31,0,0,0,0,0,0,0,0,0,0,0,0,0],
[0,0,0,0,0,0,0,0,0,0,0,0,0,0,0,0,0,0,0,0,0,0,0,0,0,0,0,0,0,0,0,0,0,0,2.69,2.70,2.70,2.70,2.70,2.71,2.72,2.73,2.74,2.75,2.76,2.77,2.78,2.79,2.80,2.81,2.84,2.87,2.90,2.92,2.87,2.85,2.86,2.87,2.88,2.89,2.90,2.91,2.92,2.93,2.86,2.80,2.76,2.72,2.69,2.57,2.39,2.22,2.11,2.01,1.92,1.62,1.34,0.99,0.55,0,0,0,0,0,0,0,0,0,0,0,0,0,0,0,0,0,0,0,0,0,0,0,0,0,0,0,0,0,0,0,0,0,0,0,0,0,0,0,0,-6.50,-6.54,-6.59,-6.64,-6.64,-6.69,-6.72,-6.72,-6.70,-6.81,-6.96,-7.12,-7.27,-7.42,-7.51,-7.55,-7.58,-7.61,-7.65,-7.74,-7.88,-7.97,-8.05,-8.13,-8.20,-8.27,-8.36,-8.35,0,0,0,0,0,0,0,0,0,0,0,0,0],
[0,0,0,0,0,0,0,0,0,0,0,0,0,0,0,0,0,0,0,0,0,0,0,0,0,0,0,0,0,0,0,0,0,0,0,2.71,2.71,2.71,2.71,2.72,2.73,2.74,2.75,2.76,2.77,2.78,2.79,2.80,2.81,2.82,2.83,2.84,2.90,2.98,2.95,2.93,2.91,2.90,2.91,2.92,2.93,2.94,2.95,2.95,2.92,2.86,2.80,2.75,2.68,2.50,2.33,2.16,2.02,1.91,1.67,1.41,1.04,0.67,0.21,-0.28,-0.77,0,0,0,0,0,0,0,0,0,0,0,0,0,0,0,0,0,0,0,0,0,0,0,0,0,0,0,0,0,0,0,0,0,0,0,0,0,0,-6.57,-6.60,-6.65,-6.70,-6.69,-6.73,-6.74,-6.72,-6.74,-6.89,-7.04,-7.19,-7.35,-7.49,-7.53,-7.57,-7.60,-7.63,-7.69,-7.85,-7.96,-8.04,-8.12,-8.19,-8.26,-8.35,-8.39,0,0,0,0,0,0,0,0,0,0,0,0,0,0],
[0,0,0,0,0,0,0,0,0,0,0,0,0,0,0,0,0,0,0,0,0,0,0,0,0,0,0,0,0,0,0,0,0,0,0,2.72,2.72,2.72,2.71,2.72,2.73,2.74,2.75,2.76,2.77,2.78,2.79,2.80,2.81,2.82,2.83,2.88,2.94,3.00,3.02,3.01,2.99,2.97,2.95,2.94,2.95,2.96,2.97,2.98,2.99,2.92,2.86,2.79,2.63,2.46,2.28,2.08,1.93,1.72,1.51,1.10,0.74,0.30,-0.18,-0.64,-1.16,-1.68,0,0,0,0,0,0,0,0,0,0,0,0,0,0,0,0,0,0,0,0,0,0,0,0,0,0,0,0,0,0,0,0,0,0,0,0,0,0,-6.66,-6.71,-6.75,-6.73,-6.77,-6.75,-6.73,-6.82,-6.97,-7.12,-7.27,-7.42,-7.51,-7.55,-7.59,-7.62,-7.66,-7.79,-7.92,-8.02,-8.10,-8.18,-8.25,-8.33,-8.38,-8.41,0,0,0,0,0,0,0,0,0,0,0,0,0,0],
[0,0,0,0,0,0,0,0,0,0,0,0,0,0,0,0,0,0,0,0,0,0,0,0,0,0,0,0,0,0,0,0,0,0,0,2.73,2.73,2.73,2.72,2.73,2.74,2.75,2.76,2.77,2.78,2.79,2.80,2.81,2.82,2.83,2.85,2.93,2.99,3.02,3.05,3.08,3.07,3.05,3.03,3.00,2.98,2.99,3.00,3.00,3.02,2.96,2.88,2.80,2.62,2.40,2.22,2.02,1.84,1.60,1.20,0.79,0.40,-0.08,-0.56,-1.02,-1.54,-2.10,-2.68,0,0,0,0,-4.16,0,0,0,0,0,0,0,0,0,0,0,0,0,0,0,0,0,0,0,0,0,0,0,0,0,0,0,0,0,0,0,0,-6.73,-6.77,-6.80,-6.78,-6.78,-6.75,-6.74,-6.90,-7.04,-7.19,-7.34,-7.49,-7.53,-7.57,-7.60,-7.64,-7.74,-7.86,-7.98,-8.07,-8.16,-8.24,-8.30,-8.33,0,0,0,0,0,0,0,0,0,0,0,0,0,0,0,0],
[0,0,0,0,0,0,0,0,0,0,0,0,0,0,0,0,0,0,0,0,0,0,0,0,0,0,0,0,0,0,0,0,0,0,0,0,2.74,2.73,2.72,2.73,2.74,2.75,2.77,2.78,2.79,2.80,2.81,2.82,2.83,2.84,2.90,2.97,3.02,3.04,3.06,3.12,3.15,3.13,3.11,3.08,3.06,3.04,3.03,3.05,3.06,3.02,2.90,2.82,2.60,2.42,2.22,2.05,1.88,1.30,0.88,0.48,0.02,-0.46,-0.94,-1.40,-2.00,-2.56,-3.11,-3.68,-4.09,-4.11,-4.13,-4.16,-4.19,-4.22,-4.24,0,0,0,0,0,0,0,0,0,0,0,0,0,0,0,0,0,0,0,0,0,0,0,0,0,0,0,0,0,-6.80,-6.83,-6.84,-6.81,-6.79,-6.77,-6.82,-6.97,-7.12,-7.27,-7.42,-7.51,-7.55,-7.59,-7.64,-7.73,-7.86,-7.95,-8.03,-8.12,-8.20,-8.25,0,0,0,0,0,0,0,0,0,0,0,0,0,0,0,0,0,0],
[0,0,0,0,0,0,0,0,0,0,0,0,0,0,0,0,0,0,0,0,0,0,0,0,0,0,0,0,0,0,0,0,0,0,0,0,2.75,2.74,2.73,2.74,2.75,2.76,2.77,2.78,2.79,2.80,2.81,2.82,2.83,2.86,2.95,3.01,3.03,3.05,3.07,3.12,3.18,3.21,3.19,3.16,3.13,3.09,3.09,3.09,3.11,3.10,2.96,2.83,2.64,2.47,2.30,0,0,0,0.58,0.12,-0.35,-0.84,-1.32,-1.84,-2.47,-3.02,-3.57,-4.09,-4.12,-4.16,-4.18,-4.20,-4.22,-4.23,-4.24,-4.25,-4.31,-4.36,-4.41,0,0,0,0,0,0,0,0,0,0,0,0,0,0,0,0,0,0,0,0,0,0,0,0,0,0,-6.90,-6.87,-6.84,-6.82,-6.81,-6.90,-7.05,-7.19,-7.34,-7.49,-7.53,-7.59,-7.64,-7.71,-7.84,-7.92,-7.99,-8.07,-8.15,-8.18,0,0,0,0,0,0,0,0,0,0,0,0,0,0,0,0,0,0,0],
[0,0,0,0,0,0,0,0,0,0,0,0,0,0,0,0,0,0,0,0,0,0,0,0,0,0,0,0,0,0,0,0,0,0,0,0,2.76,2.75,2.74,2.75,2.76,2.77,2.78,2.79,2.80,2.81,2.82,2.83,2.84,2.91,2.99,3.05,3.07,3.09,3.11,3.14,3.19,3.25,3.27,3.22,3.18,3.15,3.14,3.15,3.16,3.17,3.08,2.93,0,0,0,0,0,0,0,-0.25,-0.78,-1.28,-1.74,-2.28,-2.91,-3.42,-4.11,-4.13,-4.18,-4.19,-4.21,-4.22,-4.24,-4.25,-4.25,-4.26,-4.27,-4.32,-4.38,-4.36,-4.32,0,0,0,0,0,0,0,0,0,0,0,0,0,0,0,0,0,0,0,0,0,0,0,-6.68,-6.76,-6.87,-6.84,-6.86,-6.84,-6.98,-7.12,-7.27,-7.42,-7.53,-7.59,-7.65,-7.70,-7.83,-7.90,-7.96,-8.03,-8.09,-8.12,0,0,0,0,0,0,0,0,0,0,0,0,0,0,0,0,0,0,0,0],
[0,0,0,0,0,0,0,0,0,0,0,0,0,0,0,0,0,0,0,0,0,0,0,0,0,0,0,0,0,0,0,0,0,0,0,2.42,2.70,2.75,2.74,2.75,2.76,2.77,2.78,2.79,2.80,2.81,2.82,2.83,2.84,2.92,3.03,3.12,3.14,3.16,3.17,3.19,3.22,3.26,3.28,3.29,3.31,3.25,3.24,3.26,3.22,3.17,3.17,0,0,0,0,0,0,0,0,0,0,-1.68,-2.20,-2.67,-3.27,-3.79,-4.13,-4.21,-4.24,-4.25,-4.27,-4.28,-4.29,-4.26,-4.25,-4.27,-4.29,-4.31,-4.32,-4.31,-4.30,-4.26,0,0,0,0,0,0,0,0,0,0,0,0,0,0,0,0,0,0,0,0,0,0,-6.62,-6.64,-6.77,-6.84,-6.88,-6.91,-7.05,-7.20,-7.34,-7.48,-7.57,-7.65,-7.70,-7.80,-7.87,-7.94,-7.98,-8.03,0,0,0,0,0,0,0,0,0,0,0,0,0,0,0,0,0,0,0,0,0,0],
[0,0,0,0,0,0,0,0,0,0,0,0,0,0,0,0,0,0,0,0,0,0,0,0,0,0,0,0,0,0,0,0,0,0,1.73,2.16,2.63,2.76,2.75,2.76,2.77,2.78,2.79,2.80,2.81,2.82,2.82,2.83,2.84,2.93,3.04,3.14,3.21,3.22,3.24,3.26,3.27,3.29,3.30,3.32,3.34,3.35,3.32,3.27,3.21,3.20,0,0,0,0,0,0,0,0,0,0,0,0,-2.59,-3.11,-3.64,-4.14,-4.21,-4.28,-4.29,-4.31,-4.32,-4.30,-4.27,-4.25,-4.26,-4.28,-4.30,-4.32,-4.31,-4.28,-4.25,-4.23,-4.20,-4.16,0,0,0,0,0,0,0,0,0,0,0,0,0,0,0,0,0,0,-6.33,-6.49,-6.52,-6.52,-6.53,-6.77,-6.84,-6.97,-7.12,-7.26,-7.40,-7.52,-7.61,-7.70,-7.77,-7.83,-7.87,-7.92,0,0,0,0,0,0,0,0,0,0,0,0,0,0,0,0,0,0,0,0,0,0,0,0],
[0,0,0,0,0,0,0,0,0,0,0,0,0,0,0,0,0,0,0,0,0,0,0,0,0,0,0,0,0,0,0,0,0.88,1.10,1.53,2.07,2.49,2.74,2.76,2.77,2.78,2.78,2.79,2.80,2.81,2.82,2.82,2.83,2.84,2.95,3.05,3.14,3.23,3.29,3.30,3.32,3.34,3.35,3.37,3.38,3.38,3.39,3.35,3.26,3.26,0,0,0,0,0,0,0,0,0,0,0,0,0,0,0,-4.16,-4.22,-4.32,-4.33,-4.35,-4.33,-4.30,-4.28,-4.25,-4.26,-4.28,-4.30,-4.32,-4.31,-4.28,-4.26,-4.23,-4.20,-4.17,-4.17,0,0,0,0,0,0,0,0,0,0,0,0,0,0,0,0,0,-5.67,-6.04,-6.36,-6.46,-6.54,-6.61,-6.71,-6.85,-6.99,-7.14,-7.28,-7.42,-7.54,-7.62,-7.71,-7.76,0,0,0,0,0,0,0,0,0,0,0,0,0,0,0,0,0,0,0,0,0,0,0,0,0,0,0],
[0,0,0,0,0,0,0,0,0,0,0,0,0,0,0,0.60,0.58,0.56,0.54,0.52,0.51,0.47,0,0,0,0,0,0,0,0.26,0.40,0.55,0.81,1.10,1.61,2.05,2.45,2.68,2.76,2.77,2.78,2.79,2.79,2.80,2.81,2.82,2.83,2.83,2.85,2.96,3.05,3.14,3.23,3.32,3.37,3.38,3.40,3.41,3.41,3.42,3.42,3.42,3.36,3.29,0,0,0,0,0,0,0,0,0,0,0,0,0,0,0,0,-4.28,-4.33,-4.37,-4.37,-4.34,-4.31,-4.28,-4.26,-4.25,-4.27,-4.29,-4.31,-4.31,-4.28,-4.24,-4.21,-4.18,-4.15,-4.16,-4.18,-4.20,0,0,0,0,0,0,0,0,-4.24,-4.23,-4.20,-4.16,-4.16,-4.16,-4.10,-4.79,-5.29,-5.75,-6.10,-6.36,-6.46,-6.56,0,0,0,0,0,0,0,0,0,0,0,0,0,0,0,0,0,0,0,0,0,0,0,0,0,0,0,0,0,0,0,0,0,0,0,0,0],
[0,0,0,0,0,0,0,0,0,0,0,0,0.69,0.67,0.64,0.61,0.59,0.56,0.49,0.45,0.42,0.40,0.37,0.31,0.26,0.26,0.26,0.26,0.26,0.28,0.36,0.52,0.68,0.76,1.51,2.00,2.37,2.62,2.78,2.78,2.78,2.79,2.79,2.80,2.81,2.82,2.83,2.83,2.86,2.96,3.05,3.14,3.23,3.31,3.42,3.42,3.42,3.42,3.42,3.42,0,0,0,0,0,0,0,0,0,0,0,0,0,0,0,0,0,0,0,0,-4.41,-4.40,-4.38,-4.35,-4.33,-4.30,-4.28,-4.26,-4.27,-4.29,-4.31,-4.31,-4.26,-4.22,-4.19,-4.16,-4.12,-4.14,-4.17,-4.19,-4.21,-4.22,0,0,0,0,0,0,-4.24,-4.24,-4.23,-4.21,-4.18,-4.15,-4.15,-4.13,-4.40,-4.89,-5.40,-5.84,-6.13,0,0,0,0,0,0,0,0,0,0,0,0,0,0,0,0,0,0,0,0,0,0,0,0,0,0,0,0,0,0,0,0,0,0,0,0,0,0,0],
[0,0,0,0,0,0,0,0,0,0,0.75,0.73,0.70,0.68,0.65,0.62,0.60,0.59,0.59,0.55,0.49,0.43,0.36,0.29,0.26,0.34,0.39,0.44,0.46,0.42,0.34,0.50,0.63,0.90,0,0,0,0,2.82,2.83,2.83,2.83,2.83,2.84,2.84,2.84,2.84,2.84,2.84,2.91,3.01,3.11,3.26,3.38,3.40,0,0,0,0,0,0,0,0,0,0,0,0,0,0,0,0,0,0,0,0,0,0,0,0,0,-4.41,-4.41,-4.40,-4.37,-4.35,-4.32,-4.30,-4.30,-4.30,-4.31,-4.31,-4.26,-4.21,-4.17,-4.13,-4.11,-4.13,-4.15,-4.17,-4.20,-4.22,-4.24,-4.24,-4.24,-4.24,-4.24,-4.24,-4.24,-4.24,-4.23,-4.21,-4.20,-4.18,-4.15,-4.14,-4.13,-4.08,-4.57,-4.99,-5.14,0,0,0,0,0,0,0,0,0,0,0,0,0,0,0,0,0,0,0,0,0,0,0,0,0,0,0,0,0,0,0,0,0,0,0,0,0,0,0,0],
[0,0,0,0,0,0,0,0,0,0.76,0.75,0.74,0.71,0.69,0.66,0.63,0.61,0.59,0.59,0.59,0.55,0.46,0.37,0.28,0.26,0.31,0.50,0.61,0.59,0.52,0.37,0.43,0,0,0,0,0,0,2.84,2.84,2.84,2.84,2.84,2.86,2.89,2.91,2.77,2.71,2.77,2.92,3.07,3.21,3.34,0,0,0,0,0,0,0,0,0,0,0,0,0,0,0,0,0,0,0,0,0,0,0,0,0,0,0,-4.41,-4.41,-4.41,-4.40,-4.37,-4.35,-4.34,-4.34,-4.34,-4.31,-4.26,-4.21,-4.16,-4.11,-4.09,-4.12,-4.14,-4.16,-4.18,-4.20,-4.23,-4.24,-4.24,-4.24,-4.24,-4.24,-4.24,-4.24,-4.23,-4.21,-4.20,-4.19,-4.17,-4.16,-4.13,-4.12,-4.08,-4.63,-4.69,0,0,0,0,0,0,0,0,0,0,0,0,0,0,0,0,0,0,0,0,0,0,0,0,0,0,0,0,0,0,0,0,0,0,0,0,0,0,0,0,0],
[0,0,0,0,0,0,0,0,0,0.76,0.75,0.73,0.72,0.70,0.67,0.65,0.62,0.59,0.59,0.59,0.54,0.45,0.35,0.28,0.24,0.26,0.41,0.61,0.67,0.61,0,0,0,0,0,0,0,0,0,0,0,0,2.84,2.84,2.80,2.76,2.71,2.67,0,0,0,0,0,0,0,0,0,0,0,0,0,0,0,0,0,0,0,0,0,0,0,0,0,0,0,0,0,0,0,0,-4.41,-4.41,-4.41,-4.41,-4.39,-4.38,-4.37,-4.34,-4.30,-4.25,-4.20,-4.16,-4.11,-4.08,-4.10,-4.12,-4.15,-4.17,-4.19,-4.21,-4.24,-4.24,-4.24,-4.24,-4.24,-4.24,-4.24,-4.24,-4.23,-4.21,-4.19,-4.17,-4.16,-4.15,-4.13,-4.11,-4.08,-4.08,0,0,0,0,0,0,0,0,0,0,0,0,0,0,0,0,0,0,0,0,0,0,0,0,0,0,0,0,0,0,0,0,0,0,0,0,0,0,0,0,0,0],
[0,0,0,0,0,0,0,0,0,0.76,0.74,0.73,0.71,0.69,0.68,0.66,0.63,0.60,0.59,0.59,0.52,0.43,0.34,0.28,0.23,0.26,0.29,0.48,0.66,0,0,0,0,0,0,0,0,0,0,0,0,0,0,0,0,0,0,0,0,0,0,0,0,0,0,0,0,0,0,0,0,0,0,0,0,0,0,0,0,0,0,0,0,0,0,0,0,0,0,0,-4.41,-4.41,-4.41,-4.41,-4.39,-4.36,-4.32,-4.29,-4.25,-4.20,-4.15,-4.10,-4.06,-4.09,-4.11,-4.13,-4.16,-4.18,-4.20,-4.23,-4.24,-4.24,-4.24,-4.24,-4.24,-4.24,-4.24,-4.23,-4.22,-4.21,-4.19,-4.17,-4.15,-4.14,-4.12,-4.10,-4.08,-4.08,0,0,0,0,0,0,0,0,0,0,0,0,0,0,0,0,0,0,0,0,0,0,0,0,0,0,0,0,0,0,0,0,0,0,0,0,0,0,0,0,0,0],
[0,0,0,0,0,0,0,0,0.76,0.75,0.74,0.72,0.71,0.69,0.67,0.66,0.64,0.62,0.59,0.59,0.51,0.42,0.34,0.28,0.22,0.24,0.26,0,0,0,0,0,0,0,0,0,0,0,0,0,0,0,0,0,0,0,0,0,0,0,0,0,0,0,0,0,0,0,0,0,0,0,0,0,0,0,0,0,0,0,0,0,0,0,0,0,0,0,0,0,-4.41,-4.41,-4.40,-4.37,-4.34,-4.31,-4.28,-4.24,-4.20,-4.14,-4.09,-4.04,-4.07,-4.10,-4.12,-4.14,-4.17,-4.19,-4.21,-4.24,-4.24,-4.24,-4.24,-4.24,-4.24,-4.24,-4.24,-4.23,-4.22,-4.21,-4.19,-4.17,-4.15,-4.13,-4.11,-4.10,-4.08,-4.08,0,0,0,0,0,0,0,0,0,0,0,0,0,0,0,0,0,0,0,0,0,0,0,0,0,0,0,0,0,0,0,0,0,0,0,0,0,0,0,0,0,0],
[0,0,0,0,0,0,0,0,0.76,0.75,0.73,0.72,0.70,0.69,0.67,0.65,0.64,0.62,0.60,0.57,0.49,0.40,0.34,0.28,0.22,0.23,0.24,0,0,0,0,0,0,0,0,0,0,0,0,0,0,0,0,0,0,0,0,0,0,0,0,0,0,0,0,0,0,0,0,0,0,0,0,0,0,0,0,0,0,0,0,0,0,0,0,0,0,0,0,0,-4.41,-4.40,-4.33,-4.30,-4.28,-4.25,-4.23,-4.19,-4.14,-4.09,-4.04,-4.04,-4.08,-4.11,-4.13,-4.15,-4.18,-4.20,-4.24,-4.24,-4.24,-4.24,-4.24,-4.24,-4.24,-4.24,-4.23,-4.22,-4.21,-4.20,-4.19,-4.17,-4.15,-4.13,-4.11,-4.09,-4.08,-4.08,-4.08,0,0,0,0,0,0,0,0,0,0,0,0,0,0,0,0,0,0,0,0,0,0,0,0,0,0,0,0,0,0,0,0,0,0,0,0,0,0,0,0,0],
[0,0,0,0,0,0,0,0,0.76,0.75,0.73,0.71,0.70,0.68,0.66,0.65,0.63,0.62,0.60,0.56,0.48,0.40,0.34,0.28,0.23,0.21,0.22,0,0,0,0,0,0,0,0,0,0,0,0,0,0,0,0,0,0,0,0,0,0,0,0,0,0,0,0,0,0,0,0,0,0,0,0,0,0,0,0,0,0,0,0,0,0,0,0,0,0,0,0,0,-4.40,-4.34,-4.28,-4.24,-4.21,-4.19,-4.16,-4.13,-4.09,-4.03,-4.02,-4.05,-4.09,-4.12,-4.14,-4.16,-4.19,-4.23,-4.24,-4.24,-4.24,-4.24,-4.24,-4.24,-4.24,-4.24,-4.23,-4.22,-4.21,-4.20,-4.19,-4.17,-4.15,-4.13,-4.11,-4.10,-4.09,-4.08,-4.08,-4.08,-4.08,0,0,0,0,0,0,0,0,0,0,0,0,0,0,0,0,0,0,0,0,0,0,0,0,0,0,0,0,0,0,0,0,0,0,0,0,0,0,0],
[0,0,0,0,0,0,0,0.76,0.76,0.74,0.72,0.71,0.69,0.68,0.66,0.65,0.64,0.62,0.60,0.55,0.48,0.40,0.34,0.28,0.23,0.20,0.20,0,0,0,0,0,0,0,0,0,0,0,0,0,0,0,0,0,0,0,0,0,0,0,0,0,0,0,0,0,0,0,0,0,0,0,0,0,0,0,0,0,0,0,0,0,0,0,0,0,0,0,0,0,-4.33,-4.28,-4.22,-4.17,-4.15,-4.12,-4.09,-4.05,-4.01,-4.00,-4.03,-4.06,-4.10,-4.13,-4.15,-4.17,-4.21,-4.24,-4.24,-4.24,-4.24,-4.24,-4.24,-4.24,-4.24,-4.23,-4.22,-4.21,-4.20,-4.19,-4.18,-4.17,-4.15,-4.13,-4.12,-4.11,-4.07,-4.05,-4.06,-4.07,-4.07,-4.08,0,0,0,0,0,0,0,0,0,0,0,0,0,0,0,0,0,0,0,0,0,0,0,0,0,0,0,0,0,0,0,0,0,0,0,0,0,0],
[0,0,0,0,0,0,0,0.76,0.75,0.74,0.72,0.71,0.70,0.68,0.67,0.66,0.65,0.63,0.59,0.54,0.48,0.40,0.33,0.28,0.23,0.18,0,0,0,0,0,0,0,0,0,0,0,0,0,0,0,0,0,0,0,0,0,0,0,0,0,0,0,0,0,0,0,0,0,0,0,0,0,0,0,0,0,0,0,0,0,0,0,0,0,0,0,0,0,0,0,-4.21,-4.16,-4.11,-4.08,-4.05,-4.01,-4.00,-4.02,-4.03,-4.04,-4.07,-4.11,-4.14,-4.16,-4.18,-4.24,-4.24,-4.24,-4.24,-4.24,-4.24,-4.24,-4.24,-4.24,-4.23,-4.22,-4.21,-4.20,-4.19,-4.18,-4.17,-4.15,-4.14,-4.12,-4.07,-4.03,-4.04,-4.04,-4.05,-4.06,-4.07,-4.08,0,0,0,0,0,0,0,0,0,0,0,0,0,0,0,0,0,0,0,0,0,0,0,0,0,0,0,0,0,0,0,0,0,0,0,0,0],
[0,0,0,0,0,0,0,0.76,0.75,0.74,0.73,0.72,0.71,0.69,0.68,0.67,0.66,0.62,0.57,0.52,0.48,0.40,0.33,0.29,0.24,0.18,0,0,0,0,0,0,0,0,0,0,0,0,0,0,0,0,0,0,0,0,0,0,0,0,0,0,0,0,0,0,0,0,0,0,0,0,0,0,0,0,0,0,0,0,0,0,0,0,0,0,0,0,0,0,0,0,-4.10,-4.04,-4.01,-4.00,-4.02,-4.03,-4.04,-4.06,-4.07,-4.09,-4.12,-4.15,-4.17,-4.23,-4.24,-4.24,-4.24,-4.24,-4.24,-4.24,-4.24,-4.24,-4.23,-4.22,-4.21,-4.20,-4.19,-4.18,-4.17,-4.16,-4.14,-4.12,-4.07,-4.03,-4.01,-4.02,-4.03,-4.04,-4.05,-4.06,-4.08,-4.08,0,0,0,0,0,0,0,0,0,0,0,0,0,0,0,0,0,0,0,0,0,0,0,0,0,0,0,0,0,0,0,0,0,0,0,0],
[0,0,0,0,0,0,0,0.76,0.76,0.75,0.74,0.73,0.72,0.71,0.69,0.68,0.65,0.60,0.56,0.51,0.46,0.40,0.33,0.29,0.24,0.21,0,0,0,0,0,0,0,0,0,0,0,0,0,0,0,0,0,0,0,0,0,0,0,0,0,0,0,0,0,0,0,0,0,0,0,0,0,0,0,0,0,0,0,0,0,0,0,0,0,0,0,0,0,0,0,0,0,-4.00,-4.01,-4.03,-4.04,-4.06,-4.07,-4.09,-4.10,-4.12,-4.13,-4.16,-4.21,-4.24,-4.24,-4.24,-4.24,-4.24,-4.24,-4.24,-4.24,-4.24,-4.23,-4.22,-4.21,-4.20,-4.19,-4.18,-4.17,-4.16,-4.11,-4.07,-4.03,-3.99,-4.01,-4.02,-4.03,-4.04,-4.05,-4.06,-4.07,-4.08,-4.08,-4.08,0,0,0,0,0,0,0,0,0,0,0,0,0,0,0,0,0,0,0,0,0,0,0,0,0,0,0,0,0,0,0,0,0,0],
[0,0,0,0,0,0,0,0,0.76,0.76,0.75,0.74,0.73,0.72,0.70,0.68,0.64,0.59,0.54,0.49,0.45,0.40,0.33,0.29,0.25,0,0,0,0,0,0,0,0,0,0,0,0,0,0,0,0,0,0,0,0,0,0,0,0,0,0,0,0,0,0,0,0,0,0,0,0,0,0,0,0,0,0,0,0,0,0,0,0,0,0,0,0,0,0,0,0,0,0,-4.02,-4.02,-4.04,-4.06,-4.07,-4.09,-4.10,-4.12,-4.14,-4.15,-4.18,-4.24,-4.24,-4.24,-4.24,-4.24,-4.24,-4.24,-4.24,-4.24,-4.23,-4.22,-4.21,-4.20,-4.19,-4.18,-4.17,-4.16,-4.14,-4.10,-4.06,-4.02,-4.00,-4.01,-4.02,-4.03,-4.04,-4.05,-4.06,-4.07,-4.08,-4.08,-4.08,0,0,0,0,0,0,0,0,0,0,0,0,0,0,0,0,0,0,0,0,0,0,0,0,0,0,0,0,0,0,0,0,0,0],
[0,0,0,0,0,0,0,0,0.76,0.76,0.76,0.75,0.74,0.73,0.71,0.67,0.62,0.57,0.53,0.48,0.43,0.39,0.33,0.30,0.27,0,0,0,0,0,0,0,0,0,0,0,0,0,0,0,0,0,0,0,0,0,0,0,0,0,0,0,0,0,0,0,0,0,0,0,0,0,0,0,0,0,0,0,0,0,0,0,0,0,0,0,0,0,0,0,0,0,0,0,-4.04,-4.05,-4.07,-4.09,-4.10,-4.12,-4.13,-4.15,-4.16,-4.16,-4.24,-4.24,-4.24,-4.24,-4.24,-4.24,-4.24,-4.24,-4.24,-4.23,-4.22,-4.21,-4.20,-4.19,-4.18,-4.17,-4.16,-4.13,-4.10,-4.06,-4.02,-4.00,-4.01,-4.02,-4.03,-4.04,-4.05,-4.06,-4.07,-4.08,-4.08,-4.08,-4.08,0,0,0,0,0,0,0,0,0,0,0,0,0,0,0,0,0,0,0,0,0,0,0,0,0,0,0,0,0,0,0,0,0],
[0,0,0,0,0,0,0,0,0,0.76,0.76,0.76,0.75,0.74,0.70,0.65,0.61,0.56,0.51,0.46,0.41,0.36,0.34,0,0,0,0,0,0,0,0,0,0,0,0,0,0,0,0,0,0,0,0,0,0,0,0,0,0,0,0,0,0,0,0,0,0,0,0,0,0,0,0,0,0,0,0,0,0,0,0,0,0,0,0,0,0,0,0,0,0,0,0,0,-4.06,-4.07,-4.08,-4.10,-4.11,-4.13,-4.14,-4.16,-4.16,0,-4.24,-4.24,-4.24,-4.24,-4.24,-4.24,-4.24,-4.24,-4.23,-4.22,-4.21,-4.20,-4.20,-4.19,-4.18,-4.17,-4.16,-4.12,-4.09,-4.05,-4.01,-4.00,-4.01,-4.02,-4.03,-4.04,-4.05,-4.06,-4.07,-4.08,-4.08,-4.08,-4.08,0,0,0,0,0,0,0,0,0,0,0,0,0,0,0,0,0,0,0,0,0,0,0,0,0,0,0,0,0,0,0,0,0],
[0,0,0,0,0,0,0,0,0,0.76,0.76,0.76,0.76,0.73,0.67,0.61,0.56,0.50,0.45,0.40,0.38,0.37,0,0,0,0,0,0,0,0,0,0,0,0,0,0,0,0,0,0,0,0,0,0,0,0,0,0,0,0,0,0,0,0,0,0,0,0,0,0,0,0,0,0,0,0,0,0,0,0,0,0,0,0,0,0,0,0,0,0,0,0,0,0,0,-4.08,-4.09,-4.11,-4.12,-4.13,-4.14,-4.16,-4.21,-4.24,-4.24,-4.24,0,-4.24,-4.24,-4.24,-4.24,-4.24,-4.23,-4.22,-4.21,-4.20,-4.19,-4.18,-4.17,-4.16,-4.15,-4.11,-4.08,-4.04,-4.00,-4.00,-4.01,-4.02,-4.04,-4.05,-4.05,-4.06,-4.07,-4.08,-4.08,-4.08,-4.08,-4.08,0,0,0,0,0,0,0,0,0,0,0,0,0,0,0,0,0,0,0,0,0,0,0,0,0,0,0,0,0,0,0,0],
[0,0,0,0,0,0,0,0,0,0,0.74,0.69,0.65,0.64,0.60,0.54,0.49,0.45,0.43,0.40,0.39,0,0,0,0,0,0,0,0,0,0,0,0,0,0,0,0,0,0,0,0,0,0,0,0,0,0,0,0,0,0,0,0,0,0,0,0,0,0,0,0,0,0,0,0,0,0,0,0,0,0,0,0,0,0,0,0,0,0,0,0,0,0,0,0,-4.10,-4.10,-4.11,-4.13,-4.14,-4.15,-4.18,-4.24,-4.24,-4.24,-4.24,0,0,0,-4.24,-4.24,-4.24,-4.23,-4.22,-4.21,-4.20,-4.19,-4.18,-4.17,-4.16,-4.14,-4.10,-4.07,-4.03,-3.99,-4.01,-4.02,-4.03,-4.04,-4.05,-4.05,-4.06,-4.07,-4.08,-4.08,-4.08,-4.08,-4.08,0,0,0,0,0,0,0,0,0,0,0,0,0,0,0,0,0,0,0,0,0,0,0,0,0,0,0,0,0,0,0,0],
[0,0,0,0,0,0,0,0,0,0,0,0,0.62,0.57,0.52,0.49,0.47,0.45,0.43,0.41,0,0,0,0,0,0,0,0,0,0,0,0,0,0,0,0,0,0,0,0,0,0,0,0,0,0,0,0,0,0,0,0,0,0,0,0,0,0,0,0,0,0,0,0,0,0,0,0,0,0,0,0,0,0,0,0,0,0,0,0,0,0,0,0,0,-4.12,-4.11,-4.12,-4.13,-4.15,-4.16,-4.22,-4.22,-4.22,-4.22,-4.24,-4.24,0,0,-4.24,-4.24,-4.23,-4.22,-4.21,-4.20,-4.19,-4.19,-4.18,-4.17,-4.16,-4.12,-4.09,-4.06,-4.02,-4.00,-4.01,-4.02,-4.03,-4.04,-4.05,-4.05,-4.06,-4.07,-4.08,-4.08,-4.08,-4.08,-4.08,0,0,0,0,0,0,0,0,0,0,0,0,0,0,0,0,0,0,0,0,0,0,0,0,0,0,0,0,0,0,0,0],
[0,0,0,0,0,0,0,0,0,0,0,0,0,0,0,0.49,0.47,0.45,0.43,0.42,0,0,0,0,0,0,0,0,0,0,0,0,0,0,0,0,0,0,0,0,0,0,0,0,0,0,0,0,0,0,0,0,0,0,0,0,0,0,0,0,0,0,0,0,0,0,0,0,0,0,0,0,0,0,0,0,0,0,0,0,0,0,0,0,0,-4.14,-4.13,-4.13,-4.14,-4.15,-4.19,-4.20,-4.20,-4.20,-4.20,-4.20,-4.24,0,0,-4.24,-4.24,-4.23,-4.22,-4.21,-4.20,-4.19,-4.18,-4.17,-4.16,-4.15,-4.11,-4.08,-4.05,-4.02,-4.00,-4.01,-4.02,-4.03,-4.04,-4.05,-4.05,-4.06,-4.07,-4.08,-4.08,-4.08,-4.08,-4.08,0,0,0,0,0,0,0,0,0,0,0,0,0,0,0,0,0,0,0,0,0,0,0,0,0,0,0,0,0,0,0,0],
[0,0,0,0,0,0,0,0,0,0,0,0,0,0,0,0,0,0,0,0,0,0,0,0,0,0,0,0,0,0,0,0,0,0,0,0,0,0,0,0,0,0,0,0,0,0,0,0,0,0,0,0,0,0,0,0,0,0,0,0,0,0,0,0,0,0,0,0,0,0,0,0,0,0,0,0,0,0,0,0,0,0,0,0,0,-4.15,-4.15,-4.14,-4.15,-4.16,-4.19,-4.18,-4.18,-4.18,-4.18,-4.18,-4.17,-4.18,-4.22,-4.24,-4.23,-4.22,-4.21,-4.21,-4.20,-4.19,-4.18,-4.17,-4.16,-4.14,-4.10,-4.07,-4.04,-4.01,-4.00,-4.01,-4.02,-4.03,-4.04,-4.05,-4.05,-4.06,-4.07,-4.08,-4.08,-4.08,-4.08,-4.08,0,0,0,0,0,0,0,0,0,0,0,0,0,0,0,0,0,0,0,0,0,0,0,0,0,0,0,0,0,0,0,0],
[0,0,0,0,0,0,0,0,0,0,0,0,0,0,0,0,0,0,0,0,0,0,0,0,0,0,0,0,0,0,0,0,0,0,0,0,0,0,0,0,0,0,0,0,0,0,0,0,0,0,0,0,0,0,0,0,0,0,0,0,0,0,0,0,0,0,0,0,0,0,0,0,0,0,0,0,0,0,0,0,0,0,0,0,0,-4.17,-4.17,-4.16,-4.16,-4.17,-4.17,-4.17,-4.16,-4.16,-4.16,-4.16,-4.16,-4.18,-4.23,-4.24,-4.23,-4.22,-4.21,-4.20,-4.19,-4.19,-4.18,-4.17,-4.16,-4.13,-4.09,-4.06,-4.03,-4.00,-4.00,-4.01,-4.02,-4.03,-4.04,-4.05,-4.05,-4.06,-4.07,-4.08,-4.08,-4.08,-4.08,-4.08,0,0,0,0,0,0,0,0,0,0,0,0,0,0,0,0,0,0,0,0,0,0,0,0,0,0,0,0,0,0,0,0],
[0,0,0,0,0,0,0,0,0,0,0,0,0,0,0,0,0,0,0,0,0,0,0,0,0,0,0,0,0,0,0,0,0,0,0,0,0,0,0,0,0,0,0,0,0,0,0,0,0,0,0,0,0,0,0,0,0,0,0,0,0,0,0,0,0,0,0,0,0,0,0,0,0,0,0,0,0,0,0,0,0,0,0,0,0,-4.19,-4.18,-4.17,-4.16,-4.16,-4.16,-4.16,-4.16,-4.16,-4.16,-4.16,-4.17,-4.22,-4.23,-4.23,-4.23,-4.22,-4.21,-4.20,-4.19,-4.18,-4.18,-4.17,-4.15,-4.12,-4.09,-4.05,-4.02,-4.00,-4.00,-4.01,-4.02,-4.03,-4.04,-4.05,-4.05,-4.06,-4.07,-4.08,-4.08,-4.08,-4.08,-4.08,0,0,0,0,0,0,0,0,0,0,0,0,0,0,0,0,0,0,0,0,0,0,0,0,0,0,0,0,0,0,0,0],
[0,0,0,0,0,0,0,0,0,0,0,0,0,0,0,0,0,0,0,0,0,0,0,0,0,0,0,0,0,0,0,0,0,0,0,0,0,0,0,0,0,0,0,0,0,0,0,0,0,0,0,0,0,0,0,0,0,0,0,0,0,0,0,0,0,0,0,0,0,0,0,0,0,0,0,0,0,0,0,0,0,0,0,0,0,-4.20,-4.20,-4.19,-4.17,-4.16,-4.16,-4.16,-4.16,-4.16,-4.16,-4.16,-4.20,-4.22,-4.22,-4.22,-4.22,-4.22,-4.21,-4.20,-4.19,-4.18,-4.17,-4.16,-4.14,-4.11,-4.08,-4.05,-4.02,-4.02,-4.01,-4.01,-4.02,-4.03,-4.04,-4.05,-4.05,-4.06,-4.07,-4.08,-4.08,-4.08,-4.08,-4.08,0,0,0,0,0,0,0,0,0,0,0,0,0,0,0,0,0,0,0,0,0,0,0,0,0,0,0,0,0,0,0,0],
[0,0,0,0,0,0,0,0,0,0,0,0,0,0,0,0,0,0,0,0,0,0,0,0,0,0,0,0,0,0,0,0,0,0,0,0,0,0,0,0,0,0,0,0,0,0,0,0,0,0,0,0,0,0,0,0,0,0,0,0,0,0,0,0,0,0,0,0,0,0,0,0,0,0,0,0,0,0,0,0,0,0,0,0,0,-4.22,-4.22,-4.20,-4.18,-4.16,-4.16,-4.16,-4.16,-4.16,-4.16,-4.19,-4.21,-4.21,-4.21,-4.21,-4.21,-4.21,-4.21,-4.20,-4.19,-4.18,-4.17,-4.16,-4.14,-4.11,-4.07,-4.04,-4.04,-4.03,-4.03,-4.02,-4.02,-4.03,-4.04,-4.05,-4.05,-4.06,-4.07,-4.08,-4.08,-4.08,-4.08,-4.08,0,0,0,0,0,0,0,0,0,0,0,0,0,0,0,0,0,0,0,0,0,0,0,0,0,0,0,0,0,0,0,0],
[0,0,0,0,0,0,0,0,0,0,0,0,0,0,0,0,0,0,0,0,0,0,0,0,0,0,0,0,0,0,0,0,0,0,0,0,0,0,0,0,0,0,0,0,0,0,0,0,0,0,0,0,0,0,0,0,0,0,0,0,0,0,0,0,0,0,0,0,0,0,0,0,0,0,0,0,0,0,0,0,0,0,0,0,0,-4.24,-4.23,-4.21,-4.19,-4.16,-4.16,-4.16,-4.16,-4.16,-4.17,-4.20,-4.20,-4.20,-4.20,-4.20,-4.20,-4.20,-4.20,-4.20,-4.19,-4.18,-4.17,-4.16,-4.13,-4.10,-4.07,-4.06,-4.05,-4.05,-4.04,-4.04,-4.03,-4.03,-4.04,-4.05,-4.05,-4.06,-4.07,-4.08,-4.08,-4.08,-4.08,-4.08,0,0,0,0,0,0,0,0,0,0,0,0,0,0,0,0,0,0,0,0,0,0,0,0,0,0,0,0,0,0,0,0],
[0,0,0,0,0,0,0,0,0,0,0,0,0,0,0,0,0,0,0,0,0,0,0,0,0,0,0,0,0,0,0,0,0,0,0,0,0,0,0,0,0,0,0,0,0,0,0,0,0,0,0,0,0,0,0,0,0,0,0,0,0,0,0,0,0,0,0,0,0,0,0,0,0,0,0,0,0,0,0,0,0,0,0,0,0,0,-4.23,-4.22,-4.19,-4.17,-4.16,-4.16,-4.16,-4.16,-4.19,-4.19,-4.19,-4.19,-4.19,-4.19,-4.19,-4.19,-4.19,-4.19,-4.19,-4.18,-4.17,-4.16,-4.12,-4.09,-4.08,-4.08,-4.07,-4.06,-4.06,-4.05,-4.05,-4.04,-4.04,-4.05,-4.05,-4.06,-4.07,-4.08,-4.08,-4.08,-4.08,-4.08,0,0,0,0,0,0,0,0,0,0,0,0,0,0,0,0,0,0,0,0,0,0,0,0,0,0,0,0,0,0,0,0],
[0,0,0,0,0,0,0,0,0,0,0,0,0,0,0,0,0,0,0,0,0,0,0,0,0,0,0,0,0,0,0,0,0,0,0,0,0,0,0,0,0,0,0,0,0,0,0,0,0,0,0,0,0,0,0,0,0,0,0,0,0,0,0,0,0,0,0,0,0,0,0,0,0,0,0,0,0,0,0,0,0,0,0,0,0,0,0,-4.22,-4.20,-4.18,-4.16,-4.16,-4.16,-4.18,-4.18,-4.18,-4.18,-4.18,-4.18,-4.18,-4.18,-4.18,-4.18,-4.18,-4.18,-4.17,-4.17,-4.15,-4.12,-4.10,-4.10,-4.09,-4.09,-4.08,-4.08,-4.07,-4.07,-4.06,-4.06,-4.05,-4.05,-4.06,-4.07,-4.08,-4.08,-4.08,-4.08,-4.08,0,0,0,0,0,0,0,0,0,0,0,0,0,0,0,0,0,0,0,0,0,0,0,0,0,0,0,0,0,0,0,0],
[0,0,0,0,0,0,0,0,0,0,0,0,0,0,0,0,0,0,0,0,0,0,0,0,0,0,0,0,0,0,0,0,0,0,0,0,0,0,0,0,0,0,0,0,0,0,0,0,0,0,0,0,0,0,0,0,0,0,0,0,0,0,0,0,0,0,0,0,0,0,0,0,0,0,0,0,0,0,0,0,0,0,0,0,0,0,0,0,-4.20,-4.18,-4.16,-4.16,-4.18,-4.18,-4.18,-4.18,-4.18,-4.18,-4.18,-4.18,-4.18,-4.18,-4.18,-4.18,-4.18,-4.17,-4.16,-4.14,-4.12,-4.12,-4.11,-4.11,-4.10,-4.10,-4.09,-4.09,-4.08,-4.08,-4.07,-4.07,-4.06,-4.06,-4.07,-4.08,-4.08,-4.08,-4.08,-4.08,0,0,0,0,0,0,0,0,0,0,0,0,0,0,0,0,0,0,0,0,0,0,0,0,0,0,0,0,0,0,0,0],
[0,0,0,0,0,0,0,0,0,0,0,0,0,0,0,0,0,0,0,0,0,0,0,0,0,0,0,0,0,0,0,0,0,0,0,0,0,0,0,0,0,0,0,0,0,0,0,0,0,0,0,0,0,0,0,0,0,0,0,0,0,0,0,0,0,0,0,0,0,0,0,0,0,0,0,0,0,0,0,0,0,0,0,0,0,0,0,0,0,-4.18,-4.17,-4.17,-4.17,-4.17,-4.17,-4.17,-4.17,-4.17,-4.17,-4.17,-4.17,-4.17,-4.17,-4.17,-4.17,-4.17,-4.16,-4.14,-4.14,-4.13,-4.13,-4.12,-4.12,-4.11,-4.11,-4.10,-4.10,-4.09,-4.09,-4.08,-4.08,-4.07,-4.07,-4.08,-4.08,-4.08,-4.08,-4.08,0,0,0,0,0,0,0,0,0,0,0,0,0,0,0,0,0,0,0,0,0,0,0,0,0,0,0,0,0,0,0,0],
[0,0,0,0,0,0,0,0,0,0,0,0,0,0,0,0,0,0,0,0,0,0,0,0,0,0,0,0,0,0,0,0,0,0,0,0,0,0,0,0,0,0,0,0,0,0,0,0,0,0,0,0,0,0,0,0,0,0,0,0,0,0,0,0,0,0,0,0,0,0,0,0,0,0,0,0,0,0,0,0,0,0,0,0,0,0,0,0,0,0,-4.16,-4.16,-4.16,-4.16,-4.16,-4.16,-4.16,-4.16,-4.16,-4.16,-4.16,-4.16,-4.16,-4.16,-4.16,-4.16,-4.16,-4.15,-4.15,-4.14,-4.14,-4.13,-4.13,-4.12,-4.12,-4.11,-4.11,-4.10,-4.10,-4.09,-4.09,-4.08,-4.08,-4.07,-4.08,-4.08,-4.08,-4.08,0,0,0,0,0,0,0,0,0,0,0,0,0,0,0,0,0,0,0,0,0,0,0,0,0,0,0,0,0,0,0,0],
[0,0,0,0,0,0,0,0,0,0,0,0,0,0,0,0,0,0,0,0,0,0,0,0,0,0,0,0,0,0,0,0,0,0,0,0,0,0,0,0,0,0,0,0,0,0,0,0,0,0,0,0,0,0,0,0,0,0,0,0,0,0,0,0,0,0,0,0,0,0,0,0,0,0,0,0,0,0,0,0,0,0,0,0,0,0,0,0,0,0,0,-4.16,-4.16,-4.16,-4.16,-4.16,-4.16,-4.16,-4.16,-4.16,-4.17,-4.17,-4.17,-4.17,-4.17,-4.18,-4.17,-4.16,-4.14,-4.14,-4.13,-4.13,-4.12,-4.12,-4.11,-4.11,-4.10,-4.10,-4.09,-4.09,-4.08,-4.08,-4.08,-4.06,-4.04,-4.06,-4.07,-4.24,0,0,0,0,0,0,0,0,0,0,0,0,0,0,0,0,0,0,0,0,0,0,0,0,0,0,0,0,0,0,0,0],
[0,0,0,0,0,0,0,0,0,0,0,0,0,0,0,0,0,0,0,0,0,0,0,0,0,0,0,0,0,0,0,0,0,0,0,0,0,0,0,0,0,0,0,0,0,0,0,0,0,0,0,0,0,0,0,0,0,0,0,0,0,0,0,0,0,0,0,0,0,0,0,0,0,0,0,0,0,0,0,0,0,0,0,0,0,0,0,0,0,0,0,0,0,-4.16,-4.17,-4.17,-4.17,-4.17,-4.18,-4.18,-4.18,-4.18,-4.18,-4.19,-4.19,-4.19,-4.17,-4.16,-4.15,-4.13,-4.13,-4.12,-4.12,-4.11,-4.11,-4.10,-4.10,-4.09,-4.09,-4.08,-4.08,-4.08,-4.08,-4.06,-4.02,-4.01,-4.08,-4.49,-4.85,0,0,0,0,0,0,0,0,0,0,0,0,0,0,0,0,0,0,0,0,0,0,0,0,0,0,0,0,0,0,0],
[0,0,0,0,0,0,0,0,0,0,0,0,0,0,0,0,0,0,0,0,0,0,0,0,0,0,0,0,0,0,0,0,0,0,0,0,0,0,0,0,0,0,0,0,0,0,0,0,0,0,0,0,0,0,0,0,0,0,0,0,0,0,0,0,0,0,0,0,0,0,0,0,0,0,0,0,0,0,0,0,0,0,0,0,0,0,0,0,0,0,0,0,0,0,-4.19,-4.21,-4.19,-4.19,-4.19,-4.19,-4.19,-4.20,-4.20,-4.20,-4.20,-4.19,-4.18,-4.17,-4.15,-4.14,-4.13,-4.12,-4.11,-4.11,-4.10,-4.10,-4.09,-4.09,-4.08,-4.08,-4.08,-4.08,-4.08,-4.06,-4.02,-4.05,-4.17,-4.59,-5.08,-5.69,-6.00,0,0,0,0,0,0,0,0,0,0,0,0,0,0,0,0,0,0,0,0,0,0,0,0,0,0,0,0,0],
[0,0,0,0,0,0,0,0,0,0,0,0,0,0,0,0,0,0,0,0,0,0,0,0,0,0,0,0,0,0,0,0,0,0,0,0,0,0,0,0,0,0,0,0,0,0,0,0,0,0,0,0,0,0,0,0,0,0,0,0,0,0,0,0,0,0,0,0,0,0,0,0,0,0,0,0,0,0,0,0,0,0,0,0,0,0,0,0,0,0,0,0,0,0,0,0,-4.24,-4.24,-4.20,-4.21,-4.21,-4.21,-4.21,-4.21,-4.21,-4.20,-4.18,-4.17,-4.16,-4.15,-4.13,-4.12,-4.10,-4.10,-4.09,-4.09,-4.08,-4.08,-4.08,-4.08,-4.08,-4.08,-4.08,-4.06,-4.04,-4.08,-4.27,-4.81,-5.36,-5.90,-6.27,0,0,0,0,0,0,0,0,0,0,0,0,0,0,0,0,0,0,0,0,0,0,0,0,0,0,0,0,0],
[0,0,0,0,0,0,0,0,0,0,0,0,0,0,0,0,0,0,0,0,0,0,0,0,0,0,0,0,0,0,0,0,0,0,0,0,0,0,0,0,0,0,0,0,0,0,0,0,0,0,0,0,0,0,0,0,0,0,0,0,0,0,0,0,0,0,0,0,0,0,0,0,0,0,0,0,0,0,0,0,0,0,0,0,0,0,0,0,0,0,0,0,0,0,0,0,0,-4.24,-4.24,-4.24,-4.22,-4.22,-4.23,-4.23,-4.21,-4.20,-4.19,-4.18,-4.16,-4.15,-4.14,-4.12,-4.11,-4.10,-4.09,-4.08,-4.08,-4.08,-4.08,-4.08,-4.08,-4.08,-4.08,-4.06,-4.07,-4.13,-4.39,-4.93,-5.48,-6.00,-6.43,-6.80,-7.06,0,0,0,0,0,0,0,0,0,0,0,0,0,0,0,0,0,0,0,0,0,0,0,0,0,0,0],
[0,0,0,0,0,0,0,0,0,0,0,0,0,0,0,0,0,0,0,0,0,0,0,0,0,0,0,0,0,0,0,0,0,0,0,0,0,0,0,0,0,0,0,0,0,0,0,0,0,0,0,0,0,0,0,0,0,0,0,0,0,0,0,0,0,0,0,0,0,0,0,0,0,0,0,0,0,0,0,0,0,0,0,0,0,0,0,0,0,0,0,0,0,0,0,0,0,0,0,0,-4.24,-4.24,-4.24,-4.23,-4.22,-4.21,-4.19,-4.18,-4.17,-4.16,-4.14,-4.13,-4.12,-4.10,-4.09,-4.08,-4.08,-4.08,-4.08,-4.08,-4.08,-4.08,-4.08,-4.08,-4.08,-4.49,-4.56,-5.06,-5.60,-6.11,-6.53,-6.96,-7.33,-7.27,0,0,0,0,0,0,0,-6.66,-6.66,-6.68,-6.70,-6.73,-6.74,-6.74,0,0,0,0,0,0,0,0,0,0,0,0],
[0,0,0,0,0,0,0,0,0,0,0,0,0,0,0,0,0,0,0,0,0,0,0,0,0,0,0,0,0,0,0,0,0,0,0,0,0,0,0,0,0,0,0,0,0,0,0,0,0,0,0,0,0,0,0,0,0,0,0,0,0,0,0,0,0,0,0,0,0,0,0,0,0,0,0,0,0,0,0,0,0,0,0,0,0,0,0,0,0,0,0,0,0,0,0,0,0,0,0,0,0,0,-4.24,-4.23,-4.22,-4.21,-4.20,-4.18,-4.17,-4.16,-4.15,-4.13,-4.12,-4.11,-4.09,-4.08,-4.08,-4.08,-4.08,-4.08,-4.08,0,0,0,0,0,-4.68,-5.10,-5.52,-6.06,-6.63,-7.14,-7.17,-7.19,-7.19,-7.13,0,0,0,0,-6.66,-6.66,-6.66,-6.66,-6.68,-6.71,-6.73,-6.74,-6.74,-6.74,-6.74,0,0,0,0,0,0,0,0,0],
[0,0,0,0,0,0,0,0,0,0,0,0,0,0,0,0,0,0,0,0,0,0,0,0,0,0,0,0,0,0,0,0,0,0,0,0,0,0,0,0,0,0,0,0,0,0,0,0,0,0,0,0,0,0,0,0,0,0,0,0,0,0,0,0,0,0,0,0,0,0,0,0,0,0,0,0,0,0,0,0,0,0,0,0,0,0,0,0,0,0,0,0,0,0,0,0,0,0,0,0,0,0,0,0,0,0,0,0,0,0,0,0,0,0,0,0,0,0,0,0,0,0,0,0,0,0,0,0,0,-6.12,-6.66,-6.96,-6.98,-6.99,-7.01,-7.06,-6.94,-6.68,-6.63,-6.66,-6.66,-6.66,-6.66,-6.66,-6.66,-6.66,-6.67,-6.69,-6.71,-6.73,-6.74,-6.74,0,0,0,0,0,0,0,0],
[0,0,0,0,0,0,0,0,0,0,0,0,0,0,0,0,0,0,0,0,0,0,0,0,0,0,0,0,0,0,0,0,0,0,0,0,0,0,0,0,0,0,0,0,0,0,0,0,0,0,0,0,0,0,0,0,0,0,0,0,0,0,0,0,0,0,0,0,0,0,0,0,0,0,0,0,0,0,0,0,0,0,0,0,0,0,0,0,0,0,0,0,0,0,0,0,0,0,0,0,0,0,0,0,0,0,0,0,0,0,0,0,0,0,0,0,0,0,0,0,0,0,0,0,0,0,0,0,0,0,0,-6.83,-6.72,-6.76,-6.80,-6.78,-6.59,-6.54,-6.66,-6.66,-6.66,-6.66,-6.66,-6.66,-6.66,-6.66,-6.66,-6.65,-6.68,-6.71,-6.72,-6.74,-6.74,0,0,0,0,0,0,0],
[0,0,0,0,0,0,0,0,0,0,0,0,0,0,0,0,0,0,0,0,0,0,0,0,0,0,0,0,0,0,0,0,0,0,0,0,0,0,0,0,0,0,0,0,0,0,0,0,0,0,0,0,0,0,0,0,0,0,0,0,0,0,0,0,0,0,0,0,0,0,0,0,0,0,0,0,0,0,0,0,0,0,0,0,0,0,0,0,0,0,0,0,0,0,0,0,0,0,0,0,0,0,0,0,0,0,0,0,0,0,0,0,0,0,0,0,0,0,0,0,0,0,0,0,0,0,0,0,0,0,0,0,-6.62,-6.50,-6.50,-6.54,-6.41,-6.52,-6.66,-6.66,-6.66,-6.66,-6.66,-6.66,-6.66,-6.66,-6.66,-6.65,-6.64,-6.63,-6.67,-6.71,-6.74,-6.74,-6.74,0,0,0,0,0],
[0,0,0,0,0,0,0,0,0,0,0,0,0,0,0,0,0,0,0,0,0,0,0,0,0,0,0,0,0,0,0,0,0,0,0,0,0,0,0,0,0,0,0,0,0,0,0,0,0,0,0,0,0,0,0,0,0,0,0,0,0,0,0,0,0,0,0,0,0,0,0,0,0,0,0,0,0,0,0,0,0,0,0,0,0,0,0,0,0,0,0,0,0,0,0,0,0,0,0,0,0,0,0,0,0,0,0,0,0,0,0,0,0,0,0,0,0,0,0,0,0,0,0,0,0,0,0,0,0,0,0,0,0,-6.41,-6.29,-6.31,-6.43,-6.66,-6.66,-6.66,-6.66,-6.66,-6.66,-6.66,-6.66,-6.66,-6.66,-6.66,-6.65,-6.63,-6.62,-6.61,-6.65,-6.69,-6.67,0,0,0,0,0],
[0,0,0,0,0,0,0,0,0,0,0,0,0,0,0,0,0,0,0,0,0,0,0,0,0,0,0,0,0,0,0,0,0,0,0,0,0,0,0,0,0,0,0,0,0,0,0,0,0,0,0,0,0,0,0,0,0,0,0,0,0,0,0,0,0,0,0,0,0,0,0,0,0,0,0,0,0,0,0,0,0,0,0,0,0,0,0,0,0,0,0,0,0,0,0,0,0,0,0,0,0,0,0,0,0,0,0,0,0,0,0,0,0,0,0,0,0,0,0,0,0,0,0,0,0,0,0,0,0,0,0,0,0,0,-6.49,-6.53,-6.66,-6.66,-6.66,-6.66,-6.66,-6.66,-6.66,-6.66,-6.66,-6.66,-6.66,-6.66,-6.65,-6.64,-6.63,-6.62,-6.60,-6.60,-6.62,-6.61,0,0,0,0],
[0,0,0,0,0,0,0,0,0,0,0,0,0,0,0,0,0,0,0,0,0,0,0,0,0,0,0,0,0,0,0,0,0,0,0,0,0,0,0,0,0,0,0,0,0,0,0,0,0,0,0,0,0,0,0,0,0,0,0,0,0,0,0,0,0,0,0,0,0,0,0,0,0,0,0,0,0,0,0,0,0,0,0,0,0,0,0,0,0,0,0,0,0,0,0,0,0,0,0,0,0,0,0,0,0,0,0,0,0,0,0,0,0,0,0,0,0,0,0,0,0,0,0,0,0,0,0,0,0,0,0,0,0,0,0,-6.66,-6.66,-6.66,-6.66,-6.66,-6.66,-6.66,-6.66,-6.66,-6.66,-6.66,-6.66,-6.66,-6.66,-6.65,-6.63,-6.62,-6.61,-6.60,-6.58,-6.58,0,0,0,0],
[0,0,0,0,0,0,0,0,0,0,0,0,0,0,0,0,0,0,0,0,0,0,0,0,0,0,0,0,0,0,0,0,0,0,0,0,0,0,0,0,0,0,0,0,0,0,0,0,0,0,0,0,0,0,0,0,0,0,0,0,0,0,0,0,0,0,0,0,0,0,0,0,0,0,0,0,0,0,0,0,0,0,0,0,0,0,0,0,0,0,0,0,0,0,0,0,0,0,0,0,0,0,0,0,0,0,0,0,0,0,0,0,0,0,0,0,0,0,0,0,0,0,0,0,0,0,0,0,0,0,0,0,0,0,0,-6.66,-6.66,-6.66,-6.66,-6.66,-6.66,-6.66,-6.66,-6.66,-6.66,-6.66,-6.66,-6.66,-6.66,-6.65,-6.64,-6.63,-6.62,-6.60,-6.59,-6.60,0,0,0,0],
[0,0,0,0,0,0,0,0,0,0,0,0,0,0,0,0,0,0,0,0,0,0,0,0,0,0,0,0,0,0,0,0,0,0,0,0,0,0,0,0,0,0,0,0,0,0,0,0,0,0,0,0,0,0,0,0,0,0,0,0,0,0,0,0,0,0,0,0,0,0,0,0,0,0,0,0,0,0,0,0,0,0,0,0,0,0,0,0,0,0,0,0,0,0,0,0,0,0,0,0,0,0,0,0,0,0,0,0,0,0,0,0,0,0,0,0,0,0,0,0,0,0,0,0,0,0,0,0,0,0,0,0,0,0,-6.66,-6.66,-6.66,-6.66,-6.66,-6.66,-6.66,-6.66,-6.66,-6.66,-6.66,-6.66,-6.66,-6.66,-6.66,-6.66,-6.65,-6.63,-6.62,-6.61,-6.60,-6.61,0,0,0,0],
[0,0,0,0,0,0,0,0,0,0,0,0,0,0,0,0,0,0,0,0,0,0,0,0,0,0,0,0,0,0,0,0,0,0,0,0,0,0,0,0,0,0,0,0,0,0,0,0,0,0,0,0,0,0,0,0,0,0,0,0,0,0,0,0,0,0,0,0,0,0,0,0,0,0,0,0,0,0,0,0,0,0,0,0,0,0,0,0,0,0,0,0,0,0,0,0,0,0,0,0,0,0,0,0,0,0,0,0,0,0,0,0,0,0,0,0,0,0,0,0,0,0,0,0,0,0,0,0,0,0,0,0,0,0,-6.66,-6.66,-6.66,-6.66,-6.66,-6.66,-6.66,-6.66,-6.66,-6.66,-6.66,-6.66,-6.66,-6.66,-6.66,-6.66,-6.65,-6.64,-6.63,-6.62,-6.60,-6.63,0,0,0,0],
[0,0,0,0,0,0,0,0,0,0,0,0,0,0,0,0,0,0,0,0,0,0,0,0,0,0,0,0,0,0,0,0,0,0,0,0,0,0,0,0,0,0,0,0,0,0,0,0,0,0,0,0,0,0,0,0,0,0,0,0,0,0,0,0,0,0,0,0,0,0,0,0,0,0,0,0,0,0,0,0,0,0,0,0,0,0,0,0,0,0,0,0,0,0,0,0,0,0,0,0,0,0,0,0,0,0,0,0,0,0,0,0,0,0,0,0,0,0,0,0,0,0,0,0,0,0,0,0,0,0,0,0,0,0,0,-6.66,-6.66,-6.66,-6.66,-6.66,-6.66,-6.66,-6.66,-6.66,-6.66,-6.66,-6.66,-6.66,-6.66,-6.66,-6.66,-6.65,-6.63,-6.62,-6.62,-6.64,0,0,0,0],
[0,0,0,0,0,0,0,0,0,0,0,0,0,0,0,0,0,0,0,0,0,0,0,0,0,0,0,0,0,0,0,0,0,0,0,0,0,0,0,0,0,0,0,0,0,0,0,0,0,0,0,0,0,0,0,0,0,0,0,0,0,0,0,0,0,0,0,0,0,0,0,0,0,0,0,0,0,0,0,0,0,0,0,0,0,0,0,0,0,0,0,0,0,0,0,0,0,0,0,0,0,0,0,0,0,0,0,0,0,0,0,0,0,0,0,0,0,0,0,0,0,0,0,0,0,0,0,0,0,0,0,0,0,0,0,-6.66,-6.66,-6.66,-6.66,-6.66,-6.66,-6.66,-6.66,-6.66,-6.66,-6.66,-6.66,-6.66,-6.66,-6.66,-6.66,-6.65,-6.64,-6.63,-6.63,-6.66,0,0,0,0],
[0,0,0,0,0,0,0,0,0,0,0,0,0,0,0,0,0,0,0,0,0,0,0,0,0,0,0,0,0,0,0,0,0,0,0,0,0,0,0,0,0,0,0,0,0,0,0,0,0,0,0,0,0,0,0,0,0,0,0,0,0,0,0,0,0,0,0,0,0,0,0,0,0,0,0,0,0,0,0,0,0,0,0,0,0,0,0,0,0,0,0,0,0,0,0,0,0,0,0,0,0,0,0,0,0,0,0,0,0,0,0,0,0,0,0,0,0,0,0,0,0,0,0,0,0,0,0,0,0,0,0,0,0,0,0,-6.66,-6.66,-6.66,-6.66,-6.66,-6.66,-6.66,-6.66,-6.66,-6.66,-6.66,-6.66,-6.66,-6.66,-6.66,-6.66,-6.66,-6.65,-6.63,-6.64,-6.66,0,0,0,0],
[0,0,0,0,0,0,0,0,0,0,0,0,0,0,0,0,0,0,0,0,0,0,0,0,0,0,0,0,0,0,0,0,0,0,0,0,0,0,0,0,0,0,0,0,0,0,0,0,0,0,0,0,0,0,0,0,0,0,0,0,0,0,0,0,0,0,0,0,0,0,0,0,0,0,0,0,0,0,0,0,0,0,0,0,0,0,0,0,0,0,0,0,0,0,0,0,0,0,0,0,0,0,0,0,0,0,0,0,0,0,0,0,0,0,0,0,0,0,0,0,0,0,0,0,0,0,0,0,0,0,0,0,0,0,0,0,-6.66,-6.66,-6.66,-6.66,-6.66,-6.66,-6.66,-6.66,-6.66,-6.66,-6.66,-6.66,-6.66,-6.66,-6.66,-6.66,-6.65,-6.64,-6.65,-6.66,0,0,0,0],
[0,0,0,0,0,0,0,0,0,0,0,0,0,0,0,0,0,0,0,0,0,0,0,0,0,0,0,0,0,0,0,0,0,0,0,0,0,0,0,0,0,0,0,0,0,0,0,0,0,0,0,0,0,0,0,0,0,0,0,0,0,0,0,0,0,0,0,0,0,0,0,0,0,0,0,0,0,0,0,0,0,0,0,0,0,0,0,0,0,0,0,0,0,0,0,0,0,0,0,0,0,0,0,0,0,0,0,0,0,0,0,0,0,0,0,0,0,0,0,0,0,0,0,0,0,0,0,0,0,0,0,0,0,0,0,0,-6.66,-6.66,-6.66,-6.66,-6.66,-6.66,-6.66,-6.66,-6.66,-6.66,-6.66,-6.66,-6.66,-6.66,-6.66,-6.66,-6.66,-6.65,-6.66,0,0,0,0,0],
[0,0,0,0,0,0,0,0,0,0,0,0,0,0,0,0,0,0,0,0,0,0,0,0,0,0,0,0,0,0,0,0,0,0,0,0,0,0,0,0,0,0,0,0,0,0,0,0,0,0,0,0,0,0,0,0,0,0,0,0,0,0,0,0,0,0,0,0,0,0,0,0,0,0,0,0,0,0,0,0,0,0,0,0,0,0,0,0,0,0,0,0,0,0,0,0,0,0,0,0,0,0,0,0,0,0,0,0,0,0,0,0,0,0,0,0,0,0,0,0,0,0,0,0,0,0,0,0,0,0,0,0,0,0,0,0,-6.66,-6.66,-6.66,-6.66,-6.66,-6.66,-6.66,-6.66,-6.66,-6.66,-6.66,-6.66,-6.66,-6.66,-6.66,-6.66,-6.66,-6.65,-6.66,0,0,0,0,0],
[0,0,0,0,0,0,0,0,0,0,0,0,0,0,0,0,0,0,0,0,0,0,0,0,0,0,0,0,0,0,0,0,0,0,0,0,0,0,0,0,0,0,0,0,0,0,0,0,0,0,0,0,0,0,0,0,0,0,0,0,0,0,0,0,0,0,0,0,0,0,0,0,0,0,0,0,0,0,0,0,0,0,0,0,0,0,0,0,0,0,0,0,0,0,0,0,0,0,0,0,0,0,0,0,0,0,0,0,0,0,0,0,0,0,0,0,0,0,0,0,0,0,0,0,0,0,0,0,0,0,0,0,0,0,0,0,0,-6.66,-6.66,-6.66,-6.66,-6.66,-6.66,-6.66,-6.66,-6.66,-6.66,-6.66,-6.66,-6.66,-6.66,-6.66,-6.66,-6.66,-6.66,0,0,0,0,0],
[0,0,0,0,0,0,0,0,0,0,0,0,0,0,0,0,0,0,0,0,0,0,0,0,0,0,0,0,0,0,0,0,0,0,0,0,0,0,0,0,0,0,0,0,0,0,0,0,0,0,0,0,0,0,0,0,0,0,0,0,0,0,0,0,0,0,0,0,0,0,0,0,0,0,0,0,0,0,0,0,0,0,0,0,0,0,0,0,0,0,0,0,0,0,0,0,0,0,0,0,0,0,0,0,0,0,0,0,0,0,0,0,0,0,0,0,0,0,0,0,0,0,0,0,0,0,0,0,0,0,0,0,0,0,0,0,0,-6.66,-6.66,-6.66,-6.66,-6.66,-6.66,-6.66,-6.66,-6.66,-6.66,-6.66,-6.66,-6.66,-6.66,-6.66,-6.66,-6.66,0,0,0,0,0,0],
[0,0,0,0,0,0,0,0,0,0,0,0,0,0,0,0,0,0,0,0,0,0,0,0,0,0,0,0,0,0,0,0,0,0,0,0,0,0,0,0,0,0,0,0,0,0,0,0,0,0,0,0,0,0,0,0,0,0,0,0,0,0,0,0,0,0,0,0,0,0,0,0,0,0,0,0,0,0,0,0,0,0,0,0,0,0,0,0,0,0,0,0,0,0,0,0,0,0,0,0,0,0,0,0,0,0,0,0,0,0,0,0,0,0,0,0,0,0,0,0,0,0,0,0,0,0,0,0,0,0,0,0,0,0,0,0,0,0,-6.66,-6.66,-6.66,-6.66,-6.66,-6.66,-6.66,-6.66,-6.66,-6.66,-6.66,-6.66,-6.66,-6.66,0,0,0,0,0,0,0,0],
[0,0,0,0,0,0,0,0,0,0,0,0,0,0,0,0,0,0,0,0,0,0,0,0,0,0,0,0,0,0,0,0,0,0,0,0,0,0,0,0,0,0,0,0,0,0,0,0,0,0,0,0,0,0,0,0,0,0,0,0,0,0,0,0,0,0,0,0,0,0,0,0,0,0,0,0,0,0,0,0,0,0,0,0,0,0,0,0,0,0,0,0,0,0,0,0,0,0,0,0,0,0,0,0,0,0,0,0,0,0,0,0,0,0,0,0,0,0,0,0,0,0,0,0,0,0,0,0,0,0,0,0,0,0,0,0,0,0,0,-6.66,-6.66,-6.66,-6.66,-6.66,-6.66,-6.66,-6.66,0,-6.66,-6.66,-6.66,0,0,0,0,0,0,0,0,0],
[0,0,0,0,0,0,0,0,0,0,0,0,0,0,0,0,0,0,0,0,0,0,0,0,0,0,0,0,0,0,0,0,0,0,0,0,0,0,0,0,0,0,0,0,0,0,0,0,0,0,0,0,0,0,0,0,0,0,0,0,0,0,0,0,0,0,0,0,0,0,0,0,0,0,0,0,0,0,0,0,0,0,0,0,0,0,0,0,0,0,0,0,0,0,0,0,0,0,0,0,0,0,0,0,0,0,0,0,0,0,0,0,0,0,0,0,0,0,0,0,0,0,0,0,0,0,0,0,0,0,0,0,0,0,0,0,0,0,0,0,0,-6.66,-6.66,-6.66,-6.66,-6.66,0,0,0,0,0,0,0,0,0,0,0,0,0,0],
[0,0,0,0,0,0,0,0,0,0,0,0,0,0,0,0,0,0,0,0,0,0,0,0,0,0,0,0,0,0,0,0,0,0,0,0,0,0,0,0,0,0,0,0,0,0,0,0,0,0,0,0,0,0,0,0,0,0,0,0,0,0,0,0,0,0,0,0,0,0,0,0,0,0,0,0,0,0,0,0,0,0,0,0,0,0,0,0,0,0,0,0,0,0,0,0,0,0,0,0,0,0,0,0,0,0,0,0,0,0,0,0,0,0,0,0,0,0,0,0,0,0,0,0,0,0,0,0,0,0,0,0,0,0,0,0,0,0,0,0,0,0,0,0,0,0,0,0,0,0,0,0,0,0,0,0,0,0,0,0],
[0,0,0,0,0,0,0,0,0,0,0,0,0,0,0,0,0,0,0,0,0,0,0,0,0,0,0,0,0,0,0,0,0,0,0,0,0,0,0,0,0,0,0,0,0,0,0,0,0,0,0,0,0,0,0,0,0,0,0,0,0,0,0,0,0,0,0,0,0,0,0,0,0,0,0,0,0,0,0,0,0,0,0,0,0,0,0,0,0,0,0,0,0,0,0,0,0,0,0,0,0,0,0,0,0,0,0,0,0,0,0,0,0,0,0,0,0,0,0,0,0,0,0,0,0,0,0,0,0,0,0,0,0,0,0,0,0,0,0,0,0,0,0,0,0,0,0,0,0,0,0,0,0,0,0,0,0,0,0,0],
[0,0,0,0,0,0,0,0,0,0,0,0,0,0,0,0,0,0,0,0,0,0,0,0,0,0,0,0,0,0,0,0,0,0,0,0,0,0,0,0,0,0,0,0,0,0,0,0,0,0,0,0,0,0,0,0,0,0,0,0,0,0,0,0,0,0,0,0,0,0,0,0,0,0,0,0,0,0,0,0,0,0,0,0,0,0,0,0,0,0,0,0,0,0,0,0,0,0,0,0,0,0,0,0,0,0,0,0,0,0,0,0,0,0,0,0,0,0,0,0,0,0,0,0,0,0,0,0,0,0,0,0,0,0,0,0,0,0,0,0,0,0,0,0,0,0,0,0,0,0,0,0,0,0,0,0,0,0,0,0],
[0,0,0,0,0,0,0,0,0,0,0,0,0,0,0,0,0,0,0,0,0,0,0,0,0,0,0,0,0,0,0,0,0,0,0,0,0,0,0,0,0,0,0,0,0,0,0,0,0,0,0,0,0,0,0,0,0,0,0,0,0,0,0,0,0,0,0,0,0,0,0,0,0,0,0,0,0,0,0,0,0,0,0,0,0,0,0,0,0,0,0,0,0,0,0,0,0,0,0,0,0,0,0,0,0,0,0,0,0,0,0,0,0,0,0,0,0,0,0,0,0,0,0,0,0,0,0,0,0,0,0,0,0,0,0,0,0,0,0,0,0,0,0,0,0,0,0,0,0,0,0,0,0,0,0,0,0,0,0,0],
[0,0,0,0,0,0,0,0,0,0,0,0,0,0,0,0,0,0,0,0,0,0,0,0,0,0,0,0,0,0,0,0,0,0,0,0,0,0,0,0,0,0,0,0,0,0,0,0,0,0,0,0,0,0,0,0,0,0,0,0,0,0,0,0,0,0,0,0,0,0,0,0,0,0,0,0,0,0,0,0,0,0,0,0,0,0,0,0,0,0,0,0,0,0,0,0,0,0,0,0,0,0,0,0,0,0,0,0,0,0,0,0,0,0,0,0,0,0,0,0,0,0,0,0,0,0,0,0,0,0,0,0,0,0,0,0,0,0,0,0,0,0,0,0,0,0,0,0,0,0,0,0,0,0,0,0,0,0,0,0],
[0,0,0,0,0,0,0,0,0,0,0,0,0,0,0,0,0,0,0,0,0,0,0,0,0,0,0,0,0,0,0,0,0,0,0,0,0,0,0,0,0,0,0,0,0,0,0,0,0,0,0,0,0,0,0,0,0,0,0,0,0,0,0,0,0,0,0,0,0,0,0,0,0,0,0,0,0,0,0,0,0,0,0,0,0,0,0,0,0,0,0,0,0,0,0,0,0,0,0,0,0,0,0,0,0,0,0,0,0,0,0,0,0,0,0,0,0,0,0,0,0,0,0,0,0,0,0,0,0,0,0,0,0,0,0,0,0,0,0,0,0,0,0,0,0,0,0,0,0,0,0,0,0,0,0,0,0,0,0,0],
[0,0,0,0,0,0,0,0,0,0,0,0,0,0,0,0,0,0,0,0,0,0,0,0,0,0,0,0,0,0,0,0,0,0,0,0,0,0,0,0,0,0,0,0,0,0,0,0,0,0,0,0,0,0,0,0,0,0,0,0,0,0,0,0,0,0,0,0,0,0,0,0,0,0,0,0,0,0,0,0,0,0,0,0,0,0,0,0,0,0,0,0,0,0,0,0,0,0,0,0,0,0,0,0,0,0,0,0,0,0,0,0,0,0,0,0,0,0,0,0,0,0,0,0,0,0,0,0,0,0,0,0,0,0,0,0,0,0,0,0,0,0,0,0,0,0,0,0,0,0,0,0,0,0,0,0,0,0,0,0],
[0,0,0,0,0,0,0,0,0,0,0,0,0,0,0,0,0,0,0,0,0,0,0,0,0,0,0,0,0,0,0,0,0,0,0,0,0,0,0,0,0,0,0,0,0,0,0,0,0,0,0,0,0,0,0,0,0,0,0,0,0,0,0,0,0,0,0,0,0,0,0,0,0,0,0,0,0,0,0,0,0,0,0,0,0,0,0,0,0,0,0,0,0,0,0,0,0,0,0,0,0,0,0,0,0,0,0,0,0,0,0,0,0,0,0,0,0,0,0,0,0,0,0,0,0,0,0,0,0,0,0,0,0,0,0,0,0,0,0,0,0,0,0,0,0,0,0,0,0,0,0,0,0,0,0,0,0,0,0,0],
[0,0,0,0,0,0,0,0,0,0,0,0,0,0,0,0,0,0,0,0,0,0,0,0,0,0,0,0,0,0,0,0,0,0,0,0,0,0,0,0,0,0,0,0,0,0,0,0,0,0,0,0,0,0,0,0,0,0,0,0,0,0,0,0,0,0,0,0,0,0,0,0,0,0,0,0,0,0,0,0,0,0,0,0,0,0,0,0,0,0,0,0,0,0,0,0,0,0,0,0,0,0,0,0,0,0,0,0,0,0,0,0,0,0,0,0,0,0,0,0,0,0,0,0,0,0,0,0,0,0,0,0,0,0,0,0,0,0,0,0,0,0,0,0,0,0,0,0,0,0,0,0,0,0,0,0,0,0,0,0]]