[[0,0,0,0,0,0,0,0,0,0,0,0,0,0,0,0,0,0,0,0,0,0,0,0,0,0,0,0,0,0,0,0,0,0,0,0,0,0,0,0,0,0,0,0,0,0,0,0,0,0,0,0,0,0,0,0,0,0,0,0,0,0,0,0,0,0,0,0,0,0,0,0,0,0,0,0,0,0,0,0,0,0,0,0,0,0,0,0,0,0,0,0,0,0,0,0,0,0,0,0,0,0,0,0,0,0,0,0,0,0,0,0,0,0,0,0,0,0,0,0],
[0,0,0,0,0,0,0,0,0,0,0,0,0,0,0,0,0,0,0,0,0,0,0,0,0,0,0,0,0,0,0,0,0,0,0,0,0,0,0,0,0,0,0,0,0,0,0,0,0,0,0,0,0,0,0,0,0,0,0,0,0,0,0,0,0,0,0,0,0,0,0,0,0,0,0,0,0,0,0,0,0,0,0,0,0,0,0,0,0,0,0,0,0,0,0,0,0,0,0,0,0,0,0,0,0,0,0,0,0,0,0,0,0,0,0,0,0,0,0,0],
[0,0,0,0,0,0,0,0,0,0,0,0,0,0,0,0,0,0,0,0,0,0,0,0,0,0,0,0,0,0,0,0,0,0,0,0,0,0,0,0,0,0,0,0,0,0,0,0,0,0,0,0,0,0,0,0,0,0,0,0,0,0,0,0,0,0,0,0,0,0,0,0,0,0,0,0,0,0,0,0,0,0,0,0,0,0,0,0,0,0,0,0,0,0,0,0,0,0,0,0,0,0,0,0,0,0,0,0,0,0,0,0,0,0,0,0,0,0,0,0],
[0,0,0,0,0,0,0,0,0,0,0,0,0,0,0,0,0,0,0,0,0,0,0,0,0,0,0,0,0,0,0,0,0,0,0,0,0,0,0,0,0,0,0,0,0,0,0,0,0,0,0,0,0,0,0,0,0,0,0,0,0,0,0,0,0,0,0,0,0,0,0,0,0,0,0,0,0,0,0,0,0,0,0,0,0,0,0,0,0,0,0,0,0,0,0,0,0,0,0,0,0,0,0,0,0,0,0,0,0,0,0,0,0,0,0,0,0,0,0,0],
[0,0,0,0,0,0,0,0,0,0,0,0,0,0,0,0,0,0,0,0,0,0,0,0,0,0,0,0,0,0,0,0,0,0,0,0,0,0,0,0,0,0,0,0,0,0,0,0,0,0,0,0,0,0,0,0,0,0,0,0,0,0,0,0,0,0,0,0,0,0,0,0,0,0,0,0,0,0,0,0,0,0,0,0,0,0,0,0,0,0,0,0,0,0,0,0,0,0,0,0,0,0,0,0,0,0,0,0,0,0,0,0,0,0,0,0,0,0,0,0],
[0,0,0,0,0,0,0,0,0,0,0,0,0,0,0,0,0,0,0,0,0,0,0,0,0,0,0,0,0,0,0,0,0,0,0,0,0,0,0,0,0,0,0,0,0,0,0,0,0,0,0,0,0,0,0,0,0,0,0,0,0,0,0,0,0,0,0,0,0,0,0,0,0,0,0,0,0,0,0,0,0,0,0,0,0,0,0,0,0,0,0,0,0,0,0,0,0,0,0,0,0,0,0,0,0,0,0,0,0,0,0,0,0,0,0,0,0,0,0,0],
[0,0,0,0,0,0,0,0,0,0,0,0,0,0,0,0,0,0,0,0,0,0,0,0,0,0,0,0,0,0,0,0,0,0,0,0,0,0,0,0,0,0,0,0,0,0,0,0,0,0,0,0,0,0,0,0,0,0,0,0,0,0,0,0,0,0,0,0,0,0,0,0,0,0,0,0,0,0,0,0,0,0,0,0,0,0,0,0,0,0,0,0,0,0,0,0,0,0,0,0,0,0,0,0,0,0,0,0,0,0,0,0,0,0,0,0,0,0,0,0],
[0,0,0,0,0,0,0,0,0,0,0,0,0,0,0,0,0,0,0,0,0,0,0,0,0,0,0,0,0,0,0,0,0,0,0,0,0,0,0,0,0,0,0,0,0,0,0,0,0,0,0,0,0,0,0,0,0,0,0,0,0,0,0,0,0,0,0,0,0,0,0,0,0,0,0,0,0,0,0,0,0,0,0,0,0,0,0,0,0,0,0,0,0,0,0,0,0,0,0,0,0,0,0,0,0,0,0,0,0,0,0,0,0,0,0,0,0,0,0,0],
[0,0,0,0,0,0,0,0,0,0,0,0,0,0,0,0,0,0,0,0,0,0,0,0,0,0,0,0,0,0,0,0,0,0,0,0,0,0,0,0,0,0,0,0,0,0,0,0,0,0,0,0,0,0,0,0,0,0,0,0,0,0,0,0,0,0,0,0,0,0,0,0,0,0,0,0,0,0,0,0,0,0,0,0,0,0,0,0,0,0,0,0,0,0,0,0,0,0,0,0,0,0,0,0,0,0,0,0,0,0,0,0,0,0,0,0,0,0,0,0],
[0,0,0,0,0,0,0,0,0,0,0,0,0,0,0,0,0,0,0,0,0,0,0,0,0,0,0,0,0,0,0,0,0,0,0,0,0,0,0,0,0,0,0,0,0,0,0,0,0,0,0,0,0,0,0,0,0,0,0,0,0,0,0,0,0,0,0,0,0,0,0,0,0,0,0,0,0,0,0,0,0,0,0,0,0,0,0,0,0,0,0,0,0,0,0,0,0,0,0,0,0,0,0,0,0,0,0,0,0,0,0,0,0,0,0,0,0,0,0,0],
[0,0,0,0,0,0,0,0,0,0,0,0,0,0,0,0,0,0,0,0,0,0,0,0,0,0,0,0,0,0,0,0,0,0,0,0,0,0,0,0,0,0,0,0,0,0,0,0,0,0,0,0,0,0,0,0,0,0,0,0,0,0,0,0,0,0,0,0,0,0,0,0,0,0,0,0,0,0,0,0,0,0,0,0,0,0,0,0,0,0,0,0,0,0,0,0,0,0,0,0,0,0,0,0,0,0,0,0,0,0,0,0,0,0,0,0,0,0,0,0],
[0,0,0,0,0,0,0,0,0,0,0,0,0,0,0,0,0,0,0,0,0,0,0,0,0,0,0,0,0,0,0,0,0,0,0,0,0,0,0,0,0,0,0,0,0,0,0,0,0,0,0,0,0,0,0,0,0,0,0,0,0,0,0,0,0,0,0,0,0,0,0,0,0,0,0,0,0,0,0,0,0,0,0,0,0,0,0,0,0,0,0,0,0,0,0,0,0,0,0,0,0,0,0,0,0,0,0,0,0,0,0,0,0,0,0,0,0,0,0,0],
[0,0,0,0,0,0,0,0,0,0,0,0,0,0,0,0,0,0,0,0,0,0,0,0,0,0,0,0,0,0,0,0,0,0,0,0,0,0,0,0,0,0,0,0,0,0,0,0,0,0,0,0,0,0,0,0,0,0,0,0,0,0,0,0,0,0,0,0,0,0,0,0,0,0,0,0,0,0,0,0,0,0,0,0,0,0,0,0,0,0,0,0,0,0,0,0,0,0,0,0,0,0,0,0,0,0,0,0,0,0,0,0,0,0,0,0,0,0,0,0],
[0,0,0,0,0,0,0,0,0,0,0,0,0,0,0,0,0,0,0,0,0,0,0,0,0,0,0,0,0,0,0,0,0,0,0,0,0,0,0,0,0,0,0,0,0,0,0,0,0,0,0,0,0,0,0,0,0,0,0,0,0,0,0,0,0,0,0,0,0,0,0,0,0,0,0,0,0,0,0,0,0,0,0,0,0,0,0,0,0,0,0,0,0,0,0,0,0,0,0,0,0,0,0,0,0,0,0,0,0,0,0,0,0,0,0,0,0,0,0,0],
[0,0,0,0,0,0,0,0,0,0,0,0,0,0,0,0,0,0,0,0,0,0,0,0,0,0,0,0,0,0,0,0,0,0,0,0,0,0,0,0,0,0,0,0,0,0,0,0,0,0,0,0,0,0,0,0,22.71,22.71,22.71,22.71,22.71,22.71,22.71,22.71,22.71,0,0,0,0,0,0,0,0,0,0,0,0,0,0,0,0,0,0,0,0,0,0,0,0,0,0,0,0,0,0,0,0,0,0,0,0,0,0,0,0,0,0,0,0,0,0,0,0,0,0,0,0,0,0,0],
[0,0,0,0,0,0,0,0,0,0,0,0,0,0,0,0,0,0,0,0,0,0,0,0,0,0,0,0,0,0,0,0,0,0,0,0,0,0,0,0,0,0,0,0,0,0,0,0,0,0,0,0,0,0,0,22.71,22.71,22.71,22.71,22.71,22.71,22.71,22.71,22.71,22.71,22.71,0,0,0,0,0,0,0,0,0,0,0,0,0,0,0,0,0,0,0,0,0,0,0,0,0,0,0,0,0,0,0,0,0,0,0,0,0,0,0,0,0,0,0,0,0,0,0,0,0,0,0,0,0,0],
[0,0,0,0,0,0,0,0,0,0,0,0,0,0,0,0,0,0,0,0,0,0,0,0,0,0,0,0,0,0,0,0,0,0,0,0,0,0,0,0,0,0,0,0,0,0,0,0,0,0,0,0,0,0,0,22.71,22.71,22.71,22.71,22.71,22.73,22.71,22.71,22.71,22.71,22.71,0,0,0,0,0,0,0,0,0,0,0,0,0,0,0,0,0,0,0,0,0,0,0,0,0,0,0,0,0,0,0,0,0,0,0,0,0,0,0,0,0,0,0,0,0,0,0,0,0,0,0,0,0,0],
[0,0,0,0,0,0,0,0,0,0,0,0,0,0,0,0,0,0,0,0,0,0,0,0,0,0,0,0,0,0,0,0,0,0,0,0,0,0,0,0,0,0,0,0,0,0,0,0,0,0,0,0,0,0,0,0,22.71,22.71,22.71,22.73,22.74,22.73,22.71,22.71,22.71,0,0,0,0,0,0,0,0,0,0,0,0,0,0,0,0,0,0,0,0,0,0,0,0,0,0,0,0,0,0,0,0,0,0,0,0,0,0,0,0,0,0,0,0,0,0,0,0,0,0,0,0,0,0,0],
[0,0,0,0,0,0,0,0,0,0,0,0,0,0,0,0,0,0,0,0,0,0,0,0,0,0,0,0,0,0,0,0,0,0,0,0,0,0,0,0,0,0,0,0,0,0,0,0,0,0,0,0,0,0,0,0,22.71,22.71,22.72,22.74,22.76,22.74,22.72,22.71,22.71,0,0,0,0,0,0,0,0,0,0,0,0,0,0,0,0,0,0,0,0,0,0,0,0,0,0,0,0,0,0,0,0,0,0,0,0,0,0,0,0,0,0,0,0,0,0,0,0,0,0,0,0,0,0,0],
[0,0,0,0,0,0,0,0,0,0,0,0,0,0,0,0,0,0,0,0,0,0,0,0,0,0,0,0,0,0,0,0,0,0,0,0,0,0,0,0,0,0,0,0,0,0,0,0,0,0,0,0,0,0,0,22.61,22.68,22.72,22.74,22.76,22.77,22.76,22.74,22.72,22.68,22.58,0,0,0,0,0,0,0,0,0,0,0,0,0,0,0,0,0,0,0,0,0,0,0,0,0,0,0,0,0,0,0,0,0,0,0,0,0,0,0,0,0,0,0,0,0,0,0,0,0,0,0,0,0,0],
[0,0,0,0,0,0,0,0,0,0,0,0,0,0,0,0,0,0,0,0,0,0,0,0,0,0,0,0,0,0,0,0,0,0,0,0,0,0,0,0,0,0,0,0,0,0,0,0,0,0,0,0,0,22.40,22.48,22.54,22.60,22.76,22.77,22.78,22.79,22.77,22.75,22.69,22.59,22.50,22.40,22.36,0,0,0,0,0,0,0,0,0,0,0,0,0,0,0,0,0,0,0,0,0,0,0,0,0,0,0,0,0,0,0,0,0,0,0,0,0,0,0,0,0,0,0,0,0,0,0,0,0,0,0,0],
[0,0,0,0,0,0,0,0,0,0,0,0,0,0,0,0,0,0,0,0,0,0,0,0,0,0,0,0,0,0,0,0,0,0,0,0,0,0,0,0,0,0,0,0,0,0,0,0,0,0,0,0,22.35,22.37,22.40,22.46,22.51,22.67,22.72,22.71,22.71,22.79,22.71,22.60,22.50,22.41,22.37,22.36,22.34,0,0,0,0,0,0,0,0,0,0,0,0,0,0,0,0,0,0,0,0,0,0,0,0,0,0,0,0,0,0,0,0,0,0,0,0,0,0,0,0,0,0,0,0,0,0,0,0,0,0,0],
[0,0,0,0,0,0,0,0,0,0,0,0,0,0,0,0,0,0,0,0,0,0,0,0,0,0,0,0,0,0,0,0,0,0,0,0,0,0,0,0,0,0,0,0,0,0,0,0,0,0,0,22.33,22.34,22.36,22.37,22.37,22.43,22.52,22.59,22.61,22.61,22.68,22.61,22.51,22.42,22.37,22.36,22.35,22.33,22.32,0,0,0,0,0,0,0,0,0,0,0,0,0,0,0,0,0,0,0,0,0,0,0,0,0,0,0,0,0,0,0,0,0,0,0,0,0,0,0,0,0,0,0,0,0,0,0,0,0,0],
[0,0,0,0,0,0,0,0,0,0,0,0,0,0,0,0,0,0,0,0,0,0,0,0,0,0,0,0,0,0,0,0,0,0,0,0,0,0,0,0,0,0,0,0,0,0,0,0,0,22.29,22.30,22.32,22.34,22.35,22.37,22.37,22.37,22.37,22.44,22.50,22.51,22.51,22.44,22.37,22.37,22.36,22.35,22.33,22.32,22.31,22.30,22.29,0,0,0,0,0,0,0,0,0,0,0,0,0,0,0,0,0,0,0,0,0,0,0,0,0,0,0,0,0,0,0,0,0,0,0,0,0,0,0,0,0,0,0,0,0,0,0,0],
[0,0,0,0,0,0,0,0,0,0,0,0,0,0,0,0,0,0,0,0,0,0,0,0,0,0,0,0,0,0,0,0,0,0,0,0,0,0,0,0,0,0,0,0,0,0,0,0,0,22.29,22.29,22.31,22.33,22.35,22.36,22.36,22.37,22.37,22.37,22.37,22.40,22.37,22.37,22.37,22.37,22.36,22.35,22.34,22.33,22.31,22.30,22.29,0,0,0,0,0,0,0,0,0,0,0,0,0,0,0,0,0,0,0,0,0,0,0,0,0,0,0,0,0,0,0,0,0,0,0,0,0,0,0,0,0,0,0,0,0,0,0,0],
[0,0,0,0,0,0,0,0,0,0,0,0,0,0,0,0,0,0,0,0,0,0,0,0,0,0,0,0,0,0,0,0,0,0,0,0,0,0,0,0,0,0,0,0,0,0,0,0,22.29,22.29,22.29,22.30,22.32,22.34,22.36,22.36,22.36,22.36,22.37,22.37,22.37,22.37,22.37,22.36,22.36,22.36,22.35,22.34,22.33,22.32,22.31,22.29,22.29,0,0,0,0,0,0,0,0,0,0,0,0,0,0,0,0,0,0,0,0,0,0,0,0,0,0,0,0,0,0,0,0,0,0,0,0,0,0,0,0,0,0,0,0,0,0,0],
[0,0,0,0,0,0,0,0,0,0,0,0,0,0,0,0,0,0,0,0,0,0,0,0,0,0,0,0,0,0,0,0,0,0,0,0,0,0,0,0,0,0,0,0,0,0,0,0,22.29,22.29,22.29,22.30,22.31,22.33,22.35,22.35,22.36,22.36,22.36,22.36,22.37,22.36,22.36,22.36,22.36,22.36,22.35,22.35,22.33,22.32,22.31,22.30,22.29,0,0,0,0,0,0,0,0,0,0,0,0,0,0,0,0,0,0,0,0,0,0,0,0,0,0,0,0,0,0,0,0,0,0,0,0,0,0,0,0,0,0,0,0,0,0,0],
[0,0,0,0,0,0,0,0,0,0,0,0,0,0,0,0,0,0,0,0,0,0,0,0,0,0,0,0,0,0,0,0,0,0,0,0,0,0,0,0,0,0,0,0,0,0,0,22.29,22.29,22.29,22.29,22.29,22.31,22.32,22.34,22.35,22.35,22.35,22.36,22.36,22.37,22.36,22.36,22.35,22.35,22.35,22.35,22.35,22.34,22.33,22.32,22.30,22.29,22.29,0,0,0,0,0,0,0,0,0,0,0,0,0,0,0,0,0,0,0,0,0,0,0,0,0,0,0,0,0,0,0,0,0,0,0,0,0,0,0,0,0,0,0,0,0,0],
[0,0,0,0,0,0,0,0,0,0,0,0,0,0,0,0,0,0,0,0,0,0,0,0,0,0,0,0,0,0,0,0,0,0,0,0,0,0,0,0,0,0,0,0,0,0,0,22.29,22.29,22.29,22.29,22.29,22.30,22.32,22.33,22.34,22.35,22.35,22.35,22.35,22.37,22.35,22.35,22.35,22.35,22.35,22.35,22.35,22.34,22.33,22.32,22.31,22.30,22.29,0,0,0,0,0,0,0,0,0,0,0,0,0,0,0,0,0,0,0,0,0,0,0,0,0,0,0,0,0,0,0,0,0,0,0,0,0,0,0,0,0,0,0,0,0,0],
[0,0,0,0,0,0,0,0,0,0,0,0,0,0,0,0,0,0,0,0,0,0,0,0,0,0,0,0,0,0,0,0,0,0,0,0,0,0,0,0,0,0,0,0,0,0,0,22.29,22.29,22.29,22.29,22.29,22.29,22.31,22.33,22.34,22.34,22.34,22.35,22.35,22.37,22.35,22.35,22.34,22.34,22.34,22.34,22.34,22.34,22.33,22.32,22.31,22.30,22.29,0,0,0,0,0,0,0,0,0,0,0,0,0,0,0,0,0,0,0,0,0,0,0,0,0,0,0,0,0,0,0,0,0,0,0,0,0,0,0,0,0,0,0,0,0,0],
[0,0,0,0,0,0,0,0,0,0,0,0,0,0,0,0,0,0,0,0,0,0,0,0,0,0,0,0,0,0,0,0,0,0,0,0,0,0,0,0,0,0,0,0,0,0,0,22.29,22.29,22.29,22.29,22.29,22.29,22.30,22.32,22.33,22.34,22.34,22.34,22.35,22.37,22.35,22.34,22.34,22.34,22.34,22.34,22.34,22.34,22.33,22.32,22.31,22.30,22.29,0,0,0,0,0,0,0,0,0,0,0,0,0,0,0,0,0,0,0,0,0,0,0,0,0,0,0,0,0,0,0,0,0,0,0,0,0,0,0,0,0,0,0,0,0,0],
[0,0,0,0,0,0,0,0,0,0,0,0,0,0,0,0,0,0,0,0,0,0,0,0,0,0,0,0,0,0,0,0,0,0,0,0,0,0,0,0,0,0,0,0,0,0,0,22.29,22.29,22.29,22.29,22.29,22.29,22.29,22.31,22.33,22.33,22.33,22.34,22.36,22.37,22.35,22.34,22.33,22.33,22.33,22.33,22.33,22.33,22.33,22.32,22.31,22.30,22.29,0,0,0,0,0,0,0,0,0,0,0,0,0,0,0,0,0,0,0,0,0,0,0,0,0,0,0,0,0,0,0,0,0,0,0,0,0,0,0,0,0,0,0,0,0,0],
[0,0,0,0,0,0,0,0,0,0,0,0,0,0,0,0,0,0,0,0,0,0,0,0,0,0,0,0,0,0,0,0,0,0,0,0,0,0,0,0,0,0,0,0,0,0,22.29,22.29,22.29,22.29,22.29,22.29,22.29,22.29,22.30,22.32,22.33,22.33,22.33,22.36,22.37,22.35,22.33,22.33,22.33,22.33,22.33,22.33,22.33,22.33,22.32,22.31,22.30,22.29,22.29,0,0,0,0,0,0,0,0,0,0,0,0,0,0,0,0,0,0,0,0,0,0,0,0,0,0,0,0,0,0,0,0,0,0,0,0,0,0,0,0,0,0,0,0,0],
[0,0,0,0,0,0,0,0,0,0,0,0,0,0,0,0,0,0,0,0,0,0,0,0,0,0,0,0,0,0,0,0,0,0,0,0,0,0,0,0,0,0,0,0,0,0,22.29,22.29,22.29,22.29,22.29,22.29,22.29,22.29,22.29,22.31,22.32,22.32,22.33,22.37,22.37,22.35,22.33,22.32,22.32,22.32,22.32,22.32,22.32,22.32,22.32,22.31,22.30,22.29,22.29,0,0,0,0,0,0,0,0,0,0,0,0,0,0,0,0,0,0,0,0,0,0,0,0,0,0,0,0,0,0,0,0,0,0,0,0,0,0,0,0,0,0,0,0,0],
[0,0,0,0,0,0,0,0,0,0,0,0,0,0,0,0,0,0,0,0,0,0,0,0,0,0,0,0,0,0,0,0,0,0,0,0,0,0,0,0,0,0,0,0,0,0,22.29,22.29,22.29,22.29,22.29,22.29,22.29,22.29,22.29,22.30,22.32,22.32,22.32,22.37,22.37,22.35,22.32,22.32,22.32,22.32,22.32,22.32,22.32,22.32,22.32,22.31,22.30,22.29,22.29,0,0,0,0,0,0,0,0,0,0,0,0,0,0,0,0,0,0,0,0,0,0,0,0,0,0,0,0,0,0,0,0,0,0,0,0,0,0,0,0,0,0,0,0,0],
[0,0,0,0,0,0,0,0,0,0,0,0,0,0,0,0,0,0,0,0,0,0,0,0,0,0,0,0,0,0,0,0,0,0,0,0,0,0,0,0,0,0,0,0,0,0,22.29,22.29,22.29,22.29,22.29,22.29,22.29,22.29,22.29,22.30,22.31,22.31,22.32,22.37,22.37,22.35,22.32,22.31,22.31,22.31,22.31,22.31,22.31,22.31,22.31,22.31,22.30,22.29,22.29,0,0,0,0,0,0,0,0,0,0,0,0,0,0,0,0,0,0,0,0,0,0,0,0,0,0,0,0,0,0,0,0,0,0,0,0,0,0,0,0,0,0,0,0,0],
[0,0,0,0,0,0,0,0,0,0,0,0,0,0,0,0,0,0,0,0,0,0,0,0,0,0,0,0,0,0,0,0,0,0,0,0,0,0,0,0,0,0,0,0,0,0,22.29,22.29,22.29,22.29,22.29,22.29,22.29,22.29,22.29,22.29,22.31,22.31,22.33,22.37,22.37,22.35,22.32,22.31,22.31,22.31,22.31,22.31,22.31,22.31,22.31,22.31,22.30,22.29,22.29,0,0,0,0,0,0,0,0,0,0,0,0,0,0,0,0,0,0,0,0,0,0,0,0,0,0,0,0,0,0,0,0,0,0,0,0,0,0,0,0,0,0,0,0,0],
[0,0,0,0,0,0,0,0,0,0,0,0,0,0,0,0,0,0,0,0,0,0,0,0,0,0,0,0,0,0,0,0,0,0,0,0,0,0,0,0,0,0,0,0,0,0,22.29,22.29,22.29,22.29,22.29,22.29,22.29,22.29,22.29,22.29,22.30,22.30,22.33,22.37,22.37,22.35,22.32,22.30,22.30,22.30,22.30,22.30,22.30,22.30,22.30,22.30,22.30,22.29,22.29,0,0,0,0,0,0,0,0,0,0,0,0,0,0,0,0,0,0,0,0,0,0,0,0,0,0,0,0,0,0,0,0,0,0,0,0,0,0,0,0,0,0,0,0,0],
[0,0,0,0,0,0,0,0,0,0,0,0,0,0,0,0,0,0,0,0,0,0,0,0,0,0,0,0,0,0,0,0,0,0,0,0,0,0,0,0,0,0,0,0,0,0,22.29,22.29,22.29,22.29,22.29,22.29,22.29,22.29,22.29,22.29,22.29,22.30,22.34,22.37,22.37,22.35,22.32,22.30,22.30,22.30,22.30,22.30,22.30,22.30,22.30,22.30,22.30,22.29,22.29,0,0,0,0,0,0,0,0,0,0,0,0,0,0,0,0,0,0,0,0,0,0,0,0,0,0,0,0,0,0,0,0,0,0,0,0,0,0,0,0,0,0,0,0,0],
[0,0,0,0,0,0,0,0,0,0,0,0,0,0,0,0,0,0,0,0,0,0,0,0,0,0,0,0,0,0,0,0,0,0,0,0,0,0,0,0,0,0,0,0,0,0,22.29,22.29,22.29,22.29,22.29,22.29,22.29,22.29,22.29,22.29,22.29,22.29,22.35,22.37,22.37,22.35,22.32,22.29,22.29,22.29,22.29,22.29,22.29,22.29,22.29,22.29,22.29,22.29,22.29,0,0,0,0,0,0,0,0,0,0,0,0,0,0,0,0,0,0,0,0,0,0,0,0,0,0,0,0,0,0,0,0,0,0,0,0,0,0,0,0,0,0,0,0,0],
[0,0,0,0,0,0,0,0,0,0,0,0,0,0,0,0,0,0,0,0,0,0,0,0,0,0,0,0,0,0,0,0,0,0,0,0,0,0,0,0,0,0,0,0,0,0,0,22.29,22.29,22.29,22.29,22.29,22.29,22.29,22.29,22.29,22.29,22.30,22.35,22.37,22.37,22.35,22.32,22.30,22.29,22.29,22.29,22.29,22.29,22.29,22.29,22.29,22.29,22.29,0,0,0,0,0,0,0,0,0,0,0,0,0,0,0,0,0,0,0,0,0,0,0,0,0,0,0,0,0,0,0,0,0,0,0,0,0,0,0,0,0,0,0,0,0,0],
[0,0,0,0,0,0,0,0,0,0,0,0,0,0,0,0,0,0,0,0,0,0,0,0,0,0,0,0,0,0,0,0,0,0,0,0,0,0,0,0,19.21,19.21,19.21,19.21,19.21,19.21,19.21,19.21,19.21,19.21,19.21,19.21,19.21,19.21,19.21,0,0,22.31,22.23,22.28,22.30,22.30,22.24,22.31,0,0,19.21,19.21,19.21,19.21,19.21,19.21,19.21,19.21,19.21,19.21,19.21,19.21,19.21,19.21,19.21,0,0,0,0,0,0,0,0,0,0,0,0,0,0,0,0,0,0,0,0,0,0,0,0,0,0,0,0,0,0,0,0,0,0,0,0,0,0,0],
[0,0,0,0,0,0,0,0,0,0,0,0,0,0,0,0,0,0,0,0,0,0,0,0,0,0,0,0,0,0,0,0,0,0,0,0,0,0,0,0,19.21,19.21,19.21,19.21,19.21,19.21,19.21,19.21,19.21,19.21,19.21,19.21,19.21,19.21,19.21,19.21,0,21.95,21.95,21.94,21.93,21.94,21.95,21.95,0,19.21,19.21,19.21,19.21,19.21,19.21,19.21,19.21,19.21,19.21,19.21,19.21,19.21,19.21,19.21,19.21,0,0,0,0,0,0,0,0,0,0,0,0,0,0,0,0,0,0,0,0,0,0,0,0,0,0,0,0,0,0,0,0,0,0,0,0,0,0,0],
[0,0,0,0,0,0,0,0,0,0,0,0,0,0,0,0,0,0,0,0,0,0,0,0,0,0,0,0,0,0,0,0,0,0,0,0,0,0,0,0,19.21,19.21,19.21,19.21,19.21,19.21,19.21,19.21,19.21,19.21,19.21,19.21,19.21,19.21,19.21,19.21,0,21.54,21.57,21.56,21.55,21.56,21.57,21.54,0,19.21,19.21,19.21,19.21,19.21,19.21,19.21,19.21,19.21,19.21,19.21,19.21,19.21,19.21,19.21,19.21,0,0,0,0,0,0,0,0,0,0,0,0,0,0,0,0,0,0,0,0,0,0,0,0,0,0,0,0,0,0,0,0,0,0,0,0,0,0,0],
[0,0,0,0,0,0,0,0,0,0,0,0,0,0,0,0,0,0,0,0,0,0,0,0,0,0,0,0,0,0,0,0,0,0,0,0,0,0,0,0,19.21,19.21,19.21,19.21,19.21,19.21,19.21,19.21,19.21,19.21,19.21,19.21,19.21,19.21,19.21,19.21,0,21.14,21.16,21.18,21.17,21.18,21.16,21.14,0,19.21,19.21,19.21,19.21,19.21,19.21,19.21,19.21,19.21,19.21,19.21,19.21,19.21,19.21,19.21,19.21,0,0,0,0,0,0,0,0,0,0,0,0,0,0,0,0,0,0,0,0,0,0,0,0,0,0,0,0,0,0,0,0,0,0,0,0,0,0,0],
[0,0,0,0,0,0,0,0,0,0,0,0,0,0,0,0,0,0,0,0,0,0,0,0,0,0,0,0,0,0,0,0,0,0,0,0,0,0,0,0,19.21,19.21,19.21,19.21,19.21,19.21,19.21,19.21,19.21,19.21,19.21,19.21,19.21,19.21,19.21,19.21,0,20.73,20.73,20.79,20.79,20.79,20.73,20.73,0,19.21,19.21,19.21,19.21,19.21,19.21,19.21,19.21,19.21,19.21,19.21,19.21,19.21,19.21,19.21,19.21,0,0,0,0,0,0,0,0,0,0,0,0,0,0,0,0,0,0,0,0,0,0,0,0,0,0,0,0,0,0,0,0,0,0,0,0,0,0,0],
[0,0,0,0,0,0,0,0,0,0,0,0,0,0,0,0,0,0,0,0,0,0,0,0,0,0,0,0,0,0,0,0,0,0,0,0,0,0,0,0,19.21,19.21,19.21,19.21,19.21,19.21,19.21,19.21,19.21,19.21,19.21,19.21,19.21,19.21,19.21,19.21,0,20.33,20.33,20.38,20.41,20.38,20.33,20.33,0,19.21,19.21,19.21,19.21,19.21,19.21,19.21,19.21,19.21,19.21,19.21,19.21,19.21,19.21,19.21,19.21,0,0,0,0,0,0,0,0,0,0,0,0,0,0,0,0,0,0,0,0,0,0,0,0,0,0,0,0,0,0,0,0,0,0,0,0,0,0,0],
[0,0,0,0,0,0,0,0,0,0,0,0,0,0,0,0,0,0,0,0,0,0,0,0,0,0,0,0,0,0,0,0,0,0,0,0,0,0,0,0,19.21,19.21,19.21,19.21,19.21,19.21,19.21,19.21,19.21,19.21,19.21,19.21,19.21,19.21,19.21,19.21,0,19.92,19.93,19.97,19.96,19.97,19.93,19.92,0,19.21,19.21,19.21,19.21,19.21,19.21,19.21,19.21,19.21,19.21,19.21,19.21,19.21,19.21,19.21,19.21,0,0,0,0,0,0,0,0,0,0,0,0,0,0,0,0,0,0,0,0,0,0,0,0,0,0,0,0,0,0,0,0,0,0,0,0,0,0,0],
[0,0,0,0,0,0,0,0,0,0,0,0,0,0,0,0,0,0,0,0,0,0,0,0,0,0,0,0,0,0,0,0,0,0,0,0,0,0,0,0,19.21,19.21,19.21,19.21,19.21,19.21,19.21,19.21,19.21,19.21,19.21,19.21,19.21,19.21,19.21,19.21,0,19.52,19.52,19.54,19.55,19.54,19.52,19.52,0,19.21,19.21,19.21,19.21,19.21,19.21,19.21,19.21,19.21,19.21,19.21,19.21,19.21,19.21,19.21,19.21,0,0,0,0,0,0,0,0,0,0,0,0,0,0,0,0,0,0,0,0,0,0,0,0,0,0,0,0,0,0,0,0,0,0,0,0,0,0,0],
[0,0,0,0,0,0,0,0,0,0,0,0,0,0,0,0,0,0,0,0,0,0,0,0,0,0,0,0,0,0,0,0,0,0,0,0,0,0,0,0,19.21,19.21,19.21,19.21,19.21,19.21,19.21,19.21,19.21,19.21,19.21,19.21,19.21,19.21,19.21,19.21,0,19.27,19.27,19.29,19.31,19.29,19.27,19.27,0,19.21,19.21,19.21,19.21,19.21,19.21,19.21,19.21,19.21,19.21,19.21,19.21,19.21,19.21,19.21,19.21,0,0,0,0,0,0,0,0,0,0,0,0,0,0,0,0,0,0,0,0,0,0,0,0,0,0,0,0,0,0,0,0,0,0,0,0,0,0,0],
[0,0,0,0,0,0,0,0,0,0,0,0,0,0,0,0,0,0,0,0,0,0,0,0,0,0,0,0,0,0,0,0,0,0,0,0,0,0,0,0,0,19.21,19.21,19.21,19.21,19.21,19.21,19.21,19.21,19.21,19.21,19.21,19.21,19.21,19.21,19.21,0,19.23,19.25,19.28,19.28,19.28,19.25,19.23,0,19.21,19.21,19.21,19.21,19.21,19.21,19.21,19.21,19.21,19.21,19.21,19.21,19.21,19.21,19.21,0,0,0,0,0,0,0,0,0,0,0,0,0,0,0,0,0,0,0,0,0,0,0,0,0,0,0,0,0,0,0,0,0,0,0,0,0,0,0,0],
[0,0,0,0,0,0,0,0,0,0,0,0,0,0,0,0,0,0,0,0,0,0,0,0,0,0,0,0,0,0,0,0,0,0,0,0,0,0,0,0,0,19.21,19.21,19.21,19.21,19.21,19.21,19.21,19.21,19.21,19.21,19.21,19.21,19.21,19.21,19.21,19.21,19.21,19.24,19.27,19.27,19.27,19.24,19.21,19.21,19.21,19.21,19.21,19.21,19.21,19.21,19.21,19.21,19.21,19.21,19.21,19.21,19.21,19.21,19.21,0,0,0,0,0,0,0,0,0,0,0,0,0,0,0,0,0,0,0,0,0,0,0,0,0,0,0,0,0,0,0,0,0,0,0,0,0,0,0,0],
[0,0,0,0,0,0,0,0,0,0,0,0,0,0,0,0,0,0,0,0,0,0,0,0,0,0,0,0,0,0,0,0,0,0,0,0,0,0,0,0,0,19.21,19.21,19.21,19.21,19.21,19.21,19.21,19.21,19.21,19.21,19.21,19.21,19.21,19.21,19.21,19.21,19.21,19.22,19.26,19.26,19.26,19.22,19.21,19.21,19.21,19.21,19.21,19.21,19.21,19.21,19.21,19.21,19.21,19.21,19.21,19.21,19.21,19.21,19.21,0,0,0,0,0,0,0,0,0,0,0,0,0,0,0,0,0,0,0,0,0,0,0,0,0,0,0,0,0,0,0,0,0,0,0,0,0,0,0,0],
[0,0,0,0,0,0,0,0,0,0,0,0,0,0,0,0,0,0,0,0,0,0,0,0,0,0,0,0,0,0,0,0,0,0,0,0,0,0,0,0,0,0,19.21,19.21,19.21,19.21,19.21,19.21,19.21,19.21,19.21,19.21,19.21,19.21,19.21,19.21,19.21,19.21,19.21,19.24,19.25,19.24,19.21,19.21,19.21,19.21,19.21,19.21,19.21,19.21,19.21,19.21,19.21,19.21,19.21,19.21,19.21,19.21,19.21,0,0,0,0,0,0,0,0,0,0,0,0,0,0,0,0,0,0,0,0,0,0,0,0,0,0,0,0,0,0,0,0,0,0,0,0,0,0,0,0,0],
[0,0,0,0,0,0,0,0,0,0,0,0,0,0,0,0,0,0,0,0,0,0,0,0,0,0,0,0,0,0,0,0,0,0,0,0,0,0,0,0,0,0,0,19.21,19.21,19.21,19.21,19.21,19.21,19.21,19.21,19.21,19.21,19.21,19.21,19.21,19.21,19.21,19.21,19.22,19.24,19.22,19.21,19.21,19.21,19.21,19.21,19.21,19.21,19.21,19.21,19.21,19.21,19.21,19.21,19.21,19.21,19.21,0,0,0,0,0,0,0,0,0,0,0,0,0,0,0,0,0,0,0,0,0,0,0,0,0,0,0,0,0,0,0,0,0,0,0,0,0,0,0,0,0,0],
[0,0,0,0,0,0,0,0,0,0,0,0,0,0,0,0,0,0,0,0,0,0,0,0,0,0,0,0,0,0,0,0,0,0,0,0,0,0,0,0,0,0,0,19.21,19.21,19.21,19.21,19.21,19.21,19.21,19.21,19.21,19.21,19.21,19.21,19.21,19.21,19.21,19.21,19.21,19.23,19.21,19.21,19.21,19.21,19.21,19.21,19.21,19.21,19.21,19.21,19.21,19.21,19.21,19.21,19.21,19.21,19.21,0,0,0,0,0,0,0,0,0,0,0,0,0,0,0,0,0,0,0,0,0,0,0,0,0,0,0,0,0,0,0,0,0,0,0,0,0,0,0,0,0,0],
[0,0,0,0,0,0,0,0,0,0,0,0,0,0,0,0,0,0,0,0,0,0,0,0,0,0,0,0,0,0,0,0,0,0,0,0,0,0,0,0,0,0,0,0,19.21,19.21,19.21,19.21,19.21,19.21,19.21,19.21,19.21,19.21,19.21,19.21,19.21,19.21,19.21,19.21,19.22,19.21,19.21,19.21,19.21,19.21,19.21,19.21,19.21,19.21,19.21,19.21,19.21,19.21,19.21,19.21,19.21,0,0,0,0,0,0,0,0,0,0,0,0,0,0,0,0,0,0,0,0,0,0,0,0,0,0,0,0,0,0,0,0,0,0,0,0,0,0,0,0,0,0,0],
[0,0,0,0,0,0,0,0,0,0,0,0,0,0,0,0,0,0,0,0,0,0,0,0,0,0,0,0,0,0,0,0,0,0,0,0,0,0,0,0,0,0,0,0,19.21,19.21,19.21,19.21,19.21,19.21,19.21,19.21,19.21,19.21,19.21,19.21,19.21,19.21,19.21,19.21,19.21,19.21,19.21,19.21,19.21,19.21,19.21,19.21,19.21,19.21,19.21,19.21,19.21,19.21,19.21,19.21,19.21,0,0,0,0,0,0,0,0,0,0,0,0,0,0,0,0,0,0,0,0,0,0,0,0,0,0,0,0,0,0,0,0,0,0,0,0,0,0,0,0,0,0,0],
[0,0,0,0,0,0,0,0,0,0,0,0,0,0,0,0,0,0,0,0,0,0,0,0,0,0,0,0,0,0,0,0,0,0,0,0,0,0,0,0,0,0,0,19.22,19.21,19.21,19.21,19.21,19.21,19.21,19.21,19.21,19.21,19.21,19.21,19.21,19.21,19.21,19.21,19.21,19.21,19.21,19.21,19.21,19.21,19.21,19.21,19.21,19.21,19.21,19.21,19.21,19.21,19.21,19.21,19.21,19.21,19.22,0,0,0,0,0,0,0,0,0,0,0,0,0,0,0,0,0,0,0,0,0,0,0,0,0,0,0,0,0,0,0,0,0,0,0,0,0,0,0,0,0,0],
[0,0,0,0,0,0,0,0,0,0,0,0,0,0,0,0,0,0,0,0,0,0,0,0,0,0,0,0,0,0,0,0,0,0,0,0,0,0,0,0,0,0,19.24,19.21,19.21,19.21,19.21,19.21,19.21,19.21,19.21,19.21,19.21,19.21,19.21,19.21,19.21,19.21,19.21,19.21,19.21,19.21,19.21,19.21,19.21,19.21,19.21,19.21,19.21,19.21,19.21,19.21,19.21,19.21,19.21,19.21,19.22,19.23,19.24,0,0,0,0,0,0,0,0,0,0,0,0,0,0,0,0,0,0,0,0,0,0,0,0,0,0,0,0,0,0,0,0,0,0,0,0,0,0,0,0,0],
[0,0,0,0,0,0,0,0,0,0,0,0,0,0,0,0,0,0,0,0,0,0,0,0,0,0,0,0,0,0,0,0,0,0,0,0,0,0,0,0,0,19.25,19.23,19.21,19.21,19.21,19.21,19.21,19.21,19.21,19.21,19.21,19.21,19.21,19.21,19.21,19.21,19.21,19.21,19.21,19.21,19.21,19.21,19.21,19.21,19.21,19.21,19.21,19.21,19.21,19.21,19.21,19.21,19.21,19.21,19.22,19.23,19.24,19.25,19.25,0,0,0,0,0,0,0,0,0,0,0,0,0,0,0,0,0,0,0,0,0,0,0,0,0,0,0,0,0,0,0,0,0,0,0,0,0,0,0,0],
[0,0,0,0,0,0,0,0,0,0,0,0,0,0,0,0,0,0,0,0,0,0,0,0,0,0,0,0,0,0,0,0,0,0,0,0,0,0,0,0,19.27,19.24,19.21,19.21,19.21,19.21,19.21,19.21,19.21,19.21,19.21,19.21,19.21,19.21,19.21,19.21,19.21,19.21,19.21,19.21,19.21,19.21,19.21,19.21,19.21,19.21,19.21,19.21,19.21,19.21,19.21,19.21,19.21,19.21,19.22,19.23,19.24,19.24,19.25,19.26,19.27,0,0,0,0,0,0,0,0,0,0,0,0,0,0,0,0,0,0,0,0,0,0,0,0,0,0,0,0,0,0,0,0,0,0,0,0,0,0,0],
[0,0,0,0,0,0,0,0,0,0,0,0,0,0,0,0,0,0,0,0,0,0,0,0,0,0,0,0,0,0,0,0,0,0,0,0,0,0,0,19.29,19.25,19.21,19.21,19.21,19.21,19.21,19.21,19.21,19.21,19.21,19.21,19.21,19.21,19.21,19.21,19.21,19.21,19.21,19.21,19.21,19.21,19.21,19.21,19.21,19.21,19.21,19.21,19.21,19.21,19.21,19.21,19.21,19.21,19.22,19.23,19.23,19.24,19.25,19.26,19.27,19.28,19.29,0,0,0,0,0,0,0,0,0,0,0,0,0,0,0,0,0,0,0,0,0,0,0,0,0,0,0,0,0,0,0,0,0,0,0,0,0,0],
[0,0,0,0,0,0,0,0,0,0,0,0,0,0,0,0,0,0,0,0,0,0,0,0,0,0,0,0,0,0,0,0,0,0,0,0,0,0,19.12,19.26,19.21,19.21,19.21,19.21,19.21,19.21,19.21,19.21,19.21,19.21,19.21,19.21,0,19.21,19.21,19.21,19.21,19.21,19.21,19.21,19.21,19.21,19.21,19.21,19.21,19.21,19.21,19.21,0,19.21,19.21,19.21,19.22,19.23,19.23,19.24,19.25,19.26,19.27,19.28,19.28,19.26,19.12,0,0,0,0,0,0,0,0,0,0,0,0,0,0,0,0,0,0,0,0,0,0,0,0,0,0,0,0,0,0,0,0,0,0,0,0,0],
[0,0,0,0,0,0,0,0,0,0,0,0,0,0,0,0,0,0,0,0,0,0,0,0,0,0,0,0,0,0,0,0,0,0,0,0,0,18.56,18.86,19.12,19.21,19.21,19.21,19.21,19.21,19.21,19.21,19.21,19.21,19.21,19.21,0,0,0,19.21,19.21,19.21,19.21,19.21,19.21,19.21,19.21,19.21,19.21,19.21,19.21,19.21,0,0,0,19.21,19.22,19.21,19.22,19.23,19.24,19.25,19.26,19.27,19.28,19.29,19.10,18.85,18.57,0,0,0,0,0,0,0,0,0,0,0,0,0,0,0,0,0,0,0,0,0,0,0,0,0,0,0,0,0,0,0,0,0,0,0,0],
[0,0,0,0,0,0,0,0,0,0,0,0,0,0,0,0,0,0,0,0,0,0,0,0,0,0,0,0,0,0,0,0,0,0,0,0,18.00,18.31,18.60,18.86,19.12,19.21,19.21,19.21,19.21,19.21,19.21,19.21,19.21,19.21,0,0,0,0,19.21,19.21,19.21,19.21,19.21,19.21,19.21,19.21,19.21,19.21,19.21,19.21,19.21,0,0,0,0,0,19.24,19.21,19.22,19.23,19.24,19.25,19.26,19.27,19.08,18.87,18.59,18.30,18.02,17.74,0,0,0,0,0,0,0,0,0,0,0,0,0,0,0,0,0,0,0,0,0,0,0,0,0,0,0,0,0,0,0,0,0,0],
[0,0,0,0,0,0,0,0,0,0,0,0,0,0,0,0,0,0,0,0,0,0,0,0,0,0,0,0,0,0,0,0,0,0,0,17.46,17.75,18.07,18.33,18.59,18.85,19.11,19.21,19.21,19.21,19.21,19.21,19.21,0,0,0,0,0,0,19.21,19.21,19.21,19.21,19.21,19.21,19.21,19.21,19.21,19.21,19.21,19.21,19.21,0,0,0,0,0,0,19.25,19.21,19.22,19.23,19.24,19.25,19.08,18.84,18.58,18.29,18.01,17.75,17.47,0,0,0,0,0,0,0,0,0,0,0,0,0,0,0,0,0,0,0,0,0,0,0,0,0,0,0,0,0,0,0,0,0,0],
[0,0,0,0,0,0,0,0,0,0,0,0,0,0,0,0,0,0,0,0,0,0,0,0,0,0,0,0,0,0,0,0,0,0,16.90,17.16,17.51,17.80,18.06,18.32,18.58,18.84,19.10,19.21,19.21,19.21,19.21,0,0,0,0,0,0,0,19.21,19.21,19.21,19.21,19.21,19.21,19.21,19.21,19.21,19.21,19.21,19.21,19.21,0,0,0,0,0,0,0,19.27,19.21,19.22,19.23,19.08,18.82,18.56,18.29,18.00,17.71,17.43,17.14,16.90,0,0,0,0,0,0,0,0,0,0,0,0,0,0,0,0,0,0,0,0,0,0,0,0,0,0,0,0,0,0,0,0,0],
[0,0,0,0,0,0,0,0,0,0,0,0,0,0,0,0,0,0,0,0,0,0,0,0,0,0,0,0,0,0,0,0,16.71,16.71,16.75,16.90,17.16,17.51,17.77,18.04,18.31,18.57,18.83,19.10,19.21,19.21,0,0,0,0,0,0,0,0,19.21,19.21,19.21,19.21,19.21,19.21,19.21,19.21,19.21,19.21,19.21,19.21,19.21,0,0,0,0,0,0,0,0,19.29,19.23,19.05,18.79,18.53,18.27,18.00,17.71,17.43,17.14,16.90,16.75,16.71,16.71,0,0,0,0,0,0,0,0,0,0,0,0,0,0,0,0,0,0,0,0,0,0,0,0,0,0,0,0,0,0,0],
[0,0,0,0,0,0,0,0,0,0,0,0,0,0,0,0,0,0,0,0,0,0,0,0,0,0,0,0,0,0,0,0,16.71,16.71,16.71,16.75,16.90,17.16,17.48,17.75,18.01,18.28,18.54,18.81,19.09,0,0,0,0,0,0,0,0,0,19.21,19.21,19.21,19.21,19.21,19.21,19.21,19.21,19.21,19.21,19.21,19.21,19.21,0,0,0,0,0,0,0,0,0,19.04,18.78,18.51,18.24,17.98,17.71,17.43,17.14,16.90,16.75,16.71,16.71,16.71,0,0,0,0,0,0,0,0,0,0,0,0,0,0,0,0,0,0,0,0,0,0,0,0,0,0,0,0,0,0,0],
[0,0,0,0,0,0,0,0,0,0,0,0,0,0,0,0,0,0,0,0,0,0,0,0,0,0,0,0,0,0,0,0,16.71,16.71,16.71,16.71,16.75,16.90,17.16,17.45,17.72,17.98,18.25,18.53,0,0,0,0,0,0,0,0,0,0,19.21,19.21,19.21,19.21,19.21,19.21,19.21,19.21,19.21,19.21,19.21,19.21,19.21,0,0,0,0,0,0,0,0,0,0,18.50,18.23,17.96,17.70,17.43,17.14,16.90,16.75,16.71,16.71,16.71,16.71,0,0,0,0,0,0,0,0,0,0,0,0,0,0,0,0,0,0,0,0,0,0,0,0,0,0,0,0,0,0,0],
[0,0,0,0,0,0,0,0,0,0,0,0,0,0,0,0,0,0,0,0,0,0,0,0,0,0,0,0,0,0,0,0,16.71,16.71,16.71,16.71,16.71,16.75,16.90,17.15,17.42,17.70,17.98,0,0,0,0,0,0,0,0,0,0,0,19.21,19.21,19.21,19.21,19.21,19.21,19.21,19.21,19.21,19.21,19.21,19.21,19.21,0,0,0,0,0,0,0,0,0,0,0,17.97,17.69,17.41,17.14,16.90,16.75,16.71,16.71,16.71,16.71,16.71,0,0,0,0,0,0,0,0,0,0,0,0,0,0,0,0,0,0,0,0,0,0,0,0,0,0,0,0,0,0,0],
[0,0,0,0,0,0,0,0,0,0,0,0,0,0,0,0,0,0,0,0,0,0,0,0,0,0,0,0,0,0,0,0,16.71,16.71,16.71,16.71,16.71,16.71,16.75,16.90,17.17,17.43,0,0,0,0,0,0,0,0,0,0,0,0,19.21,19.21,19.21,19.21,19.21,19.21,19.21,19.21,19.21,19.21,19.21,19.21,19.21,0,0,0,0,0,0,0,0,0,0,0,0,17.43,17.17,16.90,16.75,16.71,16.71,16.71,16.71,16.71,16.71,0,0,0,0,0,0,0,0,0,0,0,0,0,0,0,0,0,0,0,0,0,0,0,0,0,0,0,0,0,0,0],
[0,0,0,0,0,0,0,0,0,0,0,0,0,0,0,0,0,0,0,0,0,0,0,0,0,0,0,0,0,0,0,0,16.71,16.71,16.71,16.71,16.71,16.71,16.71,16.75,0,16.71,16.71,0,0,0,0,0,0,0,0,0,0,0,19.21,19.21,19.21,19.21,19.21,19.21,19.21,19.21,19.21,19.21,19.21,19.21,19.21,0,0,0,0,0,0,0,0,0,0,0,16.71,16.71,0,16.75,16.71,16.71,16.71,16.71,16.71,16.71,16.71,0,0,0,0,0,0,0,0,0,0,0,0,0,0,0,0,0,0,0,0,0,0,0,0,0,0,0,0,0,0,0],
[0,0,0,0,0,0,0,0,0,0,0,0,0,0,0,0,0,0,0,0,0,0,0,0,0,0,0,0,0,0,0,0,16.71,16.71,16.71,16.71,16.71,16.71,16.71,16.71,16.71,16.71,16.71,16.71,0,0,0,0,0,0,0,0,0,0,19.21,19.21,19.21,19.21,19.21,19.21,19.21,19.21,19.21,19.21,19.21,19.21,19.21,0,0,0,0,0,0,0,0,0,0,16.71,16.71,16.71,16.71,16.71,16.71,16.71,16.71,16.71,16.71,16.71,16.71,0,0,0,0,0,0,0,0,0,0,0,0,0,0,0,0,0,0,0,0,0,0,0,0,0,0,0,0,0,0,0],
[0,0,0,0,0,0,0,0,0,0,0,0,0,0,0,0,0,0,0,0,0,0,0,0,0,0,0,0,0,0,0,0,16.71,16.71,16.71,16.71,16.71,16.71,16.71,16.71,16.71,16.71,16.71,16.71,16.71,0,0,0,0,0,0,0,0,0,19.21,19.21,19.21,19.21,19.21,19.21,19.21,19.21,19.21,19.21,19.21,19.21,19.21,0,0,0,0,0,0,0,0,0,16.71,16.71,16.71,16.71,16.71,16.71,16.71,16.71,16.71,16.71,16.71,16.71,16.71,0,0,0,0,0,0,0,0,0,0,0,0,0,0,0,0,0,0,0,0,0,0,0,0,0,0,0,0,0,0,0],
[0,0,0,0,0,0,0,0,0,0,0,0,0,0,0,0,0,0,0,0,0,0,0,0,0,0,0,0,0,0,0,0,16.71,16.71,16.71,16.71,16.71,16.71,16.71,16.71,16.71,16.71,16.71,16.71,16.71,0,0,0,0,0,0,0,0,0,19.21,19.21,19.21,19.21,19.21,19.21,19.21,19.21,19.21,19.21,19.21,19.21,19.21,0,0,0,0,0,0,0,0,0,16.71,16.71,16.71,16.71,16.71,16.71,16.71,16.71,16.71,16.71,16.71,16.71,16.71,0,0,0,0,0,0,0,0,0,0,0,0,0,0,0,0,0,0,0,0,0,0,0,0,0,0,0,0,0,0,0],
[0,0,0,0,0,0,0,0,0,0,0,0,0,0,0,0,0,0,0,0,0,0,0,0,0,0,0,0,0,0,0,0,16.71,16.71,16.71,16.71,16.71,16.71,16.71,16.71,16.71,16.71,16.71,16.71,16.71,0,0,0,0,0,0,0,0,0,19.21,19.21,19.21,19.21,19.21,19.21,19.21,19.21,19.21,19.21,19.21,19.21,19.21,0,0,0,0,0,0,0,0,0,16.71,16.71,16.71,16.71,16.71,16.71,16.71,16.71,16.71,16.71,16.71,16.71,16.71,0,0,0,0,0,0,0,0,0,0,0,0,0,0,0,0,0,0,0,0,0,0,0,0,0,0,0,0,0,0,0],
[0,0,0,0,0,0,0,0,0,0,0,0,0,0,0,0,0,0,0,0,0,0,0,0,0,0,0,0,0,0,0,0,16.71,16.71,16.71,16.71,16.71,16.71,16.71,16.71,16.71,16.71,16.71,16.71,16.71,0,0,0,0,0,0,0,0,0,19.21,19.21,19.21,19.21,19.21,19.21,19.21,19.21,19.21,19.21,19.21,19.21,19.21,0,0,0,0,0,0,0,0,0,16.71,16.71,16.71,16.71,16.71,16.71,16.71,16.71,16.71,16.71,16.71,16.71,16.71,0,0,0,0,0,0,0,0,0,0,0,0,0,0,0,0,0,0,0,0,0,0,0,0,0,0,0,0,0,0,0],
[0,0,0,0,0,0,0,0,0,0,0,0,0,0,0,0,0,0,0,0,0,0,0,0,0,0,0,0,0,0,0,0,16.71,16.71,16.71,16.71,16.71,16.71,16.71,16.71,16.71,16.71,16.71,16.71,16.71,0,0,0,0,0,0,0,0,0,19.21,19.21,19.21,19.21,19.21,19.21,19.21,19.21,19.21,19.21,19.21,19.21,19.21,0,0,0,0,0,0,0,0,0,16.71,16.71,16.71,16.71,16.71,16.71,16.71,16.71,16.71,16.71,16.71,16.71,16.71,0,0,0,0,0,0,0,0,0,0,0,0,0,0,0,0,0,0,0,0,0,0,0,0,0,0,0,0,0,0,0],
[0,0,0,0,0,0,0,0,0,0,0,0,0,0,0,0,0,0,0,0,0,0,0,0,0,0,0,0,0,0,0,0,16.71,16.71,16.71,16.71,16.71,16.71,16.71,16.71,16.71,16.71,16.71,16.71,16.71,0,0,0,0,0,0,0,0,0,19.21,19.21,19.21,19.21,19.21,19.21,19.21,19.21,19.21,19.21,19.21,19.21,19.21,0,0,0,0,0,0,0,0,0,16.71,16.71,16.71,16.71,16.71,16.71,16.71,16.71,16.71,16.71,16.71,16.71,16.71,0,0,0,0,0,0,0,0,0,0,0,0,0,0,0,0,0,0,0,0,0,0,0,0,0,0,0,0,0,0,0],
[0,0,0,0,0,0,0,0,0,0,0,0,0,0,0,0,0,0,0,0,0,0,0,0,0,0,0,0,0,0,0,0,16.71,16.71,16.71,16.71,16.71,16.71,16.71,16.71,16.71,16.71,16.71,16.71,16.71,0,0,0,0,0,0,0,0,0,19.21,19.21,19.21,19.21,19.21,19.21,19.21,19.21,19.21,19.21,19.21,19.21,19.21,0,0,0,0,0,0,0,0,0,16.71,16.71,16.71,16.71,16.71,16.71,16.71,16.71,16.71,16.71,16.71,16.71,16.71,0,0,0,0,0,0,0,0,0,0,0,0,0,0,0,0,0,0,0,0,0,0,0,0,0,0,0,0,0,0,0],
[0,0,0,0,0,0,0,0,0,0,0,0,0,0,0,0,0,0,0,0,0,0,0,0,0,0,0,0,0,0,0,0,16.71,16.71,16.71,16.71,16.71,16.71,16.71,16.71,16.71,16.71,16.71,16.71,0,0,0,0,0,0,0,0,0,0,19.21,19.21,19.21,19.21,19.21,19.21,19.21,19.21,19.21,19.21,19.21,19.21,19.21,0,0,0,0,0,0,0,0,0,0,16.71,16.71,16.71,16.71,16.71,16.71,16.71,16.71,16.71,16.71,16.71,16.71,0,0,0,0,0,0,0,0,0,0,0,0,0,0,0,0,0,0,0,0,0,0,0,0,0,0,0,0,0,0,0],
[0,0,0,0,0,0,0,0,0,0,0,0,0,0,0,0,0,0,0,0,0,0,0,0,0,0,0,0,0,0,0,0,16.71,16.71,16.71,16.71,16.71,16.71,16.71,16.71,16.71,16.71,16.71,0,0,0,0,0,0,0,0,0,0,0,19.21,19.21,19.21,19.21,19.21,19.21,19.21,19.21,19.21,19.21,19.21,19.21,19.21,0,0,0,0,0,0,0,0,0,0,0,16.71,16.71,16.71,16.71,16.71,16.71,16.71,16.71,16.71,16.71,16.71,0,0,0,0,0,0,0,0,0,0,0,0,0,0,0,0,0,0,0,0,0,0,0,0,0,0,0,0,0,0,0],
[0,0,0,0,0,0,0,0,0,0,0,0,0,0,0,0,0,0,0,0,0,0,0,0,0,0,0,0,0,0,0,0,16.71,16.71,16.71,16.71,16.71,16.71,16.71,16.71,16.71,0,0,0,0,0,0,0,0,0,0,0,0,0,19.21,19.21,19.21,19.21,19.21,19.21,19.21,19.21,19.21,19.21,19.21,19.21,19.21,0,0,0,0,0,0,0,0,0,0,0,0,0,16.71,16.71,16.71,16.71,16.71,16.71,16.71,16.71,16.71,0,0,0,0,0,0,0,0,0,0,0,0,0,0,0,0,0,0,0,0,0,0,0,0,0,0,0,0,0,0,0],
[0,0,0,0,0,0,0,0,0,0,0,0,0,0,0,0,0,0,0,0,0,0,0,0,0,0,0,0,0,0,0,0,16.71,16.71,16.71,16.71,16.71,16.71,16.71,16.71,16.71,0,0,0,0,0,0,0,0,0,0,0,0,0,19.21,19.21,19.21,19.21,19.21,19.21,19.21,19.21,19.21,19.21,19.21,19.21,19.21,0,0,0,0,0,0,0,0,0,0,0,0,0,16.71,16.71,16.71,16.71,16.71,16.71,16.71,16.71,16.71,0,0,0,0,0,0,0,0,0,0,0,0,0,0,0,0,0,0,0,0,0,0,0,0,0,0,0,0,0,0,0],
[0,0,0,0,0,0,0,0,0,0,0,0,0,0,0,0,0,0,0,0,0,0,0,0,0,0,0,0,0,0,0,0,16.71,16.71,16.71,16.71,16.71,16.71,16.71,16.71,16.71,0,0,0,0,0,0,0,0,0,0,0,0,0,19.21,19.21,19.21,19.21,19.21,19.21,19.21,19.21,19.21,19.21,19.21,19.21,19.21,0,0,0,0,0,0,0,0,0,0,0,0,0,16.71,16.71,16.71,16.71,16.71,16.71,16.71,16.71,16.71,0,0,0,0,0,0,0,0,0,0,0,0,0,0,0,0,0,0,0,0,0,0,0,0,0,0,0,0,0,0,0],
[0,0,0,0,0,0,0,0,0,0,0,0,0,0,0,0,0,0,0,0,0,0,0,0,0,0,0,0,0,0,0,0,16.71,16.71,16.71,16.71,16.71,16.71,16.71,16.71,16.71,16.71,0,0,0,0,0,0,0,0,0,0,0,0,19.21,19.21,19.21,19.21,19.21,19.21,19.21,19.21,19.21,19.21,19.21,19.21,19.21,0,0,0,0,0,0,0,0,0,0,0,0,16.71,16.71,16.71,16.71,16.71,16.71,16.71,16.71,16.71,16.71,0,0,0,0,0,0,0,0,0,0,0,0,0,0,0,0,0,0,0,0,0,0,0,0,0,0,0,0,0,0,0],
[0,0,0,0,0,0,0,0,0,0,0,0,0,0,0,0,0,0,0,0,0,0,0,0,0,0,0,0,0,0,0,0,16.71,16.71,16.71,16.71,16.71,16.71,16.71,16.71,16.71,16.71,0,0,0,0,0,0,0,0,0,0,0,0,19.21,19.21,19.21,19.21,19.21,19.21,19.21,19.21,19.21,19.21,19.21,19.21,19.21,0,0,0,0,0,0,0,0,0,0,0,0,16.71,16.71,16.71,16.71,16.71,16.71,16.71,16.71,16.71,16.71,0,0,0,0,0,0,0,0,0,0,0,0,0,0,0,0,0,0,0,0,0,0,0,0,0,0,0,0,0,0,0],
[0,0,0,0,0,0,0,0,0,0,0,0,0,0,0,0,0,0,0,0,0,0,0,0,0,0,0,0,0,0,0,0,16.71,16.71,16.71,16.71,16.71,16.71,16.71,16.71,16.71,16.71,0,0,0,0,0,0,0,0,0,0,0,0,19.21,19.21,19.21,19.21,19.21,19.21,19.21,19.21,19.21,19.21,19.21,19.21,19.21,0,0,0,0,0,0,0,0,0,0,0,0,16.71,16.71,16.71,16.71,16.71,16.71,16.71,16.71,16.71,16.71,0,0,0,0,0,0,0,0,0,0,0,0,0,0,0,0,0,0,0,0,0,0,0,0,0,0,0,0,0,0,0],
[0,0,0,0,0,0,0,0,0,0,0,0,0,0,0,0,0,0,0,0,0,0,0,0,0,0,0,0,0,0,0,0,16.71,16.71,16.71,16.71,16.71,16.71,16.71,16.71,16.71,16.71,0,0,0,0,0,0,0,0,0,0,0,0,19.21,19.21,19.21,19.21,19.21,19.21,19.21,19.21,19.21,19.21,19.21,19.21,19.21,0,0,0,0,0,0,0,0,0,0,0,0,16.71,16.71,16.71,16.71,16.71,16.71,16.71,16.71,16.71,16.71,0,0,0,0,0,0,0,0,0,0,0,0,0,0,0,0,0,0,0,0,0,0,0,0,0,0,0,0,0,0,0],
[0,0,0,0,0,0,0,0,0,0,0,0,0,0,0,0,0,0,0,0,0,0,0,0,0,0,0,0,0,0,0,0,16.71,16.71,16.71,16.71,16.71,16.71,16.71,16.71,16.71,16.71,0,0,0,0,0,0,0,0,0,0,0,0,19.21,19.21,19.21,19.21,19.21,19.21,19.21,19.21,19.21,19.21,19.21,19.21,19.21,0,0,0,0,0,0,0,0,0,0,0,0,16.71,16.71,16.71,16.71,16.71,16.71,16.71,16.71,16.71,16.71,0,0,0,0,0,0,0,0,0,0,0,0,0,0,0,0,0,0,0,0,0,0,0,0,0,0,0,0,0,0,0],
[0,0,0,0,0,0,0,0,0,0,0,0,0,0,0,0,0,0,0,0,0,0,0,0,0,0,0,0,0,0,0,0,16.71,16.71,16.71,16.71,16.71,16.71,16.71,16.71,16.71,16.71,0,0,0,0,0,0,0,0,0,0,0,0,19.21,19.21,19.21,19.21,19.21,19.21,19.21,19.21,19.21,19.21,19.21,19.21,19.21,0,0,0,0,0,0,0,0,0,0,0,0,16.71,16.71,16.71,16.71,16.71,16.71,16.71,16.71,16.71,16.71,0,0,0,0,0,0,0,0,0,0,0,0,0,0,0,0,0,0,0,0,0,0,0,0,0,0,0,0,0,0,0],
[0,0,0,0,0,0,0,0,0,0,0,0,0,0,0,0,0,0,0,0,0,0,0,0,0,0,0,0,0,0,0,0,16.71,16.71,16.71,16.71,16.71,16.71,16.71,16.71,16.71,16.71,0,0,0,0,0,0,0,0,0,0,0,0,19.21,19.21,19.21,19.21,19.21,19.21,19.21,19.21,19.21,19.21,19.21,19.21,19.21,0,0,0,0,0,0,0,0,0,0,0,0,16.71,16.71,16.71,16.71,16.71,16.71,16.71,16.71,16.71,16.71,0,0,0,0,0,0,0,0,0,0,0,0,0,0,0,0,0,0,0,0,0,0,0,0,0,0,0,0,0,0,0],
[0,0,0,0,0,0,0,0,0,0,0,0,0,0,0,0,0,0,0,0,0,0,0,0,0,0,0,0,0,0,0,0,16.71,16.71,16.71,16.71,16.71,16.71,16.71,16.71,16.71,16.71,0,0,0,0,0,0,0,0,0,0,0,0,19.21,19.21,19.21,19.21,19.21,19.21,19.21,19.21,19.21,19.21,19.21,19.21,19.21,0,0,0,0,0,0,0,0,0,0,0,0,16.71,16.71,16.71,16.71,16.71,16.71,16.71,16.71,16.71,16.71,0,0,0,0,0,0,0,0,0,0,0,0,0,0,0,0,0,0,0,0,0,0,0,0,0,0,0,0,0,0,0],
[0,0,0,0,0,0,0,0,0,0,0,0,0,0,0,0,0,0,0,0,0,0,0,0,0,0,0,0,0,0,0,0,16.71,16.71,16.71,16.71,16.71,16.71,16.71,16.71,16.71,16.71,0,0,0,0,0,0,0,0,0,0,0,0,19.21,19.21,19.21,19.21,19.21,19.21,19.21,19.21,19.21,19.21,19.21,19.21,19.21,0,0,0,0,0,0,0,0,0,0,0,0,16.71,16.71,16.71,16.71,16.71,16.71,16.71,16.71,16.71,16.71,0,0,0,0,0,0,0,0,0,0,0,0,0,0,0,0,0,0,0,0,0,0,0,0,0,0,0,0,0,0,0],
[0,0,0,0,0,0,0,0,0,0,0,0,0,0,0,0,0,0,0,0,0,0,0,0,0,0,0,0,0,0,0,0,16.71,16.71,16.71,16.71,16.71,16.71,16.71,16.71,16.71,16.71,0,0,0,0,0,0,0,0,0,0,0,0,19.21,19.21,19.21,19.21,19.21,19.21,19.21,19.21,19.21,19.21,19.21,19.21,19.21,0,0,0,0,0,0,0,0,0,0,0,0,16.71,16.71,16.71,16.71,16.71,16.71,16.71,16.71,16.71,16.71,0,0,0,0,0,0,0,0,0,0,0,0,0,0,0,0,0,0,0,0,0,0,0,0,0,0,0,0,0,0,0],
[0,0,0,0,0,0,0,0,0,0,0,0,0,0,0,0,0,0,0,0,0,0,0,0,0,0,0,0,0,0,0,0,16.71,16.71,16.71,16.71,16.71,16.71,16.71,16.71,16.71,16.71,0,0,0,0,0,0,0,0,0,0,0,0,19.21,19.21,19.21,19.21,19.21,19.21,19.21,19.21,19.21,19.21,19.21,19.21,19.21,0,0,0,0,0,0,0,0,0,0,0,0,16.71,16.71,16.71,16.71,16.71,16.71,16.71,16.71,16.71,16.71,0,0,0,0,0,0,0,0,0,0,0,0,0,0,0,0,0,0,0,0,0,0,0,0,0,0,0,0,0,0,0],
[0,0,0,0,0,0,0,0,0,0,0,0,0,0,0,0,0,0,0,0,0,0,0,0,0,0,0,0,0,0,0,0,16.71,16.71,16.71,16.71,16.71,16.71,16.71,16.71,16.71,16.71,0,0,0,0,0,0,0,0,0,0,0,0,19.21,19.21,19.21,19.21,19.21,19.21,19.21,19.21,19.21,19.21,19.21,19.21,19.21,0,0,0,0,0,0,0,0,0,0,0,0,16.71,16.71,16.71,16.71,16.71,16.71,16.71,16.71,16.71,16.71,0,0,0,0,0,0,0,0,0,0,0,0,0,0,0,0,0,0,0,0,0,0,0,0,0,0,0,0,0,0,0],
[0,0,0,0,0,0,0,0,0,0,0,0,0,0,0,0,0,0,0,0,0,0,0,0,0,0,0,0,0,0,0,0,16.71,16.71,16.71,16.71,16.71,16.71,16.71,16.71,16.71,16.71,0,0,0,0,0,0,0,0,0,0,0,0,19.21,19.21,19.21,19.21,19.21,19.21,19.21,19.21,19.21,19.21,19.21,19.21,19.21,0,0,0,0,0,0,0,0,0,0,0,0,16.71,16.71,16.71,16.71,16.71,16.71,16.71,16.71,16.71,16.71,0,0,0,0,0,0,0,0,0,0,0,0,0,0,0,0,0,0,0,0,0,0,0,0,0,0,0,0,0,0,0],
[0,0,0,0,0,0,0,0,0,0,0,0,0,0,0,0,0,0,0,0,0,0,0,0,0,0,0,0,0,0,0,0,16.71,16.71,16.71,16.71,16.71,16.71,16.71,16.71,16.71,16.71,0,0,0,0,0,0,0,0,0,0,0,0,19.21,19.21,19.21,19.21,19.21,19.21,19.21,19.21,19.21,19.21,19.21,19.21,19.21,0,0,0,0,0,0,0,0,0,0,0,0,16.71,16.71,16.71,16.71,16.71,16.71,16.71,16.71,16.71,16.71,0,0,0,0,0,0,0,0,0,0,0,0,0,0,0,0,0,0,0,0,0,0,0,0,0,0,0,0,0,0,0],
[0,0,0,0,0,0,0,0,0,0,0,0,0,0,0,0,0,0,0,0,0,0,0,0,0,0,0,0,0,0,0,0,16.72,16.71,16.71,16.71,16.71,16.71,16.71,16.71,16.71,16.71,0,0,0,0,0,0,0,0,0,0,0,0,19.21,19.21,19.21,19.21,19.21,19.21,19.21,19.21,19.21,19.21,19.21,19.21,19.21,0,0,0,0,0,0,0,0,0,0,0,0,16.71,16.71,16.71,16.71,16.71,16.71,16.71,16.71,16.71,16.72,0,0,0,0,0,0,0,0,0,0,0,0,0,0,0,0,0,0,0,0,0,0,0,0,0,0,0,0,0,0,0],
[0,0,0,0,0,0,0,0,0,0,0,0,0,0,0,0,0,0,0,0,0,0,0,0,0,0,0,0,0,0,0,0,16.72,16.72,16.71,16.71,16.71,16.71,16.71,16.71,16.71,16.71,0,0,0,0,0,0,0,0,0,0,0,0,19.21,19.21,19.21,19.21,19.21,19.21,19.21,19.21,19.21,19.21,19.21,19.21,19.21,0,0,0,0,0,0,0,0,0,0,0,0,16.71,16.71,16.71,16.71,16.71,16.71,16.71,16.71,16.72,16.72,0,0,0,0,0,0,0,0,0,0,0,0,0,0,0,0,0,0,0,0,0,0,0,0,0,0,0,0,0,0,0],
[0,0,0,0,0,0,0,0,0,0,0,0,0,0,0,0,0,0,0,0,0,0,0,0,0,0,0,0,0,0,0,0,16.73,16.72,16.71,16.71,16.71,16.71,16.71,16.71,16.71,16.71,0,0,0,0,0,0,0,0,0,0,0,0,19.21,19.21,19.21,19.21,19.21,19.21,19.21,19.21,19.21,19.21,19.21,19.21,19.21,0,0,0,0,0,0,0,0,0,0,0,0,16.71,16.71,16.71,16.71,16.71,16.71,16.71,16.71,16.72,16.73,0,0,0,0,0,0,0,0,0,0,0,0,0,0,0,0,0,0,0,0,0,0,0,0,0,0,0,0,0,0,0],
[0,0,0,0,0,0,0,0,0,0,0,0,0,0,0,0,0,0,0,0,0,0,0,0,0,0,0,0,0,0,0,0,16.74,16.73,16.72,16.71,16.71,16.71,16.71,16.71,16.71,16.71,0,0,0,0,0,0,0,0,0,0,0,0,19.21,19.21,19.21,19.21,19.21,19.21,19.21,19.21,19.21,19.21,19.21,19.21,19.21,0,0,0,0,0,0,0,0,0,0,0,0,16.71,16.71,16.71,16.71,16.71,16.71,16.71,16.72,16.73,16.74,0,0,0,0,0,0,0,0,0,0,0,0,0,0,0,0,0,0,0,0,0,0,0,0,0,0,0,0,0,0,0],
[0,0,0,0,0,0,0,0,0,0,0,0,0,0,0,0,0,0,0,0,0,0,0,0,0,0,0,0,0,0,0,0,16.75,16.74,16.73,16.71,16.71,16.71,16.71,16.71,16.71,0,0,0,0,0,0,0,0,0,0,0,0,0,19.21,19.21,19.21,19.21,19.21,19.21,19.21,19.21,19.21,19.21,19.21,19.21,19.21,0,0,0,0,0,0,0,0,0,0,0,0,0,16.71,16.71,16.71,16.71,16.71,16.71,16.73,16.74,16.75,0,0,0,0,0,0,0,0,0,0,0,0,0,0,0,0,0,0,0,0,0,0,0,0,0,0,0,0,0,0,0],
[0,0,0,0,0,0,0,0,0,0,0,0,0,0,0,0,0,0,0,0,0,0,0,0,0,0,0,0,0,0,0,0,16.76,16.75,16.74,16.72,16.71,16.71,16.71,16.71,16.71,0,0,0,0,0,0,0,0,0,0,0,0,0,19.21,19.21,19.21,19.21,19.21,19.21,19.21,19.21,19.21,19.21,19.21,19.21,19.21,0,0,0,0,0,0,0,0,0,0,0,0,0,16.71,16.71,16.71,16.71,16.71,16.72,16.74,16.75,16.76,0,0,0,0,0,0,0,0,0,0,0,0,0,0,0,0,0,0,0,0,0,0,0,0,0,0,0,0,0,0,0],
[0,0,0,0,0,0,0,0,0,0,0,0,0,0,0,0,0,0,0,0,0,0,0,0,0,0,0,0,0,0,0,0,16.77,16.76,16.74,16.73,16.72,16.71,16.71,16.71,16.71,16.71,16.71,0,0,0,0,0,0,0,0,0,0,0,0,19.21,19.21,19.21,19.21,19.21,19.21,19.21,19.21,19.21,19.21,19.21,0,0,0,0,0,0,0,0,0,0,0,0,16.71,16.71,16.71,16.71,16.71,16.71,16.72,16.73,16.74,16.76,16.77,0,0,0,0,0,0,0,0,0,0,0,0,0,0,0,0,0,0,0,0,0,0,0,0,0,0,0,0,0,0,0],
[0,0,0,0,0,0,0,0,0,0,0,0,0,0,0,0,0,0,0,0,0,0,0,0,0,0,0,0,0,0,0,0,16.77,16.77,16.75,16.74,16.73,16.71,16.71,16.71,16.71,16.71,16.71,16.71,0,0,0,0,0,0,0,0,0,0,0,0,19.21,19.21,19.21,19.21,19.21,19.21,19.21,19.21,19.21,0,0,0,0,0,0,0,0,0,0,0,0,16.71,16.71,16.71,16.71,16.71,16.71,16.71,16.73,16.74,16.75,16.77,16.77,0,0,0,0,0,0,0,0,0,0,0,0,0,0,0,0,0,0,0,0,0,0,0,0,0,0,0,0,0,0,0],
[0,0,0,0,0,0,0,0,0,0,0,0,0,0,0,0,0,0,0,0,0,0,0,0,0,0,0,0,0,0,0,0,16.78,16.77,16.76,16.75,16.74,16.72,16.71,16.71,16.71,16.71,16.71,16.71,0,0,0,0,0,0,0,0,0,0,0,0,19.21,19.21,19.21,19.21,19.21,19.21,19.21,19.21,19.21,0,0,0,0,0,0,0,0,0,0,0,0,16.71,16.71,16.71,16.71,16.71,16.71,16.72,16.74,16.75,16.76,16.77,16.78,0,0,0,0,0,0,0,0,0,0,0,0,0,0,0,0,0,0,0,0,0,0,0,0,0,0,0,0,0,0,0],
[0,0,0,0,0,0,0,0,0,0,0,0,0,0,0,0,0,0,0,0,0,0,0,0,0,0,0,0,0,0,0,0,16.83,16.82,16.80,16.78,16.76,16.74,16.72,16.71,16.71,16.71,16.71,0,0,0,0,0,0,0,0,0,0,0,0,0,19.21,19.21,19.21,19.21,19.21,19.21,19.21,19.21,19.21,0,0,0,0,0,0,0,0,0,0,0,0,0,16.71,16.71,16.71,16.71,16.72,16.74,16.76,16.78,16.80,16.82,16.83,0,0,0,0,0,0,0,0,0,0,0,0,0,0,0,0,0,0,0,0,0,0,0,0,0,0,0,0,0,0,0],
[0,0,0,0,0,0,0,0,0,0,0,0,0,0,0,0,0,0,0,0,0,0,0,0,0,0,0,0,0,0,0,0,17.17,17.13,17.11,17.09,17.07,17.05,17.06,17.07,0,0,0,0,0,0,0,0,0,0,19.21,19.21,19.21,19.21,19.21,19.21,19.21,19.21,19.21,19.21,19.21,19.21,19.21,19.21,19.21,19.21,19.21,19.21,19.21,19.21,19.21,0,0,0,0,0,0,0,0,0,0,17.07,17.06,17.05,17.07,17.09,17.11,17.13,17.17,0,0,0,0,0,0,0,0,0,0,0,0,0,0,0,0,0,0,0,0,0,0,0,0,0,0,0,0,0,0,0],
[0,0,0,0,0,0,0,0,0,0,0,0,0,0,0,0,0,0,0,0,0,0,0,0,0,0,0,0,0,0,0,0,17.51,17.47,17.42,17.40,17.40,17.41,17.42,17.42,0,0,0,0,0,0,0,0,0,19.21,19.21,19.21,19.21,19.21,19.21,19.21,19.21,19.21,19.21,19.21,19.21,19.21,19.21,19.21,19.21,19.21,19.21,19.21,19.21,19.21,19.21,19.21,0,0,0,0,0,0,0,0,0,17.42,17.42,17.41,17.40,17.40,17.42,17.46,17.51,0,0,0,0,0,0,0,0,0,0,0,0,0,0,0,0,0,0,0,0,0,0,0,0,0,0,0,0,0,0,0],
[0,0,0,0,0,0,0,0,0,0,0,0,0,0,0,0,0,0,0,0,0,0,0,0,0,0,0,0,0,0,0,0,17.85,17.81,17.75,17.74,17.75,17.76,17.77,17.78,0,0,0,0,0,0,0,0,19.21,19.21,19.21,19.21,19.21,19.21,19.21,19.21,19.21,19.21,19.21,19.21,19.21,19.21,19.21,19.21,19.21,19.21,19.21,19.21,19.21,19.21,19.21,19.21,19.21,0,0,0,0,0,0,0,0,17.78,17.78,17.77,17.76,17.75,17.74,17.80,17.85,0,0,0,0,0,0,0,0,0,0,0,0,0,0,0,0,0,0,0,0,0,0,0,0,0,0,0,0,0,0,0],
[0,0,0,0,0,0,0,0,0,0,0,0,0,0,0,0,0,0,0,0,0,0,0,0,0,0,0,0,0,0,0,0,18.18,18.15,18.10,18.09,18.11,18.12,18.13,18.14,0,0,0,0,0,0,0,0,19.21,19.21,19.21,19.21,19.21,19.21,19.21,19.21,19.21,19.21,19.21,19.21,19.21,19.21,19.21,19.21,19.21,19.21,19.21,19.21,19.21,19.21,19.21,19.21,19.21,0,0,0,0,0,0,0,0,18.14,18.13,18.13,18.12,18.07,18.09,18.14,18.18,0,0,0,0,0,0,0,0,0,0,0,0,0,0,0,0,0,0,0,0,0,0,0,0,0,0,0,0,0,0,0],
[0,0,0,0,0,0,0,0,0,0,0,0,0,0,0,0,0,0,0,0,0,0,0,0,0,0,0,0,0,0,0,0,18.52,18.48,18.46,18.45,18.46,18.48,18.49,18.50,0,0,0,0,0,0,0,19.21,19.21,19.21,19.21,19.21,19.21,19.21,19.21,19.21,19.21,19.21,19.21,19.21,19.21,19.21,19.21,19.21,19.21,19.21,19.21,19.21,19.21,19.21,19.21,19.21,19.21,19.21,0,0,0,0,0,0,0,18.50,18.49,18.48,18.41,18.42,18.45,18.48,18.52,0,0,0,0,0,0,0,0,0,0,0,0,0,0,0,0,0,0,0,0,0,0,0,0,0,0,0,0,0,0,0],
[0,0,0,0,0,0,0,0,0,0,0,0,0,0,0,0,0,0,0,0,0,0,0,0,0,0,0,0,0,0,0,0,18.86,18.83,18.82,18.81,18.80,18.82,18.85,18.86,0,0,0,0,0,0,0,19.21,19.21,19.21,19.21,19.21,19.21,19.21,19.21,19.21,19.21,19.21,19.21,19.21,19.21,19.21,19.21,19.21,19.21,19.21,19.21,19.21,19.21,19.21,19.21,19.21,19.21,19.21,0,0,0,0,0,0,0,18.86,18.85,18.77,18.75,18.78,18.80,18.83,18.86,0,0,0,0,0,0,0,0,0,0,0,0,0,0,0,0,0,0,0,0,0,0,0,0,0,0,0,0,0,0,0],
[0,0,0,0,0,0,0,0,0,0,0,0,0,0,0,0,0,0,0,0,0,0,0,0,0,0,0,0,0,0,0,0,19.16,19.16,19.16,19.14,19.13,19.14,19.17,19.14,0,0,0,0,0,0,19.21,19.21,19.21,19.21,19.21,19.21,19.21,19.21,19.21,19.21,19.21,19.21,19.21,19.21,19.21,19.21,19.21,19.21,19.21,19.21,19.21,19.21,19.21,19.21,19.21,19.21,19.21,19.21,19.21,0,0,0,0,0,0,19.14,19.12,19.08,19.11,19.13,19.16,19.16,19.16,0,0,0,0,0,0,0,0,0,0,0,0,0,0,0,0,0,0,0,0,0,0,0,0,0,0,0,0,0,0,0],
[0,0,0,0,0,0,0,0,0,0,0,0,0,0,0,0,0,0,0,0,0,0,0,0,0,0,0,0,0,0,0,0,19.29,19.29,19.29,19.29,19.29,19.27,19.22,19.18,0,0,0,0,0,0,19.21,19.21,19.21,19.21,19.21,19.21,19.21,19.21,19.21,19.21,19.21,19.21,19.21,19.21,19.21,19.21,19.21,19.21,19.21,19.21,19.21,19.21,19.21,19.21,19.21,19.21,19.21,19.21,19.21,0,0,0,0,0,0,19.18,19.26,19.26,19.27,19.27,19.27,19.28,19.29,0,0,0,0,0,0,0,0,0,0,0,0,0,0,0,0,0,0,0,0,0,0,0,0,0,0,0,0,0,0,0],
[0,0,0,0,0,0,0,0,0,0,0,0,0,0,0,0,0,0,0,0,0,0,0,0,0,0,0,0,0,0,0,0,19.28,19.28,19.28,19.28,19.28,19.29,19.24,19.21,19.21,19.21,19.21,19.21,19.21,19.21,19.21,19.21,19.21,19.21,19.21,19.21,19.21,19.21,19.21,19.21,19.21,19.21,19.21,19.21,19.21,19.21,19.21,19.21,19.21,19.21,19.21,19.21,19.21,19.21,19.21,19.21,19.21,19.21,19.21,19.21,19.21,19.21,19.21,19.21,19.21,19.21,19.21,19.22,19.24,19.25,19.26,19.27,19.28,0,0,0,0,0,0,0,0,0,0,0,0,0,0,0,0,0,0,0,0,0,0,0,0,0,0,0,0,0,0,0],
[0,0,0,0,0,0,0,0,0,0,0,0,0,0,0,0,0,0,0,0,0,0,0,0,0,0,0,0,0,0,0,0,19.27,19.27,19.27,19.27,19.27,19.24,19.21,19.21,19.21,19.21,19.21,19.21,19.21,19.21,19.21,19.21,19.21,19.21,19.21,19.21,19.21,19.21,19.21,19.21,19.21,19.21,19.21,19.21,19.21,19.21,19.21,19.21,19.21,19.21,19.21,19.21,19.21,19.21,19.21,19.21,19.21,19.21,19.21,19.21,19.21,19.21,19.21,19.21,19.21,19.21,19.21,19.21,19.23,19.24,19.25,19.26,19.27,0,0,0,0,0,0,0,0,0,0,0,0,0,0,0,0,0,0,0,0,0,0,0,0,0,0,0,0,0,0,0],
[0,0,0,0,0,0,0,0,0,0,0,0,0,0,0,0,0,0,0,0,0,0,0,0,0,0,0,0,0,0,0,0,19.26,19.26,19.26,19.26,19.24,19.21,19.21,19.21,19.21,19.21,19.21,19.21,19.21,19.21,19.21,19.21,19.21,19.21,19.21,19.21,19.21,19.21,19.21,19.21,19.21,19.21,19.21,19.21,19.21,19.21,19.21,19.21,19.21,19.21,19.21,19.21,19.21,19.21,19.21,19.21,19.21,19.21,19.21,19.21,19.21,19.21,19.21,19.21,19.21,19.21,19.21,19.21,19.21,19.23,19.24,19.25,19.26,0,0,0,0,0,0,0,0,0,0,0,0,0,0,0,0,0,0,0,0,0,0,0,0,0,0,0,0,0,0,0],
[0,0,0,0,0,0,0,0,0,0,0,0,0,0,0,0,0,0,0,0,0,0,0,0,0,0,0,0,0,0,0,0,19.25,19.25,19.25,19.25,19.21,19.21,19.21,19.21,19.21,19.21,19.21,19.21,19.21,19.21,19.21,19.21,19.21,19.21,19.21,19.21,19.21,19.21,19.21,19.21,19.21,19.21,19.21,19.21,19.21,19.21,19.21,19.21,19.21,19.21,19.21,19.21,19.21,19.21,19.21,19.21,19.21,19.21,19.21,19.21,19.21,19.21,19.21,19.21,19.21,19.21,19.21,19.21,19.21,19.22,19.23,19.24,19.25,0,0,0,0,0,0,0,0,0,0,0,0,0,0,0,0,0,0,0,0,0,0,0,0,0,0,0,0,0,0,0],
[0,0,0,0,0,0,0,0,0,0,0,0,0,0,0,0,0,0,0,0,0,0,0,0,0,0,0,0,0,0,0,0,19.24,19.24,19.24,19.21,19.21,19.21,19.21,19.21,19.21,19.21,19.21,19.21,19.21,19.21,19.21,19.21,19.21,19.21,19.21,19.21,19.21,19.21,19.21,19.21,19.21,19.21,19.21,19.21,19.21,19.21,19.21,19.21,19.21,19.21,19.21,19.21,19.21,19.21,19.21,19.21,19.21,19.21,19.21,19.21,19.21,19.21,19.21,19.21,19.21,19.21,19.21,19.21,19.21,19.21,19.22,19.23,19.24,0,0,0,0,0,0,0,0,0,0,0,0,0,0,0,0,0,0,0,0,0,0,0,0,0,0,0,0,0,0,0],
[0,0,0,0,0,0,0,0,0,0,0,0,0,0,0,0,0,0,0,0,0,0,0,0,0,0,0,0,0,0,0,0,19.22,19.23,19.21,19.21,19.21,19.21,19.21,19.21,19.21,19.21,19.21,19.21,19.21,19.21,19.21,19.21,19.21,19.21,19.21,19.21,19.21,19.21,19.21,19.21,19.21,19.21,19.21,19.21,19.21,19.21,19.21,19.21,19.21,19.21,19.21,19.21,19.21,19.21,19.21,19.21,19.21,19.21,19.21,19.21,19.21,19.21,19.21,19.21,19.21,19.21,19.21,19.21,19.21,19.21,19.21,19.22,19.22,0,0,0,0,0,0,0,0,0,0,0,0,0,0,0,0,0,0,0,0,0,0,0,0,0,0,0,0,0,0,0],
[0,0,0,0,0,0,0,0,0,0,0,0,0,0,0,0,0,0,0,0,0,0,0,0,0,0,0,0,0,0,0,0,19.21,19.21,19.21,19.21,19.21,19.21,19.21,19.21,19.21,19.21,19.21,19.21,19.21,19.21,19.21,19.21,19.21,19.21,19.21,19.21,19.21,19.21,19.21,19.21,19.21,19.21,19.21,19.21,19.21,19.21,19.21,19.21,19.21,19.21,19.21,19.21,19.21,19.21,19.21,19.21,19.21,19.21,19.21,19.21,19.21,19.21,19.21,19.21,19.21,19.21,19.21,19.21,19.21,19.21,19.21,19.21,19.21,0,0,0,0,0,0,0,0,0,0,0,0,0,0,0,0,0,0,0,0,0,0,0,0,0,0,0,0,0,0,0],
[0,0,0,0,0,0,0,0,0,0,0,0,0,0,0,0,0,0,0,0,0,0,0,0,0,0,0,0,0,0,0,0,19.21,19.21,19.21,19.21,19.21,19.21,19.21,19.21,19.21,19.21,19.21,19.21,19.21,19.21,19.21,19.21,19.21,19.21,19.21,19.21,19.21,19.21,19.21,19.21,19.21,19.21,19.21,19.21,19.21,19.21,19.21,19.21,19.21,19.21,19.21,19.21,19.21,19.21,19.21,19.21,19.21,19.21,19.21,19.21,19.21,19.21,19.21,19.21,19.21,19.21,19.21,19.21,19.21,19.21,19.21,19.21,19.21,0,0,0,0,0,0,0,0,0,0,0,0,0,0,0,0,0,0,0,0,0,0,0,0,0,0,0,0,0,0,0],
[0,0,0,0,0,0,0,0,0,0,0,0,0,0,0,0,0,0,0,0,0,0,0,0,0,0,0,0,0,0,0,0,0,0,0,0,0,0,0,0,0,0,0,0,0,0,19.21,19.21,19.21,19.21,19.21,19.21,19.21,19.21,19.21,19.21,19.21,19.21,19.21,19.21,19.21,19.21,19.21,19.21,19.21,19.21,19.21,19.21,19.21,19.21,19.21,19.21,19.21,19.21,19.21,0,0,0,0,0,0,0,0,0,0,0,0,0,0,0,0,0,0,0,0,0,0,0,0,0,0,0,0,0,0,0,0,0,0,0,0,0,0,0,0,0,0,0,0,0],
[0,0,0,0,0,0,0,0,0,0,0,0,0,0,0,0,0,0,0,0,0,0,0,0,0,0,0,0,0,0,0,0,0,0,0,0,0,0,0,0,0,0,0,0,0,0,19.21,19.21,19.21,19.21,19.21,19.21,19.21,19.21,19.21,19.21,19.21,19.21,19.21,19.21,19.21,19.21,19.21,19.21,19.21,19.21,19.21,19.21,19.21,19.21,19.21,19.21,19.21,19.21,19.21,0,0,0,0,0,0,0,0,0,0,0,0,0,0,0,0,0,0,0,0,0,0,0,0,0,0,0,0,0,0,0,0,0,0,0,0,0,0,0,0,0,0,0,0,0],
[0,0,0,0,0,0,0,0,0,0,0,0,0,0,0,0,0,0,0,0,0,0,0,0,0,0,0,0,0,0,0,0,0,0,0,0,0,0,0,0,0,0,0,0,0,0,0,19.21,19.21,19.21,19.21,19.21,19.21,19.21,19.21,19.21,19.21,19.21,19.21,19.21,19.21,19.21,19.21,19.21,19.21,19.21,19.21,19.21,19.21,19.21,19.21,19.21,19.21,19.21,0,0,0,0,0,0,0,0,0,0,0,0,0,0,0,0,0,0,0,0,0,0,0,0,0,0,0,0,0,0,0,0,0,0,0,0,0,0,0,0,0,0,0,0,0,0],
[0,0,0,0,0,0,0,0,0,0,0,0,0,0,0,0,0,0,0,0,0,0,0,0,0,0,0,0,0,0,0,0,0,0,0,0,0,0,0,0,0,0,0,0,0,0,0,19.21,19.21,19.21,19.21,19.21,19.21,19.21,19.21,19.21,19.21,19.21,19.21,19.21,19.21,19.21,19.21,19.21,19.21,19.21,19.21,19.21,19.21,19.21,19.21,19.21,19.21,19.21,0,0,0,0,0,0,0,0,0,0,0,0,0,0,0,0,0,0,0,0,0,0,0,0,0,0,0,0,0,0,0,0,0,0,0,0,0,0,0,0,0,0,0,0,0,0],
[0,0,0,0,0,0,0,0,0,0,0,0,0,0,0,0,0,0,0,0,0,0,0,0,0,0,0,0,0,0,0,0,0,0,0,0,0,0,0,0,0,0,0,0,0,0,0,0,19.21,19.21,19.21,19.21,19.21,19.21,19.21,19.21,19.21,19.21,19.21,19.21,19.21,19.21,19.21,19.21,19.21,19.21,19.21,19.21,19.21,19.21,19.21,19.21,19.21,0,0,0,0,0,0,0,0,0,0,0,0,0,0,0,0,0,0,0,0,0,0,0,0,0,0,0,0,0,0,0,0,0,0,0,0,0,0,0,0,0,0,0,0,0,0,0],
[0,0,0,0,0,0,0,0,0,0,0,0,0,0,0,0,0,0,0,0,0,0,0,0,0,0,0,0,0,0,0,0,0,0,0,0,0,0,0,0,0,0,0,0,0,0,0,0,19.21,19.21,19.21,19.21,19.21,19.21,19.21,19.21,19.21,19.21,19.21,19.21,19.21,19.21,19.21,19.21,19.21,19.21,19.21,19.21,19.21,19.21,19.21,19.21,19.21,0,0,0,0,0,0,0,0,0,0,0,0,0,0,0,0,0,0,0,0,0,0,0,0,0,0,0,0,0,0,0,0,0,0,0,0,0,0,0,0,0,0,0,0,0,0,0],
[0,0,0,0,0,0,0,0,0,0,0,0,0,0,0,0,0,0,0,0,0,0,0,0,0,0,0,0,0,0,0,0,0,0,0,0,0,0,0,0,0,0,0,0,0,0,0,0,0,19.21,19.21,19.21,19.21,19.21,19.21,19.21,19.21,19.21,19.21,19.21,19.21,19.21,19.21,19.21,19.21,19.21,19.21,19.21,19.21,19.21,19.21,19.21,0,0,0,0,0,0,0,0,0,0,0,0,0,0,0,0,0,0,0,0,0,0,0,0,0,0,0,0,0,0,0,0,0,0,0,0,0,0,0,0,0,0,0,0,0,0,0,0],
[0,0,0,0,0,0,0,0,0,0,0,0,0,0,0,0,0,0,0,0,0,0,0,0,0,0,0,0,0,0,0,0,0,0,0,0,0,0,0,0,0,0,0,0,0,0,0,0,0,0,19.21,19.21,19.21,19.21,19.21,19.21,19.21,19.21,19.21,19.21,19.21,19.21,19.21,19.21,19.21,19.21,19.21,19.21,19.21,19.21,19.21,0,0,0,0,0,0,0,0,0,0,0,0,0,0,0,0,0,0,0,0,0,0,0,0,0,0,0,0,0,0,0,0,0,0,0,0,0,0,0,0,0,0,0,0,0,0,0,0,0],
[0,0,0,0,0,0,0,0,0,0,0,0,0,0,0,0,0,0,0,0,0,0,0,0,0,0,0,0,0,0,0,0,0,0,0,0,0,0,0,0,0,0,0,0,0,0,0,0,0,0,0,0,19.21,19.21,19.21,19.21,19.21,19.21,19.21,19.21,19.21,19.21,19.21,19.21,19.21,19.21,19.21,19.21,19.21,0,0,0,0,0,0,0,0,0,0,0,0,0,0,0,0,0,0,0,0,0,0,0,0,0,0,0,0,0,0,0,0,0,0,0,0,0,0,0,0,0,0,0,0,0,0,0,0,0,0,0],
[0,0,0,0,0,0,0,0,0,0,0,0,0,0,0,0,0,0,0,0,0,0,0,0,0,0,0,0,0,0,0,0,0,0,0,0,0,0,0,0,0,0,0,0,0,0,0,0,0,0,0,0,0,0,19.21,19.21,19.21,19.21,19.21,19.21,19.21,19.21,19.21,19.21,19.21,19.21,19.21,0,0,0,0,0,0,0,0,0,0,0,0,0,0,0,0,0,0,0,0,0,0,0,0,0,0,0,0,0,0,0,0,0,0,0,0,0,0,0,0,0,0,0,0,0,0,0,0,0,0,0,0,0],
[0,0,0,0,0,0,0,0,0,0,0,0,0,0,0,0,0,0,0,0,0,0,0,0,0,0,0,0,0,0,0,0,0,0,0,0,0,0,0,0,0,0,0,0,0,0,0,0,0,0,0,0,0,0,0,0,19.21,19.21,19.21,19.21,19.21,19.21,19.21,19.21,19.21,0,0,0,0,0,0,0,0,0,0,0,0,0,0,0,0,0,0,0,0,0,0,0,0,0,0,0,0,0,0,0,0,0,0,0,0,0,0,0,0,0,0,0,0,0,0,0,0,0,0,0,0,0,0,0],
[0,0,0,0,0,0,0,0,0,0,0,0,0,0,0,0,0,0,0,0,0,0,0,0,0,0,0,0,0,0,0,0,0,0,0,0,0,0,0,0,0,0,0,0,0,0,0,0,0,0,0,0,0,0,0,0,19.21,19.21,19.21,19.21,19.21,19.21,19.21,19.21,19.21,0,0,0,0,0,0,0,0,0,0,0,0,0,0,0,0,0,0,0,0,0,0,0,0,0,0,0,0,0,0,0,0,0,0,0,0,0,0,0,0,0,0,0,0,0,0,0,0,0,0,0,0,0,0,0],
[0,0,0,0,0,0,0,0,0,0,0,0,0,0,0,0,0,0,0,0,0,0,0,0,0,0,0,0,0,0,0,0,0,0,0,0,0,0,0,0,0,0,0,0,0,0,0,0,0,0,0,0,0,0,0,0,19.21,19.21,19.21,19.21,19.21,19.21,19.21,19.21,19.21,0,0,0,0,0,0,0,0,0,0,0,0,0,0,0,0,0,0,0,0,0,0,0,0,0,0,0,0,0,0,0,0,0,0,0,0,0,0,0,0,0,0,0,0,0,0,0,0,0,0,0,0,0,0,0],
[0,0,0,0,0,0,0,0,0,0,0,0,0,0,0,0,0,0,0,0,0,0,0,0,0,0,0,0,0,0,0,0,0,0,0,0,0,0,0,0,0,0,0,0,0,0,0,0,0,0,0,0,0,0,0,0,19.21,19.21,19.21,19.21,19.21,19.21,19.21,19.21,19.21,0,0,0,0,0,0,0,0,0,0,0,0,0,0,0,0,0,0,0,0,0,0,0,0,0,0,0,0,0,0,0,0,0,0,0,0,0,0,0,0,0,0,0,0,0,0,0,0,0,0,0,0,0,0,0],
[0,0,0,0,0,0,0,0,0,0,0,0,0,0,0,0,0,0,0,0,0,0,0,0,0,0,0,0,0,0,0,0,0,0,0,0,0,0,0,0,0,0,0,0,0,0,0,0,0,0,0,0,0,0,0,0,19.21,19.21,19.21,19.21,19.21,19.21,19.21,19.21,19.21,0,0,0,0,0,0,0,0,0,0,0,0,0,0,0,0,0,0,0,0,0,0,0,0,0,0,0,0,0,0,0,0,0,0,0,0,0,0,0,0,0,0,0,0,0,0,0,0,0,0,0,0,0,0,0],
[0,0,0,0,0,0,0,0,0,0,0,0,0,0,0,0,0,0,0,0,0,0,0,0,0,0,0,0,0,0,0,0,0,0,0,0,0,0,0,0,0,0,0,0,0,0,0,0,0,0,0,0,0,0,0,0,19.21,19.21,19.21,19.21,19.21,19.21,19.21,19.21,19.21,0,0,0,0,0,0,0,0,0,0,0,0,0,0,0,0,0,0,0,0,0,0,0,0,0,0,0,0,0,0,0,0,0,0,0,0,0,0,0,0,0,0,0,0,0,0,0,0,0,0,0,0,0,0,0],
[0,0,0,0,0,0,0,0,0,0,0,0,0,0,0,0,0,0,0,0,0,0,0,0,0,0,0,0,0,0,0,0,0,0,0,0,0,0,0,0,0,0,0,0,0,0,0,19.21,19.21,19.21,19.21,19.21,19.21,19.21,19.21,19.21,19.21,19.21,19.21,19.21,19.21,19.21,19.21,19.21,19.21,19.21,19.21,19.21,19.21,19.21,19.21,19.21,19.21,19.21,0,0,0,0,0,0,0,0,0,0,0,0,0,0,0,0,0,0,0,0,0,0,0,0,0,0,0,0,0,0,0,0,0,0,0,0,0,0,0,0,0,0,0,0,0,0],
[0,0,0,0,0,0,0,0,0,0,0,0,0,0,0,0,0,0,0,0,0,0,0,0,0,0,0,0,0,0,0,0,0,0,0,0,0,0,0,0,0,0,0,0,0,0,0,19.21,19.21,19.21,19.21,19.21,19.21,19.21,19.21,19.21,19.21,19.21,19.21,19.21,19.21,19.21,19.21,19.21,19.21,19.21,19.21,19.21,19.21,19.21,19.21,19.21,19.21,19.21,0,0,0,0,0,0,0,0,0,0,0,0,0,0,0,0,0,0,0,0,0,0,0,0,0,0,0,0,0,0,0,0,0,0,0,0,0,0,0,0,0,0,0,0,0,0],
[0,0,0,0,0,0,0,0,0,0,0,0,0,0,0,0,0,0,0,0,0,0,0,0,0,0,0,0,0,0,0,0,0,0,0,0,0,0,0,0,0,0,0,0,0,0,0,19.21,19.21,19.21,19.21,19.21,19.21,19.21,19.21,19.21,19.21,19.21,19.21,19.21,19.21,19.21,19.21,19.21,19.21,19.21,19.21,19.21,19.21,19.21,19.21,19.21,19.21,19.21,0,0,0,0,0,0,0,0,0,0,0,0,0,0,0,0,0,0,0,0,0,0,0,0,0,0,0,0,0,0,0,0,0,0,0,0,0,0,0,0,0,0,0,0,0,0],
[0,0,0,0,0,0,0,0,0,0,0,0,0,0,0,0,0,0,0,0,0,0,0,0,0,0,0,0,0,0,0,0,0,0,0,0,0,0,0,0,0,0,0,0,0,0,0,19.21,19.21,19.21,19.21,19.21,19.21,19.21,19.21,19.21,19.21,19.21,19.21,19.21,19.21,19.21,19.21,19.21,19.21,19.21,19.21,19.21,19.21,19.21,19.21,19.21,19.21,19.21,0,0,0,0,0,0,0,0,0,0,0,0,0,0,0,0,0,0,0,0,0,0,0,0,0,0,0,0,0,0,0,0,0,0,0,0,0,0,0,0,0,0,0,0,0,0],
[0,0,0,0,0,0,0,0,0,0,0,0,0,0,0,0,0,0,0,0,0,0,0,0,0,0,0,0,0,0,0,0,0,0,0,0,0,0,0,0,0,0,0,0,0,0,0,19.21,19.21,19.21,19.21,19.21,19.21,19.21,19.21,19.21,19.21,19.21,19.21,19.21,19.21,19.21,19.21,19.21,19.21,19.21,19.21,19.21,19.21,19.21,19.21,19.21,19.21,19.21,0,0,0,0,0,0,0,0,0,0,0,0,0,0,0,0,0,0,0,0,0,0,0,0,0,0,0,0,0,0,0,0,0,0,0,0,0,0,0,0,0,0,0,0,0,0],
[0,0,0,0,0,0,0,0,0,0,0,0,0,0,0,0,0,0,0,0,0,0,0,0,0,0,0,0,0,0,0,0,0,0,0,0,0,0,0,0,0,0,0,0,0,0,0,19.21,19.21,19.21,19.21,19.21,19.21,19.21,19.21,19.21,19.21,19.21,19.21,19.21,19.21,19.21,19.21,19.21,19.21,19.21,19.21,19.21,19.21,19.21,19.21,19.21,19.21,19.21,0,0,0,0,0,0,0,0,0,0,0,0,0,0,0,0,0,0,0,0,0,0,0,0,0,0,0,0,0,0,0,0,0,0,0,0,0,0,0,0,0,0,0,0,0,0],
[0,0,0,0,0,0,0,0,0,0,0,0,0,0,0,0,0,0,0,0,0,0,0,0,0,0,0,0,0,0,0,0,0,0,0,0,0,0,0,0,0,0,0,0,0,0,0,19.21,19.21,19.21,19.21,19.21,19.21,19.21,19.21,19.21,19.21,19.21,19.21,19.21,19.21,19.21,19.21,19.21,19.21,19.21,19.21,19.21,19.21,19.21,19.21,19.21,19.21,19.21,0,0,0,0,0,0,0,0,0,0,0,0,0,0,0,0,0,0,0,0,0,0,0,0,0,0,0,0,0,0,0,0,0,0,0,0,0,0,0,0,0,0,0,0,0,0],
[0,0,0,0,0,0,0,0,0,0,0,0,0,0,0,0,0,0,0,0,0,0,0,0,0,0,0,0,0,0,0,0,0,0,0,0,0,0,0,0,0,0,0,0,0,0,0,19.21,19.21,19.21,19.21,19.21,19.21,19.21,19.21,19.21,19.21,19.21,19.21,19.21,19.21,19.21,19.21,19.21,19.21,19.21,19.21,19.21,19.21,19.21,19.21,19.21,19.21,19.21,0,0,0,0,0,0,0,0,0,0,0,0,0,0,0,0,0,0,0,0,0,0,0,0,0,0,0,0,0,0,0,0,0,0,0,0,0,0,0,0,0,0,0,0,0,0],
[0,0,0,0,0,0,0,0,0,0,0,0,0,0,0,0,0,0,0,0,0,0,0,0,0,0,0,0,0,0,0,0,0,0,0,0,0,0,0,0,0,0,0,0,0,0,0,19.21,19.19,19.23,19.24,19.24,19.24,19.24,19.21,19.21,19.21,19.21,19.21,19.21,19.21,19.21,19.21,19.21,19.21,19.21,19.21,19.21,19.21,19.21,19.20,19.19,19.19,19.21,0,0,0,0,0,0,0,0,0,0,0,0,0,0,0,0,0,0,0,0,0,0,0,0,0,0,0,0,0,0,0,0,0,0,0,0,0,0,0,0,0,0,0,0,0,0],
[0,0,0,0,0,0,0,0,0,0,0,0,0,0,0,0,0,0,0,0,0,0,0,0,0,0,0,0,0,0,0,0,0,0,0,0,0,0,0,0,0,0,0,0,0,0,0,0,19.14,19.19,19.17,19.17,19.15,19.16,0,0,19.21,19.21,19.21,19.21,19.21,19.21,19.21,19.21,19.21,0,0,19.21,19.19,19.17,19.15,19.15,19.14,0,0,0,0,0,0,0,0,0,0,0,0,0,0,0,0,0,0,0,0,0,0,0,0,0,0,0,0,0,0,0,0,0,0,0,0,0,0,0,0,0,0,0,0,0,0,0],
[0,0,0,0,0,0,0,0,0,0,0,0,0,0,0,0,0,0,0,0,0,0,0,0,0,0,0,0,0,0,0,0,0,0,0,0,0,0,0,0,0,0,0,0,0,0,0,0,18.95,18.92,18.88,18.88,18.87,18.90,0,0,0,19.21,19.21,19.21,19.21,19.21,19.21,19.21,0,0,0,18.93,18.93,18.94,18.95,18.96,18.95,0,0,0,0,0,0,0,0,0,0,0,0,0,0,0,0,0,0,0,0,0,0,0,0,0,0,0,0,0,0,0,0,0,0,0,0,0,0,0,0,0,0,0,0,0,0,0],
[0,0,0,0,0,0,0,0,0,0,0,0,0,0,0,0,0,0,0,0,0,0,0,0,0,0,0,0,0,0,0,0,0,0,0,0,0,0,0,0,0,0,0,0,0,0,0,0,18.64,18.60,18.59,18.58,18.59,18.59,0,0,0,0,0,0,0,0,0,0,0,0,0,18.63,18.63,18.64,18.65,18.65,18.64,0,0,0,0,0,0,0,0,0,0,0,0,0,0,0,0,0,0,0,0,0,0,0,0,0,0,0,0,0,0,0,0,0,0,0,0,0,0,0,0,0,0,0,0,0,0,0],
[0,0,0,0,0,0,0,0,0,0,0,0,0,0,0,0,0,0,0,0,0,0,0,0,0,0,0,0,0,0,0,0,0,0,0,0,0,0,0,0,0,0,0,0,0,0,0,0,18.33,18.29,18.29,18.30,18.31,18.31,0,0,0,0,0,0,0,0,0,0,0,0,0,18.33,18.33,18.33,18.33,18.33,18.33,0,0,0,0,0,0,0,0,0,0,0,0,0,0,0,0,0,0,0,0,0,0,0,0,0,0,0,0,0,0,0,0,0,0,0,0,0,0,0,0,0,0,0,0,0,0,0],
[0,0,0,0,0,0,0,0,0,0,0,0,0,0,0,0,0,0,0,0,0,0,0,0,0,0,0,0,0,0,0,0,0,0,0,0,0,0,0,0,0,0,0,0,0,0,0,0,18.02,18.00,17.90,17.99,18.02,17.99,0,0,0,0,0,0,0,0,0,0,0,0,0,17.99,18.02,17.99,17.90,18.02,18.02,0,0,0,0,0,0,0,0,0,0,0,0,0,0,0,0,0,0,0,0,0,0,0,0,0,0,0,0,0,0,0,0,0,0,0,0,0,0,0,0,0,0,0,0,0,0,0],
[0,0,0,0,0,0,0,0,0,0,0,0,0,0,0,0,0,0,0,0,0,0,0,0,0,0,0,0,0,0,0,0,0,0,0,0,0,0,0,0,0,0,0,0,0,0,0,0,17.71,17.71,17.72,17.72,17.73,17.73,17.64,0,0,0,0,0,0,0,0,0,0,0,17.64,17.73,17.73,17.72,17.72,17.71,17.71,0,0,0,0,0,0,0,0,0,0,0,0,0,0,0,0,0,0,0,0,0,0,0,0,0,0,0,0,0,0,0,0,0,0,0,0,0,0,0,0,0,0,0,0,0,0,0],
[0,0,0,0,0,0,0,0,0,0,0,0,0,0,0,0,0,0,0,0,0,0,0,0,0,0,0,0,0,0,0,0,0,0,0,0,0,0,0,0,0,0,0,0,0,0,0,0,17.52,17.50,17.50,17.49,17.48,17.48,17.46,17.36,0,0,0,0,0,0,0,0,0,17.36,17.46,17.48,17.48,17.49,17.50,17.50,17.52,0,0,0,0,0,0,0,0,0,0,0,0,0,0,0,0,0,0,0,0,0,0,0,0,0,0,0,0,0,0,0,0,0,0,0,0,0,0,0,0,0,0,0,0,0,0,0],
[0,0,0,0,0,0,0,0,0,0,0,0,0,0,0,0,0,0,0,0,0,0,0,0,0,0,0,0,0,0,0,0,0,0,0,0,0,0,0,17.21,17.21,17.21,17.21,17.21,17.21,17.21,17.21,17.21,17.36,17.33,17.31,17.30,17.29,17.29,17.29,17.28,17.25,17.21,17.21,17.21,17.21,17.21,17.21,17.21,17.25,17.28,17.31,17.35,17.39,17.30,17.31,17.33,17.36,17.21,17.21,17.21,17.21,17.21,17.21,17.21,17.21,17.21,0,0,0,0,0,0,0,0,0,0,0,0,0,0,0,0,0,0,0,0,0,0,0,0,0,0,0,0,0,0,0,0,0,0,0,0,0,0],
[0,0,0,0,0,0,0,0,0,0,0,0,0,0,0,0,0,0,0,0,0,0,0,0,0,0,0,0,0,0,0,0,0,0,0,0,0,0,0,17.21,17.21,17.21,17.21,17.21,17.21,17.21,17.21,17.21,17.27,17.24,17.23,17.24,17.24,17.24,17.23,17.22,17.21,17.21,17.21,17.21,17.21,17.21,17.21,17.21,17.21,17.22,17.23,17.24,17.24,17.26,17.30,17.24,17.27,17.21,17.21,17.21,17.21,17.21,17.21,17.21,17.21,17.21,0,0,0,0,0,0,0,0,0,0,0,0,0,0,0,0,0,0,0,0,0,0,0,0,0,0,0,0,0,0,0,0,0,0,0,0,0,0],
[0,0,0,0,0,0,0,0,0,0,0,0,0,0,0,0,0,0,0,0,0,0,0,0,0,0,0,0,0,0,0,0,0,0,0,0,0,0,0,17.21,17.21,17.21,17.21,17.21,17.21,17.21,17.21,17.21,17.21,17.21,17.21,17.21,17.21,17.21,17.21,17.21,17.21,17.21,17.21,17.21,17.21,17.21,17.21,17.21,17.21,17.21,17.21,17.21,17.21,17.21,17.21,17.21,17.21,17.21,17.21,17.21,17.21,17.21,17.21,17.21,17.21,17.21,0,0,0,0,0,0,0,0,0,0,0,0,0,0,0,0,0,0,0,0,0,0,0,0,0,0,0,0,0,0,0,0,0,0,0,0,0,0],
[0,0,0,0,0,0,0,0,0,0,0,0,0,0,0,0,0,0,0,0,0,0,0,0,0,0,0,0,0,0,0,0,0,0,0,0,0,0,0,17.21,17.21,17.21,17.21,17.21,17.21,17.21,17.21,17.21,17.21,17.21,17.21,17.21,17.21,17.21,17.21,17.21,17.21,17.21,17.21,17.21,17.21,17.21,17.21,17.21,17.21,17.21,17.21,17.21,17.21,17.21,17.21,17.21,17.21,17.21,17.21,17.21,17.21,17.21,17.21,17.21,17.21,17.21,0,0,0,0,0,0,0,0,0,0,0,0,0,0,0,0,0,0,0,0,0,0,0,0,0,0,0,0,0,0,0,0,0,0,0,0,0,0],
[0,0,0,0,0,0,0,0,0,0,0,0,0,0,0,0,0,0,0,0,0,0,0,0,0,0,0,0,0,0,0,0,0,0,0,0,0,0,0,17.21,17.21,17.21,17.21,17.21,17.21,17.21,17.21,17.21,17.21,17.21,17.21,17.21,17.21,17.21,17.21,17.21,17.21,17.21,17.21,17.21,17.21,17.21,17.21,17.21,17.21,17.21,17.21,17.21,17.21,17.21,17.21,17.21,17.21,17.21,17.21,17.21,17.21,17.21,17.21,17.21,17.21,17.21,0,0,0,0,0,0,0,0,0,0,0,0,0,0,0,0,0,0,0,0,0,0,0,0,0,0,0,0,0,0,0,0,0,0,0,0,0,0],
[0,0,0,0,0,0,0,0,0,0,0,0,0,0,0,0,0,0,0,0,0,0,0,0,0,0,0,0,0,0,0,0,0,0,0,0,0,0,0,17.21,17.21,17.21,17.21,17.21,17.21,17.21,17.21,17.21,17.21,17.21,17.21,17.21,17.21,17.21,17.21,17.21,17.21,17.21,17.21,17.21,17.21,17.21,17.21,17.21,17.21,17.21,17.21,17.21,17.21,17.21,17.21,17.21,17.21,17.21,17.21,17.21,17.21,17.21,17.21,17.21,17.21,17.21,0,0,0,0,0,0,0,0,0,0,0,0,0,0,0,0,0,0,0,0,0,0,0,0,0,0,0,0,0,0,0,0,0,0,0,0,0,0],
[0,0,0,0,0,0,0,0,0,0,0,0,0,0,0,0,0,0,0,0,0,0,0,0,0,0,0,0,0,0,0,0,0,0,0,0,0,0,0,17.21,17.21,17.21,17.21,17.21,17.21,17.21,17.21,17.21,17.21,17.21,17.21,17.21,17.21,17.21,17.21,17.21,17.21,17.21,17.21,17.21,17.21,17.21,17.21,17.21,17.21,17.21,17.21,17.21,17.21,17.21,17.21,17.21,17.21,17.21,17.21,17.21,17.21,17.21,17.21,17.21,17.21,17.21,0,0,0,0,0,0,0,0,0,0,0,0,0,0,0,0,0,0,0,0,0,0,0,0,0,0,0,0,0,0,0,0,0,0,0,0,0,0],
[0,0,0,0,0,0,0,0,0,0,0,0,0,0,0,0,0,0,0,0,0,0,0,0,0,0,0,0,0,0,0,0,0,0,0,0,0,0,0,17.21,17.21,17.21,17.21,17.21,17.21,17.21,17.21,17.21,17.21,17.21,17.21,17.21,17.21,17.21,17.21,17.21,17.21,17.21,17.21,17.21,17.21,17.21,17.21,17.21,17.21,17.21,17.21,17.21,17.21,17.21,17.21,17.21,17.21,17.21,17.21,17.21,17.21,17.21,17.21,17.21,17.21,17.21,0,0,0,0,0,0,0,0,0,0,0,0,0,0,0,0,0,0,0,0,0,0,0,0,0,0,0,0,0,0,0,0,0,0,0,0,0,0],
[0,0,0,0,0,0,0,0,0,0,0,0,0,0,0,0,0,0,0,0,0,0,0,0,0,0,0,0,0,0,0,0,0,0,0,0,0,0,0,17.21,17.21,17.21,17.21,17.21,17.21,17.21,17.21,17.21,17.21,17.21,17.21,17.21,17.21,17.21,17.21,17.21,17.21,17.21,17.21,17.21,17.21,17.21,17.21,17.21,17.21,17.21,17.21,17.21,17.21,17.21,17.21,17.21,17.21,17.21,17.21,17.21,17.21,17.21,17.21,17.21,17.21,17.21,0,0,0,0,0,0,0,0,0,0,0,0,0,0,0,0,0,0,0,0,0,0,0,0,0,0,0,0,0,0,0,0,0,0,0,0,0,0],
[0,0,0,0,0,0,0,0,0,0,0,0,0,0,0,0,0,0,0,0,0,0,0,0,0,0,0,0,0,0,0,0,0,0,0,0,0,0,0,17.21,17.21,17.21,17.21,17.21,17.21,17.21,17.21,17.21,17.21,17.21,17.21,17.21,17.21,17.21,17.21,17.21,17.21,17.21,17.21,17.21,17.21,17.21,17.21,17.21,17.21,17.21,17.21,17.21,17.21,17.21,17.21,17.21,17.21,17.21,17.21,17.21,17.21,17.21,17.21,17.21,17.21,17.21,0,0,0,0,0,0,0,0,0,0,0,0,0,0,0,0,0,0,0,0,0,0,0,0,0,0,0,0,0,0,0,0,0,0,0,0,0,0],
[0,0,0,0,0,0,0,0,0,0,0,0,0,0,0,0,0,0,0,0,0,0,0,0,0,0,0,0,0,0,0,0,0,0,0,0,0,0,0,17.21,17.21,17.21,17.21,17.21,17.21,17.21,17.21,17.21,17.21,17.21,17.21,17.21,17.21,17.21,17.21,17.21,17.21,17.21,17.21,17.21,17.21,17.21,17.21,17.21,17.21,17.21,17.21,17.21,17.21,17.21,17.21,17.21,17.21,17.21,17.21,17.21,17.21,17.21,17.21,17.21,17.21,17.21,0,0,0,0,0,0,0,0,0,0,0,0,0,0,0,0,0,0,0,0,0,0,0,0,0,0,0,0,0,0,0,0,0,0,0,0,0,0],
[0,0,0,0,0,0,0,0,0,0,0,0,0,0,0,0,0,0,0,0,0,0,0,0,0,0,0,0,0,0,0,0,0,0,0,0,0,0,0,17.21,17.21,17.21,17.21,17.21,17.21,17.21,17.21,17.21,17.21,17.21,17.21,17.21,17.21,17.21,17.21,17.21,17.21,17.21,17.21,17.21,17.21,17.21,17.21,17.21,17.21,17.21,17.21,17.21,17.21,17.21,17.21,17.21,17.21,17.21,17.21,17.21,17.21,17.21,17.21,17.21,17.21,17.21,0,0,0,0,0,0,0,0,0,0,0,0,0,0,0,0,0,0,0,0,0,0,0,0,0,0,0,0,0,0,0,0,0,0,0,0,0,0],
[0,0,0,0,0,0,0,0,0,0,0,0,0,0,0,0,0,0,0,0,0,0,0,0,0,0,0,0,0,0,0,0,0,0,0,0,0,0,0,17.21,17.21,17.21,17.21,17.21,17.21,17.21,17.21,17.21,17.21,17.21,17.21,17.21,17.21,17.21,17.21,17.21,17.21,17.21,17.21,17.21,17.21,17.21,17.21,17.21,17.21,17.21,17.21,17.21,17.21,17.21,17.21,17.21,17.21,17.21,17.21,17.21,17.21,17.21,17.21,17.21,17.21,17.21,0,0,0,0,0,0,0,0,0,0,0,0,0,0,0,0,0,0,0,0,0,0,0,0,0,0,0,0,0,0,0,0,0,0,0,0,0,0],
[0,0,0,0,0,0,0,0,0,0,0,0,0,0,0,0,0,0,0,0,0,0,0,0,0,0,0,0,0,0,0,0,0,0,0,0,0,0,0,17.21,17.21,17.21,17.21,17.21,17.21,17.21,17.21,17.21,17.21,17.21,17.21,17.21,17.21,17.21,17.21,17.21,17.21,17.21,17.21,17.21,17.21,17.21,17.21,17.21,17.21,17.21,17.21,17.21,17.21,17.21,17.21,17.21,17.21,17.21,17.21,17.21,17.21,17.21,17.21,17.21,17.21,17.21,0,0,0,0,0,0,0,0,0,0,0,0,0,0,0,0,0,0,0,0,0,0,0,0,0,0,0,0,0,0,0,0,0,0,0,0,0,0],
[0,0,0,0,0,0,0,0,0,0,0,0,0,0,0,0,0,0,0,0,0,0,0,0,0,0,0,0,0,0,0,0,0,0,0,0,0,0,0,17.21,17.21,17.21,17.21,17.21,17.21,17.21,17.21,17.21,17.21,17.21,17.21,17.21,17.21,17.21,17.21,17.21,17.21,17.21,17.21,17.21,17.21,17.21,17.21,17.21,17.21,17.21,17.21,17.21,17.21,17.21,17.21,17.21,17.21,17.21,17.21,17.21,17.21,17.21,17.21,17.21,17.21,17.21,0,0,0,0,0,0,0,0,0,0,0,0,0,0,0,0,0,0,0,0,0,0,0,0,0,0,0,0,0,0,0,0,0,0,0,0,0,0],
[0,0,0,0,0,0,0,0,0,0,0,0,0,0,0,0,0,0,0,0,0,0,0,0,0,0,0,0,0,0,0,0,0,0,0,0,0,0,0,17.21,17.21,17.21,17.21,17.21,17.21,17.21,17.21,17.21,17.21,17.21,17.21,17.21,17.21,17.21,17.21,17.21,17.21,17.21,17.21,17.21,17.21,17.21,17.21,17.21,17.21,17.21,17.21,17.21,17.21,17.21,17.21,17.21,17.21,17.21,17.21,17.21,17.21,17.21,17.21,17.21,17.21,17.21,0,0,0,0,0,0,0,0,0,0,0,0,0,0,0,0,0,0,0,0,0,0,0,0,0,0,0,0,0,0,0,0,0,0,0,0,0,0],
[0,0,0,0,0,0,0,0,0,0,0,0,0,0,0,0,0,0,0,0,0,0,0,0,0,0,0,0,0,0,0,0,0,0,0,0,0,0,0,17.21,17.21,17.21,17.21,17.21,17.21,17.21,17.21,17.21,17.21,17.21,17.21,17.21,17.21,17.21,17.21,17.21,17.21,17.21,17.21,17.21,17.21,17.21,17.21,17.21,17.21,17.21,17.21,17.21,17.21,17.21,17.21,17.21,17.21,17.21,17.21,17.21,17.21,17.21,17.21,17.21,17.21,17.21,0,0,0,0,0,0,0,0,0,0,0,0,0,0,0,0,0,0,0,0,0,0,0,0,0,0,0,0,0,0,0,0,0,0,0,0,0,0],
[0,0,0,0,0,0,0,0,0,0,0,0,0,0,0,0,0,0,0,0,0,0,0,0,0,0,0,0,0,0,0,0,0,0,0,0,0,0,0,17.21,17.21,17.21,17.21,17.21,17.21,17.21,17.21,17.21,17.21,17.21,17.21,17.21,17.21,17.21,17.21,17.21,17.21,17.21,17.21,17.21,17.21,17.21,17.21,17.21,17.21,17.21,17.21,17.21,17.21,17.21,17.21,17.21,17.21,17.21,17.21,17.21,17.21,17.21,17.21,17.21,17.21,17.21,0,0,0,0,0,0,0,0,0,0,0,0,0,0,0,0,0,0,0,0,0,0,0,0,0,0,0,0,0,0,0,0,0,0,0,0,0,0],
[0,0,0,0,0,0,0,0,0,0,0,0,0,0,0,0,0,0,0,0,0,0,0,0,0,0,0,0,0,0,0,0,0,0,0,0,0,0,0,17.21,17.21,17.21,17.21,17.21,17.21,17.21,17.21,17.21,17.21,17.21,17.21,17.21,17.21,17.21,17.21,17.21,17.21,17.21,17.21,17.21,17.21,17.21,17.21,17.21,17.21,17.21,17.21,17.21,17.21,17.21,17.21,17.21,17.21,17.21,17.21,17.21,17.21,17.21,17.21,17.21,17.21,17.21,0,0,0,0,0,0,0,0,0,0,0,0,0,0,0,0,0,0,0,0,0,0,0,0,0,0,0,0,0,0,0,0,0,0,0,0,0,0],
[0,0,0,0,0,0,0,0,0,0,0,0,0,0,0,0,0,0,0,0,0,0,0,0,0,0,0,0,0,0,0,0,0,0,0,0,0,0,0,17.21,17.21,17.21,17.21,17.21,17.21,17.21,17.21,17.21,17.21,17.21,17.21,17.21,17.21,17.21,17.21,17.21,17.21,17.21,17.21,17.21,17.21,17.21,17.21,17.21,17.21,17.21,17.21,17.21,17.21,17.21,17.21,17.21,17.21,17.21,17.21,17.21,17.21,17.21,17.21,17.21,17.21,17.21,0,0,0,0,0,0,0,0,0,0,0,0,0,0,0,0,0,0,0,0,0,0,0,0,0,0,0,0,0,0,0,0,0,0,0,0,0,0],
[0,0,0,0,0,0,0,0,0,0,0,0,0,0,0,0,0,0,0,0,0,0,0,0,0,0,0,0,0,0,0,0,0,0,0,0,0,0,0,17.21,17.21,17.21,17.21,17.21,17.21,17.21,17.21,17.21,17.21,17.21,17.21,17.21,17.21,17.21,17.21,17.21,17.21,17.21,17.21,17.21,17.21,17.21,17.21,17.21,17.21,17.21,17.21,17.21,17.21,17.21,17.21,17.21,17.21,17.21,17.21,17.21,17.21,17.21,17.21,17.21,17.21,17.21,0,0,0,0,0,0,0,0,0,0,0,0,0,0,0,0,0,0,0,0,0,0,0,0,0,0,0,0,0,0,0,0,0,0,0,0,0,0],
[0,0,0,0,0,0,0,0,0,0,0,0,0,0,0,0,0,0,0,0,0,0,0,0,0,0,0,0,0,0,0,0,0,0,0,0,0,0,0,17.21,17.21,17.21,17.21,17.21,17.21,17.21,17.21,17.21,17.21,17.21,17.21,17.21,17.21,17.21,17.21,17.21,17.21,17.21,17.21,17.21,17.21,17.21,17.21,17.21,17.21,17.21,17.21,17.21,17.21,17.21,17.21,17.21,17.21,17.21,17.21,17.21,17.21,17.21,17.21,17.21,17.21,17.21,0,0,0,0,0,0,0,0,0,0,0,0,0,0,0,0,0,0,0,0,0,0,0,0,0,0,0,0,0,0,0,0,0,0,0,0,0,0],
[0,0,0,0,0,0,0,0,0,0,0,0,0,0,0,0,0,0,0,0,0,0,0,0,0,0,0,0,0,0,0,0,0,0,0,0,0,0,0,17.21,17.21,17.21,17.21,17.21,17.21,17.21,17.21,17.21,17.21,17.21,17.21,17.21,17.21,17.21,17.21,17.21,17.21,17.21,17.21,17.21,17.21,17.21,17.21,17.21,17.21,17.21,17.21,17.21,17.21,17.21,17.21,17.21,17.21,17.21,17.21,17.21,17.21,17.21,17.21,17.21,17.21,17.21,0,0,0,0,0,0,0,0,0,0,0,0,0,0,0,0,0,0,0,0,0,0,0,0,0,0,0,0,0,0,0,0,0,0,0,0,0,0],
[0,0,0,0,0,0,0,0,0,0,0,0,0,0,0,0,0,0,0,0,0,0,0,0,0,0,0,0,0,0,0,0,0,0,0,0,0,0,0,17.21,17.21,17.21,17.21,17.21,17.21,17.21,17.21,17.21,17.21,17.21,17.21,17.21,17.21,17.21,17.21,17.21,17.21,17.21,17.21,17.21,17.21,17.21,17.21,17.21,17.21,17.21,17.21,17.21,17.21,17.21,17.21,17.21,17.21,17.21,17.21,17.21,17.21,17.21,17.21,17.21,17.21,17.21,0,0,0,0,0,0,0,0,0,0,0,0,0,0,0,0,0,0,0,0,0,0,0,0,0,0,0,0,0,0,0,0,0,0,0,0,0,0],
[0,0,0,0,0,0,0,0,0,0,0,0,0,0,0,0,0,0,0,0,0,0,0,0,0,0,0,0,0,0,0,0,0,0,0,0,0,0,0,17.21,17.21,17.21,17.21,17.21,17.21,17.21,17.21,17.21,17.21,17.21,17.21,17.21,17.21,17.21,17.21,17.21,17.21,17.21,17.21,17.21,17.21,17.21,17.21,17.21,17.21,17.21,17.21,17.21,17.21,17.21,17.21,17.21,17.21,17.21,17.21,17.21,17.21,17.21,17.21,17.21,17.21,17.21,0,0,0,0,0,0,0,0,0,0,0,0,0,0,0,0,0,0,0,0,0,0,0,0,0,0,0,0,0,0,0,0,0,0,0,0,0,0],
[0,0,0,0,0,0,0,0,0,0,0,0,0,0,0,0,0,0,0,0,0,0,0,0,0,0,0,0,0,0,0,0,0,0,0,0,0,0,0,17.21,17.21,17.21,17.21,17.21,17.21,17.21,17.21,17.21,17.21,17.21,17.21,17.21,17.21,17.21,17.21,17.21,17.21,17.21,17.21,17.21,17.21,17.21,17.21,17.21,17.21,17.21,17.21,17.21,17.21,17.21,17.21,17.21,17.21,17.21,17.21,17.21,17.21,17.21,17.21,17.21,17.21,17.21,0,0,0,0,0,0,0,0,0,0,0,0,0,0,0,0,0,0,0,0,0,0,0,0,0,0,0,0,0,0,0,0,0,0,0,0,0,0],
[0,0,0,0,0,0,0,0,0,0,0,0,0,0,0,0,0,0,0,0,0,0,0,0,0,0,0,0,0,0,0,0,0,0,0,0,0,0,0,17.21,17.21,17.21,17.21,17.21,17.21,17.21,17.21,17.21,17.21,17.21,17.21,17.21,17.21,17.21,17.21,17.21,17.21,17.21,17.21,17.21,17.21,17.21,17.21,17.21,17.21,17.21,17.21,17.21,17.21,17.21,17.21,17.21,17.21,17.21,17.21,17.21,17.21,17.21,17.21,17.21,17.21,17.21,0,0,0,0,0,0,0,0,0,0,0,0,0,0,0,0,0,0,0,0,0,0,0,0,0,0,0,0,0,0,0,0,0,0,0,0,0,0],
[0,0,0,0,0,0,0,0,0,0,0,0,0,0,0,0,0,0,0,0,0,0,0,0,0,0,0,0,0,0,0,0,0,0,0,0,0,0,0,17.21,17.21,17.21,17.21,17.21,17.21,17.21,17.21,17.21,17.21,17.21,17.21,17.21,0,0,17.21,17.21,17.21,17.21,17.21,17.21,17.21,17.21,17.21,17.21,17.21,17.21,17.21,0,0,17.21,17.21,17.21,17.21,17.21,17.21,17.21,17.21,17.21,17.21,17.21,17.21,17.21,0,0,0,0,0,0,0,0,0,0,0,0,0,0,0,0,0,0,0,0,0,0,0,0,0,0,0,0,0,0,0,0,0,0,0,0,0,0],
[0,0,0,0,0,0,0,0,0,0,0,0,0,0,0,0,0,0,0,0,0,0,0,0,0,0,0,0,0,0,0,0,0,0,0,0,0,0,0,0,0,0,0,0,0,0,0,0,0,0,0,0,0,0,0,0,0,0,0,0,0,0,0,0,0,0,0,0,0,0,0,0,0,0,0,0,0,0,0,0,0,0,0,0,0,0,0,0,0,0,0,0,0,0,0,0,0,0,0,0,0,0,0,0,0,0,0,0,0,0,0,0,0,0,0,0,0,0,0,0],
[0,0,0,0,0,0,0,0,0,0,0,0,0,0,0,0,0,0,0,0,0,0,0,0,0,0,0,0,0,0,0,0,0,0,0,0,0,0,0,0,0,0,0,0,0,0,0,0,0,0,0,0,0,0,0,0,0,0,0,0,0,0,0,0,0,0,0,0,0,0,0,0,0,0,0,0,0,0,0,0,0,0,0,0,0,0,0,0,0,0,0,0,0,0,0,0,0,0,0,0,0,0,0,0,0,0,0,0,0,0,0,0,0,0,0,0,0,0,0,0],
[0,0,0,0,0,0,0,0,0,0,0,0,0,0,0,0,0,0,0,0,0,0,0,0,0,0,0,0,0,0,0,0,0,0,0,0,0,0,0,0,0,0,0,0,0,0,0,0,0,0,0,0,0,0,0,0,0,0,0,0,0,0,0,0,0,0,0,0,0,0,0,0,0,0,0,0,0,0,0,0,0,0,0,0,0,0,0,0,0,0,0,0,0,0,0,0,0,0,0,0,0,0,0,0,0,0,0,0,0,0,0,0,0,0,0,0,0,0,0,0],
[0,0,0,0,0,0,0,0,0,0,0,0,0,0,0,0,0,0,0,0,0,0,0,0,0,0,0,0,0,0,0,0,0,0,0,0,0,0,0,0,0,0,0,0,0,0,0,0,0,0,0,0,0,0,0,0,0,0,0,0,0,0,0,0,0,0,0,0,0,0,0,0,0,0,0,0,0,0,0,0,0,0,0,0,0,0,0,0,0,0,0,0,0,0,0,0,0,0,0,0,0,0,0,0,0,0,0,0,0,0,0,0,0,0,0,0,0,0,0,0],
[0,0,0,0,0,0,0,0,0,0,0,0,0,0,0,0,0,0,0,0,0,0,0,0,0,0,0,0,0,0,0,0,0,0,0,0,0,0,0,0,0,0,0,0,0,0,0,0,0,0,0,0,0,0,0,0,0,0,0,0,0,0,0,0,0,0,0,0,0,0,0,0,0,0,0,0,0,0,0,0,0,0,0,0,0,0,0,0,0,0,0,0,0,0,0,0,0,0,0,0,0,0,0,0,0,0,0,0,0,0,0,0,0,0,0,0,0,0,0,0],
[0,0,0,0,0,0,0,0,0,0,0,0,0,0,0,0,0,0,0,0,0,0,0,0,0,0,0,0,0,0,0,0,0,0,0,0,0,0,0,0,0,0,0,0,0,0,0,0,0,0,0,0,0,0,0,0,0,0,0,0,0,0,0,0,0,0,0,0,0,0,0,0,0,0,0,0,0,0,0,0,0,0,0,0,0,0,0,0,0,0,0,0,0,0,0,0,0,0,0,0,0,0,0,0,0,0,0,0,0,0,0,0,0,0,0,0,0,0,0,0],
[0,0,0,0,0,0,0,0,0,0,0,0,0,0,0,0,0,0,0,0,0,0,0,0,0,0,0,0,0,0,0,0,0,0,0,0,0,0,0,0,0,0,0,0,0,0,0,0,0,0,0,0,0,0,0,0,0,0,0,0,0,0,0,0,0,0,0,0,0,0,0,0,0,0,0,0,0,0,0,0,0,0,0,0,0,0,0,0,0,0,0,0,0,0,0,0,0,0,0,0,0,0,0,0,0,0,0,0,0,0,0,0,0,0,0,0,0,0,0,0],
[0,0,0,0,0,0,0,0,0,0,0,0,0,0,0,0,0,0,0,0,0,0,0,0,0,0,0,0,0,0,0,0,0,0,0,0,0,0,0,0,0,0,0,0,0,0,0,0,0,0,0,0,0,0,0,0,0,0,0,0,0,0,0,0,0,0,0,0,0,0,0,0,0,0,0,0,0,0,0,0,0,0,0,0,0,0,0,0,0,0,0,0,0,0,0,0,0,0,0,0,0,0,0,0,0,0,0,0,0,0,0,0,0,0,0,0,0,0,0,0],
[0,0,0,0,0,0,0,0,0,0,0,0,0,0,0,0,0,0,0,0,0,0,0,0,0,0,0,0,0,0,0,0,0,0,0,0,0,0,0,0,0,0,0,0,0,0,0,0,0,0,0,0,0,0,0,0,0,0,0,0,0,0,0,0,0,0,0,0,0,0,0,0,0,0,0,0,0,0,0,0,0,0,0,0,0,0,0,0,0,0,0,0,0,0,0,0,0,0,0,0,0,0,0,0,0,0,0,0,0,0,0,0,0,0,0,0,0,0,0,0],
[0,0,0,0,0,0,0,0,0,0,0,0,0,0,0,0,0,0,0,0,0,0,0,0,0,0,0,0,0,0,0,0,0,0,0,0,0,0,0,0,0,0,0,0,0,0,0,0,0,0,0,0,0,0,0,0,0,0,0,0,0,0,0,0,0,0,0,0,0,0,0,0,0,0,0,0,0,0,0,0,0,0,0,0,0,0,0,0,0,0,0,0,0,0,0,0,0,0,0,0,0,0,0,0,0,0,0,0,0,0,0,0,0,0,0,0,0,0,0,0],
[0,0,0,0,0,0,0,0,0,0,0,0,0,0,0,0,0,0,0,0,0,0,0,0,0,0,0,0,0,0,0,0,0,0,0,0,0,0,0,0,0,0,0,0,0,0,0,0,0,0,0,0,0,0,0,0,0,0,0,0,0,0,0,0,0,0,0,0,0,0,0,0,0,0,0,0,0,0,0,0,0,0,0,0,0,0,0,0,0,0,0,0,0,0,0,0,0,0,0,0,0,0,0,0,0,0,0,0,0,0,0,0,0,0,0,0,0,0,0,0],
[0,0,0,0,0,0,0,0,0,0,0,0,0,0,0,0,0,0,0,0,0,0,0,0,0,0,0,0,0,0,0,0,0,0,0,0,0,0,0,0,0,0,0,0,0,0,0,0,0,0,0,0,0,0,0,0,0,0,0,0,0,0,0,0,0,0,0,0,0,0,0,0,0,0,0,0,0,0,0,0,0,0,0,0,0,0,0,0,0,0,0,0,0,0,0,0,0,0,0,0,0,0,0,0,0,0,0,0,0,0,0,0,0,0,0,0,0,0,0,0],
[0,0,0,0,0,0,0,0,0,0,0,0,0,0,0,0,0,0,0,0,0,0,0,0,0,0,0,0,0,0,0,0,0,0,0,0,0,0,0,0,0,0,0,0,0,0,0,0,0,0,0,0,0,0,0,0,0,0,0,0,0,0,0,0,0,0,0,0,0,0,0,0,0,0,0,0,0,0,0,0,0,0,0,0,0,0,0,0,0,0,0,0,0,0,0,0,0,0,0,0,0,0,0,0,0,0,0,0,0,0,0,0,0,0,0,0,0,0,0,0]]