[[0,0,0,0,0,0,0,0,0,0,0,0,0,0,0,0,0,0,0,0,0,0,0,0,0,0,0,0,0,0,0,0,0,0,0,0,0,0,0,0,0,0,0,0,0,0,0,0,0,0,0,0,0,0,0,0,0,0,0,0,0,0,0,0,0,0,0,0,0,0,0,0,0,0,0,0,0,0,0,0,0,0,0,0,0,0,0,0,0,0,0,0,0,0,0,0,0,0,0,0,0,0,0,0,0,0,0,0,0,0,0,0,0,0,0,0,0,0,0,0],
[0,0,0,0,0,0,0,0,0,0,0,0,0,0,0,0,0,0,0,0,0,0,0,0,0,0,0,0,0,0,0,0,0,0,0,0,0,0,0,0,0,0,0,0,0,0,0,0,0,0,0,0,0,0,0,0,0,0,0,0,0,0,0,0,0,0,0,0,0,0,0,0,0,0,0,0,0,0,0,0,0,0,0,0,0,0,0,0,0,0,0,0,0,0,0,0,0,0,0,0,0,0,0,0,0,0,0,0,0,0,0,0,0,0,0,0,0,0,0,0],
[0,0,0,0,0,0,0,0,0,0,0,0,0,0,0,0,0,0,0,0,0,0,0,0,0,0,0,0,0,0,0,0,0,0,0,0,0,0,0,0,0,0,0,0,0,0,0,0,0,0,0,0,0,0,0,0,0,0,0,0,0,0,0,0,0,0,0,0,0,0,0,0,0,0,0,0,0,0,0,0,0,0,0,0,0,0,0,0,0,0,0,0,0,0,0,0,0,0,0,0,0,0,0,0,0,0,0,0,0,0,0,0,0,0,0,0,0,0,0,0],
[0,0,0,0,0,0,0,0,0,0,0,0,0,0,0,0,0,0,0,0,0,0,0,0,0,0,0,0,0,0,0,0,0,0,0,0,0,0,0,0,0,0,0,0,0,0,0,0,0,0,0,0,0,0,0,0,0,0,0,0,0,0,0,0,0,0,0,0,0,0,0,0,0,0,0,0,0,0,0,0,0,0,0,0,0,0,0,0,0,0,0,0,0,0,0,0,0,0,0,0,0,0,0,0,0,0,0,0,0,0,0,0,0,0,0,0,0,0,0,0],
[0,0,0,0,0,0,0,0,0,0,0,0,0,0,0,0,0,0,0,0,0,0,0,0,0,0,0,0,0,0,0,0,0,0,0,0,0,0,0,0,0,0,0,0,0,0,0,0,0,0,0,0,0,0,0,0,0,0,0,0,0,0,0,0,0,0,0,0,0,0,0,0,0,0,0,0,0,0,0,0,0,0,0,0,0,0,0,0,0,0,0,0,0,0,0,0,0,0,0,0,0,0,0,0,0,0,0,0,0,0,0,0,0,0,0,0,0,0,0,0],
[0,0,0,0,0,0,0,0,0,0,0,0,0,0,0,0,0,0,0,0,0,0,0,0,0,0,0,0,0,0,0,0,0,0,0,0,0,0,0,0,0,0,0,0,0,0,0,0,0,0,0,0,0,0,0,0,0,0,0,0,0,0,0,0,0,0,0,0,0,0,0,0,0,0,0,0,0,0,0,0,0,0,0,0,0,0,0,0,0,0,0,0,0,0,0,0,0,0,0,0,0,0,0,0,0,0,0,0,0,0,0,0,0,0,0,0,0,0,0,0],
[0,0,0,0,0,0,0,0,0,0,0,0,0,0,0,0,0,0,0,0,0,0,0,0,0,0,0,0,0,0,0,0,0,0,0,0,0,0,0,0,0,0,0,0,0,0,0,0,0,0,0,0,0,0,0,0,0,0,0,0,0,0,0,0,0,0,0,0,0,0,0,0,0,0,0,0,0,0,0,0,0,0,0,0,0,0,0,0,0,0,0,0,0,0,0,0,0,0,0,0,0,0,0,0,0,0,0,0,0,0,0,0,0,0,0,0,0,0,0,0],
[0,0,0,0,0,0,0,0,0,0,0,0,0,0,0,0,0,0,0,0,0,0,0,0,0,0,0,0,0,0,0,0,0,0,0,0,0,0,0,0,0,0,0,0,0,0,0,0,0,0,0,0,0,0,0,0,0,0,0,0,0,0,0,0,0,0,0,0,0,0,0,0,0,0,0,0,0,0,0,0,0,0,0,0,0,0,0,0,0,0,0,0,0,0,0,0,0,0,0,0,0,0,0,0,0,0,0,0,0,0,0,0,0,0,0,0,0,0,0,0],
[0,0,0,0,0,0,0,0,0,0,0,0,0,0,0,0,0,0,0,0,0,0,0,0,0,0,0,0,0,0,0,0,0,0,0,0,0,0,0,0,0,0,0,0,0,0,0,20.98,21.19,21.45,21.46,21.44,21.42,21.39,0,0,0,0,0,0,0,0,0,0,0,0,0,21.40,21.42,21.44,21.46,21.43,21.26,21.14,0,0,0,0,0,0,0,0,0,0,0,0,0,0,0,0,0,0,0,0,0,0,0,0,0,0,0,0,0,0,0,0,0,0,0,0,0,0,0,0,0,0,0,0,0,0],
[0,0,0,0,0,0,0,0,0,0,0,0,0,0,0,0,0,0,0,0,0,0,0,0,0,0,0,0,0,0,0,0,0,0,0,0,0,0,0,0,0,0,0,0,0,0,0,20.98,21.09,21.41,21.46,21.44,21.42,21.41,21.39,21.39,21.39,21.39,0,0,0,0,0,21.39,21.39,21.39,21.39,21.41,21.43,21.44,21.46,21.34,21.17,21.14,0,0,0,0,0,0,0,0,0,0,0,0,0,0,0,0,0,0,0,0,0,0,0,0,0,0,0,0,0,0,0,0,0,0,0,0,0,0,0,0,0,0,0,0,0,0],
[0,0,0,0,0,0,0,0,0,0,0,0,0,0,0,0,0,0,0,0,0,0,0,0,0,0,0,0,0,0,0,0,0,0,0,0,0,0,0,0,0,0,0,0,0,0,0,20.98,20.98,21.08,21.43,21.47,21.45,21.43,21.39,21.39,21.39,21.39,0,0,0,0,0,21.39,21.39,21.39,21.39,21.40,21.42,21.44,21.33,21.14,21.11,21.13,0,0,0,0,0,0,0,0,0,0,0,0,0,0,0,0,0,0,0,0,0,0,0,0,0,0,0,0,0,0,0,0,0,0,0,0,0,0,0,0,0,0,0,0,0,0],
[0,0,0,0,0,0,0,0,0,0,0,0,0,0,0,0,0,0,0,0,0,0,0,0,0,0,0,0,0,0,0,0,0,0,0,0,0,0,0,0,0,0,0,0,0,0,0,20.98,20.98,20.98,21.06,21.37,21.47,21.42,21.39,21.39,21.39,21.39,0,0,0,0,0,21.39,21.39,21.39,21.39,21.40,21.42,21.32,21.14,21.08,21.10,21.12,0,0,0,0,0,0,0,0,0,0,0,0,0,0,0,0,0,0,0,0,0,0,0,0,0,0,0,0,0,0,0,0,0,0,0,0,0,0,0,0,0,0,0,0,0,0],
[0,0,0,0,0,0,0,0,0,0,0,0,0,0,0,0,0,0,0,0,0,0,0,0,0,0,0,0,0,0,0,0,0,0,0,0,0,0,0,0,0,0,0,0,0,0,0,20.98,20.98,20.98,20.98,21.08,21.31,21.41,21.39,21.39,21.39,21.39,0,0,0,0,0,21.39,21.39,21.39,21.39,21.40,21.34,21.14,21.07,21.06,21.09,21.11,0,0,0,0,0,0,0,0,0,0,0,0,0,0,0,0,0,0,0,0,0,0,0,0,0,0,0,0,0,0,0,0,0,0,0,0,0,0,0,0,0,0,0,0,0,0],
[0,0,0,0,0,0,0,0,0,0,0,0,0,0,0,0,0,0,0,0,0,0,0,0,0,0,0,0,0,0,0,0,0,0,0,0,0,0,0,0,0,0,0,0,0,0,0,20.98,20.98,20.98,20.98,20.99,21.10,21.31,21.39,21.39,21.39,21.39,21.39,21.39,21.39,21.39,21.39,21.39,21.39,21.39,21.39,21.35,21.14,21.06,21.03,21.05,21.08,21.11,0,0,0,0,0,0,0,0,0,0,0,0,0,0,0,0,0,0,0,0,0,0,0,0,0,0,0,0,0,0,0,0,0,0,0,0,0,0,0,0,0,0,0,0,0,0],
[0,0,0,0,0,0,0,0,0,0,0,0,0,0,0,0,0,0,0,0,0,0,0,0,0,0,0,0,0,0,0,0,0,0,0,0,0,0,0,0,0,0,0,0,0,0,0,20.98,20.98,20.98,20.98,20.98,21.01,21.08,0,0,21.39,21.42,21.40,21.48,21.47,21.48,21.42,21.47,21.48,21.48,0,21.08,21.05,21.01,21.03,21.04,21.07,21.10,0,0,0,0,0,0,0,0,0,0,0,0,0,0,0,0,0,0,0,0,0,0,0,0,0,0,0,0,0,0,0,0,0,0,0,0,0,0,0,0,0,0,0,0,0,0],
[0,0,0,0,0,0,0,0,0,0,0,0,0,0,0,0,0,0,0,0,0,0,0,0,0,0,0,0,0,0,0,0,0,0,0,0,0,0,0,0,0,0,0,0,0,0,0,20.98,20.98,20.98,20.98,20.98,20.98,20.98,20.98,20.98,21.08,21.11,21.14,21.15,21.14,21.12,21.11,21.10,21.10,20.98,20.98,20.98,20.99,21.00,21.02,21.04,21.06,21.09,0,0,0,0,0,0,0,0,0,0,0,0,0,0,0,0,0,0,0,0,0,0,0,0,0,0,0,0,0,0,0,0,0,0,0,0,0,0,0,0,0,0,0,0,0,0],
[0,0,0,0,0,0,0,0,0,0,0,0,0,0,0,0,0,0,0,0,0,0,0,0,0,0,0,0,0,0,0,0,0,0,0,0,0,0,0,0,0,0,0,0,0,0,0,20.98,20.98,20.98,20.98,20.98,20.98,20.98,20.98,20.98,20.99,21.02,21.05,21.06,21.06,21.04,21.02,21.01,20.99,20.98,20.98,20.98,20.98,21.00,21.01,21.03,21.06,21.08,0,0,0,0,0,0,0,0,0,0,0,0,0,0,0,0,0,0,0,0,0,0,0,0,0,0,0,0,0,0,0,0,0,0,0,0,0,0,0,0,0,0,0,0,0,0],
[0,0,0,0,0,0,0,0,0,0,0,0,0,0,0,0,0,0,0,0,0,0,0,0,0,0,0,0,0,0,0,0,0,0,0,0,0,0,0,0,0,0,0,0,0,0,0,20.98,20.98,20.98,20.98,20.98,20.98,20.98,20.98,20.98,20.99,21.02,21.05,21.05,21.06,21.04,21.02,21.01,20.99,20.98,20.98,20.98,20.98,20.99,21.01,21.02,21.05,21.07,0,0,0,0,0,0,0,0,0,0,0,0,0,0,0,0,0,0,0,0,0,0,0,0,0,0,0,0,0,0,0,0,0,0,0,0,0,0,0,0,0,0,0,0,0,0],
[0,0,0,0,0,0,0,0,0,0,0,0,0,0,0,0,0,0,0,0,0,0,0,0,0,0,0,0,0,0,0,0,0,0,0,0,0,0,0,0,0,0,0,0,0,0,0,20.98,20.98,20.98,20.98,20.98,20.98,20.98,20.98,20.98,20.99,21.02,21.05,21.05,21.06,21.04,21.02,21.00,20.99,20.98,20.98,20.98,20.98,20.98,21.00,21.02,21.04,21.06,0,0,0,0,0,0,0,0,0,0,0,0,0,0,0,0,0,0,0,0,0,0,0,0,0,0,0,0,0,0,0,0,0,0,0,0,0,0,0,0,0,0,0,0,0,0],
[0,0,0,0,0,0,0,0,0,0,0,0,0,0,0,0,0,0,0,0,0,0,0,0,0,0,0,0,0,0,0,0,0,0,0,0,0,0,0,0,0,0,0,0,0,0,0,20.98,20.98,20.98,20.98,20.98,20.98,20.98,20.98,20.98,20.98,21.02,21.05,21.05,21.06,21.04,21.02,21.00,20.99,20.98,20.98,20.98,20.98,20.98,20.99,21.01,21.03,21.05,0,0,0,0,0,0,0,0,0,0,0,0,0,0,0,0,0,0,0,0,0,0,0,0,0,0,0,0,0,0,0,0,0,0,0,0,0,0,0,0,0,0,0,0,0,0],
[0,0,0,0,0,0,0,0,0,0,0,0,0,0,0,0,0,0,0,0,0,0,0,0,0,0,0,0,0,0,0,0,0,0,0,0,0,0,0,0,0,0,0,0,0,0,0,20.98,20.98,20.98,20.98,20.98,20.98,20.98,20.98,20.98,20.98,21.01,21.04,21.04,21.06,21.04,21.02,21.00,20.98,20.98,20.98,20.98,20.98,20.98,20.99,21.00,21.02,21.04,0,0,0,0,0,0,0,0,0,0,0,0,0,0,0,0,0,0,0,0,0,0,0,0,0,0,0,0,0,0,0,0,0,0,0,0,0,0,0,0,0,0,0,0,0,0],
[0,0,0,0,0,0,0,0,0,0,0,0,0,0,0,0,0,0,0,0,0,0,0,0,0,0,0,0,0,0,0,0,0,0,0,0,0,0,0,0,0,0,0,0,0,0,0,20.98,20.98,20.98,20.98,20.98,20.98,20.98,20.98,20.98,20.98,21.01,21.04,21.04,21.06,21.04,21.02,21.00,20.98,20.98,20.98,20.98,20.98,20.98,20.98,21.00,21.01,21.04,0,0,0,0,0,0,0,0,0,0,0,0,0,0,0,0,0,0,0,0,0,0,0,0,0,0,0,0,0,0,0,0,0,0,0,0,0,0,0,0,0,0,0,0,0,0],
[0,0,0,0,0,0,0,0,0,0,0,0,0,0,0,0,0,0,0,0,0,0,0,0,0,0,0,0,0,0,0,0,0,0,0,0,0,0,0,0,0,0,0,0,0,0,0,20.98,20.98,20.98,20.98,20.98,20.98,20.98,20.98,20.98,20.98,21.01,21.03,21.04,21.06,21.04,21.02,21.00,20.98,20.98,20.98,20.98,20.98,20.98,20.98,20.99,21.01,21.03,0,0,0,0,0,0,0,0,0,0,0,0,0,0,0,0,0,0,0,0,0,0,0,0,0,0,0,0,0,0,0,0,0,0,0,0,0,0,0,0,0,0,0,0,0,0],
[0,0,0,0,0,0,0,0,0,0,0,0,0,0,0,0,0,0,0,0,0,0,0,0,0,0,0,0,0,0,0,0,0,0,0,0,0,0,0,0,0,0,0,0,0,0,0,20.98,20.98,20.98,20.98,20.98,20.98,20.98,20.98,20.98,20.98,21.01,21.03,21.04,21.06,21.04,21.02,21.00,20.98,20.98,20.98,20.98,20.98,20.98,20.98,20.98,21.00,21.02,0,0,0,0,0,0,0,0,0,0,0,0,0,0,0,0,0,0,0,0,0,0,0,0,0,0,0,0,0,0,0,0,0,0,0,0,0,0,0,0,0,0,0,0,0,0],
[0,0,0,0,0,0,0,0,0,0,0,0,0,0,0,0,0,0,0,0,0,0,0,0,0,0,0,0,0,0,0,0,0,0,0,0,0,0,0,0,0,0,0,0,0,0,0,20.98,20.98,20.98,20.98,20.98,20.98,20.98,20.98,20.98,20.98,21.01,21.02,21.04,21.06,21.04,21.01,21.00,20.98,20.98,20.98,20.98,20.98,20.98,20.98,20.98,20.99,21.01,0,0,0,0,0,0,0,0,0,0,0,0,0,0,0,0,0,0,0,0,0,0,0,0,0,0,0,0,0,0,0,0,0,0,0,0,0,0,0,0,0,0,0,0,0,0],
[0,0,0,0,0,0,0,0,0,0,0,0,0,0,0,0,0,0,0,0,0,0,0,0,0,0,0,0,0,0,0,0,0,0,0,0,0,0,0,0,0,0,0,0,0,0,0,20.98,20.98,20.98,20.98,20.98,20.98,20.98,20.98,20.98,20.98,21.01,21.02,21.04,21.06,21.04,21.01,21.00,20.98,20.98,20.98,20.98,20.98,20.98,20.98,20.98,20.99,21.00,0,0,0,0,0,0,0,0,0,0,0,0,0,0,0,0,0,0,0,0,0,0,0,0,0,0,0,0,0,0,0,0,0,0,0,0,0,0,0,0,0,0,0,0,0,0],
[0,0,0,0,0,0,0,0,0,0,0,0,0,0,0,0,0,0,0,0,0,0,0,0,0,0,0,0,0,0,0,0,0,0,0,0,0,0,0,0,0,0,0,0,0,0,0,20.98,20.98,20.98,20.98,20.98,20.98,20.98,20.98,20.98,20.98,21.01,21.02,21.04,21.06,21.04,21.01,20.99,20.98,20.98,20.98,20.98,20.98,20.98,20.98,20.98,20.98,20.99,0,0,0,0,0,0,0,0,0,0,0,0,0,0,0,0,0,0,0,0,0,0,0,0,0,0,0,0,0,0,0,0,0,0,0,0,0,0,0,0,0,0,0,0,0,0],
[0,0,0,0,0,0,0,0,0,0,0,0,0,0,0,0,0,0,0,0,0,0,0,0,0,0,0,0,0,0,0,0,0,0,0,0,0,0,0,0,0,0,0,0,0,0,0,20.98,20.98,20.98,20.98,20.98,20.98,20.98,20.98,20.98,20.98,21.01,21.02,21.04,21.06,21.04,21.01,20.99,20.98,20.98,20.98,20.98,20.98,20.98,20.98,20.98,20.98,20.98,0,0,0,0,0,0,0,0,0,0,0,0,0,0,0,0,0,0,0,0,0,0,0,0,0,0,0,0,0,0,0,0,0,0,0,0,0,0,0,0,0,0,0,0,0,0],
[0,0,0,0,0,0,0,0,0,0,0,0,0,0,0,0,0,0,0,0,0,0,0,0,0,0,0,0,0,0,0,0,0,0,0,0,0,0,0,0,0,0,0,0,0,0,0,20.98,20.98,20.98,20.98,20.98,20.98,20.98,20.98,20.98,20.98,21.01,21.02,21.04,21.06,21.04,21.01,20.99,20.98,20.98,20.98,20.98,20.98,20.98,20.98,20.98,20.98,20.98,0,0,0,0,0,0,0,0,0,0,0,0,0,0,0,0,0,0,0,0,0,0,0,0,0,0,0,0,0,0,0,0,0,0,0,0,0,0,0,0,0,0,0,0,0,0],
[0,0,0,0,0,0,0,0,0,0,0,0,0,0,0,0,0,0,0,0,0,0,0,0,0,0,0,0,0,0,0,0,0,0,0,0,0,0,0,0,0,0,0,0,0,0,0,20.98,20.98,20.98,20.98,20.98,20.98,20.98,20.98,20.98,20.98,21.00,21.02,21.04,21.06,21.04,21.01,20.99,20.98,20.98,20.98,20.98,20.98,20.98,20.98,20.98,20.98,0,0,0,0,0,0,0,0,0,0,0,0,0,0,0,0,0,0,0,0,0,0,0,0,0,0,0,0,0,0,0,0,0,0,0,0,0,0,0,0,0,0,0,0,0,0,0],
[0,0,0,0,0,0,0,0,0,0,0,0,0,0,0,0,0,0,0,0,0,0,0,0,0,0,0,0,0,0,0,0,0,0,0,0,0,0,0,0,0,0,0,0,0,0,0,0,20.98,20.98,20.98,20.98,20.98,20.98,20.98,20.98,20.98,21.00,21.02,21.04,21.06,21.04,21.01,20.99,20.98,20.98,20.98,20.98,20.98,20.98,20.98,20.98,0,0,0,0,0,0,0,0,0,0,0,0,0,0,0,0,0,0,0,0,0,0,0,0,0,0,0,0,0,0,0,0,0,0,0,0,0,0,0,0,0,0,0,0,0,0,0,0],
[0,0,0,0,0,0,0,0,0,0,0,0,0,0,0,0,0,0,0,0,0,0,0,0,0,0,0,0,0,0,0,0,0,0,0,0,0,0,0,0,0,0,0,0,0,0,0,0,0,20.98,20.98,20.98,20.98,20.98,20.98,20.98,20.98,21.00,21.02,21.04,21.06,21.04,21.01,20.99,20.98,20.98,20.98,20.98,20.98,20.98,20.98,0,0,0,0,0,0,0,0,0,0,0,0,0,0,0,0,0,0,0,0,0,0,0,0,0,0,0,0,0,0,0,0,0,0,0,0,0,0,0,0,0,0,0,0,0,0,0,0,0],
[0,0,0,0,0,0,0,0,0,0,0,0,0,0,0,0,0,0,0,0,0,0,0,0,0,0,0,0,0,0,0,0,0,0,0,0,0,0,0,0,0,0,0,0,0,0,0,0,0,0,20.98,20.98,20.98,20.98,20.98,20.98,20.98,20.99,21.02,21.04,21.06,21.04,21.01,20.99,20.98,20.98,20.98,20.98,20.98,20.98,0,0,0,0,0,0,0,0,0,0,0,0,0,0,0,0,0,0,0,0,0,0,0,0,0,0,0,0,0,0,0,0,0,0,0,0,0,0,0,0,0,0,0,0,0,0,0,0,0,0],
[0,0,0,0,0,0,0,0,0,0,0,0,0,0,0,0,0,0,0,0,0,0,0,0,0,0,0,0,0,0,0,0,0,0,0,0,0,0,0,0,0,0,0,0,0,0,0,0,0,0,0,20.98,20.98,20.98,20.98,20.98,20.98,20.99,21.02,21.04,21.06,21.04,21.01,20.99,20.98,20.98,20.98,20.98,20.98,0,0,0,0,0,0,0,0,0,0,0,0,0,0,0,0,0,0,0,0,0,0,0,0,0,0,0,0,0,0,0,0,0,0,0,0,0,0,0,0,0,0,0,0,0,0,0,0,0,0,0],
[0,0,0,0,0,0,0,0,0,0,0,0,0,0,0,0,0,0,0,0,0,0,0,0,0,0,0,0,0,0,0,0,0,0,0,0,0,0,0,0,0,0,0,0,0,0,0,0,0,0,0,0,20.98,20.98,20.98,20.98,20.98,20.99,21.02,21.04,21.06,21.04,21.01,20.99,20.98,20.98,20.98,20.98,0,0,0,0,0,0,0,0,0,0,0,0,0,0,0,0,0,0,0,0,0,0,0,0,0,0,0,0,0,0,0,0,0,0,0,0,0,0,0,0,0,0,0,0,0,0,0,0,0,0,0,0],
[0,0,0,0,0,0,0,0,0,0,0,0,0,0,0,0,0,0,0,0,0,0,0,0,0,0,0,0,0,0,0,0,0,0,0,0,0,0,0,0,0,0,0,0,0,0,0,0,0,0,0,0,0,20.98,20.98,20.98,20.98,20.99,21.02,21.04,21.06,21.04,21.01,20.99,20.98,20.98,20.98,0,0,0,0,0,0,0,0,0,0,0,0,0,0,0,0,0,0,0,0,0,0,0,0,0,0,0,0,0,0,0,0,0,0,0,0,0,0,0,0,0,0,0,0,0,0,0,0,0,0,0,0,0],
[0,0,0,0,0,0,0,0,0,0,0,0,0,0,0,0,0,0,0,0,0,0,0,0,0,0,0,0,0,0,0,0,0,0,0,0,0,0,0,0,0,0,0,0,0,0,0,0,0,0,0,0,0,0,0,0,21.01,21.01,21.02,21.04,21.06,21.04,21.02,21.01,21.01,0,0,0,0,0,0,0,0,0,0,0,0,0,0,0,0,0,0,0,0,0,0,0,0,0,0,0,0,0,0,0,0,0,0,0,0,0,0,0,0,0,0,0,0,0,0,0,0,0,0,0,0,0,0,0],
[0,0,0,0,0,0,0,0,0,0,0,0,0,0,0,0,0,0,0,0,0,0,0,0,0,0,0,0,0,0,0,0,0,0,0,0,0,0,0,0,0,0,0,0,0,0,0,0,0,0,0,0,0,0,0,0,21.05,21.05,21.05,21.05,20.95,21.05,21.05,21.05,21.05,0,0,0,0,0,0,0,0,0,0,0,0,0,0,0,0,0,0,0,0,0,0,0,0,0,0,0,0,0,0,0,0,0,0,0,0,0,0,0,0,0,0,0,0,0,0,0,0,0,0,0,0,0,0,0],
[0,0,0,0,0,0,0,0,0,0,0,0,0,0,0,0,0,0,0,0,0,0,0,0,0,0,0,0,0,0,0,0,0,0,0,0,0,0,0,0,0,0,0,0,0,0,0,0,0,0,0,0,0,0,0,0,20.80,20.81,20.84,20.86,20.80,20.85,20.82,20.80,20.80,0,0,0,0,0,0,0,0,0,0,0,0,0,0,0,0,0,0,0,0,0,0,0,0,0,0,0,0,0,0,0,0,0,0,0,0,0,0,0,0,0,0,0,0,0,0,0,0,0,0,0,0,0,0,0],
[0,0,0,0,0,0,0,0,0,0,0,0,0,0,0,0,0,0,0,0,0,0,0,0,0,0,0,0,0,0,0,0,0,0,0,0,0,0,0,0,0,0,0,0,0,0,0,0,0,0,0,0,0,0,0,0,20.49,20.52,20.52,20.54,20.55,20.53,20.51,20.49,20.49,0,0,0,0,0,0,0,0,0,0,0,0,0,0,0,0,0,0,0,0,0,0,0,0,0,0,0,0,0,0,0,0,0,0,0,0,0,0,0,0,0,0,0,0,0,0,0,0,0,0,0,0,0,0,0],
[0,0,0,0,0,0,0,0,0,0,0,0,0,0,0,0,0,0,0,0,0,0,0,0,0,0,0,0,0,0,0,0,0,0,0,0,0,0,0,0,0,0,0,0,0,0,0,0,0,0,0,0,0,0,0,0,20.17,20.22,20.20,20.22,20.22,20.22,20.18,20.17,20.17,0,0,0,0,0,0,0,0,0,0,0,0,0,0,0,0,0,0,0,0,0,0,0,0,0,0,0,0,0,0,0,0,0,0,0,0,0,0,0,0,0,0,0,0,0,0,0,0,0,0,0,0,0,0,0],
[0,0,0,0,0,0,0,0,0,0,0,0,0,0,0,0,0,0,0,0,0,0,0,0,0,0,0,0,0,0,0,0,0,0,0,0,0,0,0,0,0,0,0,0,0,0,0,0,0,0,0,0,0,0,0,0,19.85,19.92,19.88,19.90,19.89,19.90,19.87,19.86,19.85,0,0,0,0,0,0,0,0,0,0,0,0,0,0,0,0,0,0,0,0,0,0,0,0,0,0,0,0,0,0,0,0,0,0,0,0,0,0,0,0,0,0,0,0,0,0,0,0,0,0,0,0,0,0,0],
[0,0,0,0,0,0,0,0,0,0,0,0,0,0,0,0,0,0,0,0,0,0,0,0,0,0,0,0,0,0,0,0,0,0,0,0,0,0,0,0,0,0,0,0,0,0,0,0,0,0,0,0,0,0,0,0,19.54,19.63,19.58,19.59,19.56,19.58,19.56,19.54,19.54,0,0,0,0,0,0,0,0,0,0,0,0,0,0,0,0,0,0,0,0,0,0,0,0,0,0,0,0,0,0,0,0,0,0,0,0,0,0,0,0,0,0,0,0,0,0,0,0,0,0,0,0,0,0,0],
[0,0,0,0,0,0,0,0,0,0,0,0,0,0,0,0,0,0,0,0,0,0,0,0,0,0,0,0,0,0,0,0,0,0,0,0,0,0,0,0,0,0,0,0,0,0,0,0,0,0,0,0,0,0,0,0,19.25,19.33,19.29,19.27,19.23,19.26,19.25,19.24,19.25,0,0,0,0,0,0,0,0,0,0,0,0,0,0,0,0,0,0,0,0,0,0,0,0,0,0,0,0,0,0,0,0,0,0,0,0,0,0,0,0,0,0,0,0,0,0,0,0,0,0,0,0,0,0,0],
[0,0,0,0,0,0,0,0,0,0,0,0,0,0,0,0,0,0,0,0,0,0,0,0,0,0,0,0,0,0,0,0,0,0,0,0,0,0,0,0,0,0,0,0,0,0,0,0,0,0,0,0,0,0,0,0,19.02,19.03,19.00,18.99,18.90,18.99,18.98,19.01,19.02,0,0,0,0,0,0,0,0,0,0,0,0,0,0,0,0,0,0,0,0,0,0,0,0,0,0,0,0,0,0,0,0,0,0,0,0,0,0,0,0,0,0,0,0,0,0,0,0,0,0,0,0,0,0,0],
[0,0,0,0,0,0,0,0,0,0,0,0,0,0,0,0,0,0,0,0,0,0,0,0,0,0,0,0,0,0,0,0,0,0,0,0,0,0,0,0,0,0,0,0,0,0,0,0,0,0,0,0,0,0,0,0,18.88,18.88,18.88,18.88,18.87,18.88,18.88,18.88,18.88,0,0,0,0,0,0,0,0,0,0,0,0,0,0,0,0,0,0,0,0,0,0,0,0,0,0,0,0,0,0,0,0,0,0,0,0,0,0,0,0,0,0,0,0,0,0,0,0,0,0,0,0,0,0,0],
[0,0,0,0,0,0,0,0,0,0,0,0,0,0,0,0,0,0,0,0,0,0,0,0,0,0,0,0,0,0,0,0,0,0,0,0,0,0,0,0,0,0,0,0,0,0,0,0,0,0,0,0,0,0,0,0,18.85,18.85,18.85,18.85,18.84,18.85,18.85,18.85,18.85,0,0,0,0,0,0,0,0,0,0,0,0,0,0,0,0,0,0,0,0,0,0,0,0,0,0,0,0,0,0,0,0,0,0,0,0,0,0,0,0,0,0,0,0,0,0,0,0,0,0,0,0,0,0,0],
[0,0,0,0,0,0,0,0,0,0,0,0,0,0,0,0,0,0,0,0,0,0,0,0,0,0,0,0,0,0,0,0,0,0,0,0,0,0,0,0,0,0,0,0,0,0,0,0,0,0,0,0,0,0,0,0,18.82,18.82,18.82,18.82,18.82,18.82,18.82,18.82,18.82,0,0,0,0,0,0,0,0,0,0,0,0,0,0,0,0,0,0,0,0,0,0,0,0,0,0,0,0,0,0,0,0,0,0,0,0,0,0,0,0,0,0,0,0,0,0,0,0,0,0,0,0,0,0,0],
[0,0,0,0,0,0,0,0,0,0,0,0,0,0,0,0,0,0,0,0,0,0,0,0,0,0,0,0,0,0,0,0,0,0,0,0,0,0,0,0,0,0,0,0,18.81,18.81,18.81,18.81,18.81,18.81,18.81,18.81,18.81,18.81,18.81,18.81,18.81,18.83,18.83,18.83,18.83,18.83,18.83,18.82,18.81,18.81,18.81,18.81,18.81,18.81,18.81,18.81,18.81,18.81,18.81,18.81,18.81,0,0,0,0,0,0,0,0,0,0,0,0,0,0,0,0,0,0,0,0,0,0,0,0,0,0,0,0,0,0,0,0,0,0,0,0,0,0,0,0,0,0,0],
[0,0,0,0,0,0,0,0,0,0,0,0,0,0,0,0,0,0,0,0,0,0,0,0,0,0,0,0,0,0,0,0,0,0,0,0,0,0,0,0,0,0,0,0,18.81,18.81,18.81,18.81,18.81,18.81,18.81,18.81,18.81,18.82,18.83,18.85,18.85,18.84,18.86,18.86,18.86,18.86,18.85,18.85,18.85,18.88,18.83,18.82,18.81,18.81,18.81,18.81,18.81,18.81,18.81,18.81,18.81,0,0,0,0,0,0,0,0,0,0,0,0,0,0,0,0,0,0,0,0,0,0,0,0,0,0,0,0,0,0,0,0,0,0,0,0,0,0,0,0,0,0,0],
[0,0,0,0,0,0,0,0,0,0,0,0,0,0,0,0,0,0,0,0,0,0,0,0,0,0,0,0,0,0,0,0,0,0,0,0,0,0,0,0,0,0,0,0,18.81,18.81,18.81,18.82,18.82,18.83,18.84,18.85,18.86,18.88,18.89,18.89,18.89,18.89,18.89,18.89,18.89,18.88,18.89,18.89,18.89,18.91,18.95,18.93,18.86,18.85,18.84,18.83,18.82,18.81,18.81,18.81,18.81,0,0,0,0,0,0,0,0,0,0,0,0,0,0,0,0,0,0,0,0,0,0,0,0,0,0,0,0,0,0,0,0,0,0,0,0,0,0,0,0,0,0,0],
[0,0,0,0,0,0,0,0,0,0,0,0,0,0,0,0,0,0,0,0,0,0,0,0,0,0,0,0,0,0,0,0,0,0,0,0,0,0,0,0,0,18.81,18.81,18.81,18.82,18.83,18.84,18.85,18.86,18.88,18.89,19.00,19.08,19.10,19.11,19.10,19.09,19.08,19.07,19.06,19.12,19.06,19.07,19.08,19.10,19.12,19.10,19.08,19.06,18.98,18.89,18.88,18.86,18.85,18.84,18.82,18.81,18.81,18.81,18.81,0,0,0,0,0,0,0,0,0,0,0,0,0,0,0,0,0,0,0,0,0,0,0,0,0,0,0,0,0,0,0,0,0,0,0,0,0,0,0,0],
[0,0,0,0,0,0,0,0,0,0,0,0,0,0,0,0,0,0,0,0,0,0,0,0,0,0,0,0,0,0,0,0,0,0,0,0,0,0,0,0,0,18.81,18.81,18.81,18.82,18.83,18.84,18.85,18.87,18.88,18.89,19.03,19.24,19.31,19.31,19.31,19.30,19.29,19.28,19.28,19.26,19.27,19.29,19.30,19.31,19.31,19.29,19.26,19.23,18.98,18.89,18.88,18.87,18.85,18.84,18.83,18.81,18.81,18.81,18.81,0,0,0,0,0,0,0,0,0,0,0,0,0,0,0,0,0,0,0,0,0,0,0,0,0,0,0,0,0,0,0,0,0,0,0,0,0,0,0,0],
[0,0,0,0,0,0,0,0,0,0,0,0,0,0,0,0,0,0,0,0,0,0,0,0,0,0,0,0,0,0,0,0,0,0,0,0,0,0,0,0,0,18.81,18.81,18.81,18.82,18.83,18.84,18.85,18.87,18.88,18.89,19.03,19.24,19.31,19.31,19.31,19.31,19.31,19.31,19.31,19.31,19.31,19.31,19.31,19.31,19.31,19.30,19.27,19.24,18.98,18.89,18.88,18.87,18.85,18.84,18.83,18.81,18.81,18.81,18.81,0,0,0,0,0,0,0,0,0,0,0,0,0,0,0,0,0,0,0,0,0,0,0,0,0,0,0,0,0,0,0,0,0,0,0,0,0,0,0,0],
[0,0,0,0,0,0,0,0,0,0,0,0,0,0,0,0,0,0,0,0,0,0,0,0,0,0,0,0,0,0,0,0,0,0,0,0,0,0,0,0,0,18.81,18.81,18.81,18.82,18.83,18.84,18.85,18.87,18.88,18.89,19.03,19.24,19.31,19.31,19.31,19.31,19.31,19.31,19.31,19.31,19.31,19.31,19.31,19.31,19.31,19.31,19.28,19.24,18.98,18.89,18.88,18.87,18.85,18.84,18.83,18.81,18.81,18.81,18.81,0,0,0,0,0,0,0,0,0,0,0,0,0,0,0,0,0,0,0,0,0,0,0,0,0,0,0,0,0,0,0,0,0,0,0,0,0,0,0,0],
[0,0,0,0,0,0,0,0,0,0,0,0,0,0,0,0,0,0,0,0,0,0,0,0,0,0,0,0,0,0,0,0,0,0,0,0,0,0,0,0,0,18.81,18.81,18.81,18.82,18.83,18.84,18.85,18.87,18.88,18.89,19.03,19.24,19.31,19.31,19.31,19.31,19.31,19.31,19.31,19.31,19.31,19.31,19.31,19.31,19.31,19.31,19.30,19.25,18.98,18.89,18.88,18.87,18.85,18.84,18.83,18.81,18.81,18.81,18.81,0,0,0,0,0,0,0,0,0,0,0,0,0,0,0,0,0,0,0,0,0,0,0,0,0,0,0,0,0,0,0,0,0,0,0,0,0,0,0,0],
[0,0,0,0,0,0,0,0,0,0,0,0,0,0,0,0,0,0,0,0,0,0,0,0,0,0,0,0,0,0,0,0,0,0,0,0,0,0,0,0,0,18.81,18.81,18.81,18.82,18.83,18.84,18.85,18.87,18.88,18.89,19.03,19.24,19.31,19.31,19.31,19.31,19.31,19.31,19.31,19.31,19.31,19.31,19.31,19.31,19.31,19.31,19.31,19.26,18.98,18.89,18.88,18.87,18.85,18.84,18.83,18.82,18.81,18.81,18.81,0,0,0,0,0,0,0,0,0,0,0,0,0,0,0,0,0,0,0,0,0,0,0,0,0,0,0,0,0,0,0,0,0,0,0,0,0,0,0,0],
[0,0,0,0,0,0,0,0,0,0,0,0,0,0,0,0,0,0,0,0,0,0,0,0,0,0,0,0,0,0,0,0,0,0,0,0,0,0,0,0,0,18.81,18.81,18.81,18.82,18.83,18.84,18.85,18.87,18.88,18.89,19.03,19.24,19.31,19.31,19.31,19.31,19.31,19.31,19.31,19.31,19.31,19.31,19.31,19.31,19.31,19.31,19.31,19.27,18.98,18.89,18.88,18.87,18.85,18.84,18.83,18.82,18.81,18.81,18.81,0,0,0,0,0,0,0,0,0,0,0,0,0,0,0,0,0,0,0,0,0,0,0,0,0,0,0,0,0,0,0,0,0,0,0,0,0,0,0,0],
[0,0,0,0,0,0,0,0,0,0,0,0,0,0,0,0,0,0,0,0,0,0,0,0,0,0,0,0,0,0,0,0,0,0,0,0,0,0,0,0,0,18.81,18.81,18.81,18.82,18.83,18.84,18.85,18.87,18.88,18.89,19.03,19.24,19.31,19.31,19.31,19.31,19.31,19.31,19.31,19.31,19.31,19.31,19.31,19.31,19.31,19.31,19.31,19.27,18.98,18.89,18.88,18.87,18.86,18.84,18.83,18.82,18.81,18.81,18.81,0,0,0,0,0,0,0,0,0,0,0,0,0,0,0,0,0,0,0,0,0,0,0,0,0,0,0,0,0,0,0,0,0,0,0,0,0,0,0,0],
[0,0,0,0,0,0,0,0,0,0,0,0,0,0,0,0,0,0,0,0,0,0,0,0,0,0,0,0,0,0,0,0,0,0,0,0,0,0,0,0,0,18.81,18.81,18.81,18.82,18.83,18.84,18.85,18.87,18.88,18.89,19.02,19.23,19.31,19.31,19.31,19.31,19.31,19.31,19.31,19.31,19.31,19.31,19.31,19.31,19.31,19.31,19.31,19.27,18.98,18.89,18.88,18.87,18.85,18.84,18.83,18.82,18.81,18.81,18.81,0,0,0,0,0,0,0,0,0,0,0,0,0,0,0,0,0,0,0,0,0,0,0,0,0,0,0,0,0,0,0,0,0,0,0,0,0,0,0,0],
[0,0,0,0,0,0,0,0,0,0,0,0,0,0,0,0,0,0,0,0,0,0,0,0,0,0,0,0,0,0,0,0,0,0,0,0,0,0,0,0,0,0,0,18.81,18.82,18.83,18.84,18.85,18.86,18.88,18.89,19.00,19.22,19.31,19.31,19.31,19.31,19.31,19.31,19.31,19.31,19.31,19.31,19.31,19.31,19.31,19.31,19.30,19.26,18.99,18.89,18.88,18.87,18.85,18.84,18.83,18.82,18.81,0,0,0,0,0,0,0,0,0,0,0,0,0,0,0,0,0,0,0,0,0,0,0,0,0,0,0,0,0,0,0,0,0,0,0,0,0,0,0,0,0,0],
[0,0,0,0,0,0,0,0,0,0,0,0,0,0,0,0,0,0,0,0,0,0,0,0,0,0,0,0,0,0,0,0,0,0,0,0,0,0,0,0,0,0,0,18.81,18.82,18.83,18.84,18.85,18.86,18.88,18.89,18.98,19.22,19.31,19.31,19.31,19.31,19.31,19.31,19.31,19.31,19.31,19.31,19.31,19.31,19.31,19.30,19.28,19.25,19.00,18.89,18.88,18.86,18.85,18.84,18.83,18.82,18.81,0,0,0,0,0,0,0,0,0,0,0,0,0,0,0,0,0,0,0,0,0,0,0,0,0,0,0,0,0,0,0,0,0,0,0,0,0,0,0,0,0,0],
[0,0,0,0,0,0,0,0,0,0,0,0,0,0,0,0,0,0,0,0,0,0,0,0,0,0,0,0,0,0,0,0,0,0,0,0,0,0,0,0,0,0,0,18.81,18.82,18.83,18.84,18.85,18.86,18.87,18.89,18.96,19.22,19.31,19.31,19.31,19.31,19.31,19.31,19.31,19.31,19.31,19.31,19.31,19.31,19.30,19.28,19.26,19.24,18.91,18.89,18.87,18.86,18.85,18.84,18.83,18.82,18.81,0,0,0,0,0,0,0,0,0,0,0,0,0,0,0,0,0,0,0,0,0,0,0,0,0,0,0,0,0,0,0,0,0,0,0,0,0,0,0,0,0,0],
[0,0,0,0,0,0,0,0,0,0,0,0,0,0,0,0,0,0,0,0,0,0,0,0,0,0,0,0,0,0,0,0,0,0,0,0,0,0,0,0,0,0,18.88,18.85,18.83,18.81,18.83,18.84,18.86,18.87,18.89,18.93,19.22,19.31,19.31,19.30,19.30,19.30,19.31,19.30,19.28,19.28,19.29,19.30,19.30,19.28,19.26,19.24,19.23,18.98,18.87,18.86,18.85,18.84,18.83,18.81,18.81,18.81,18.81,0,0,0,0,0,0,0,0,0,0,0,0,0,0,0,0,0,0,0,0,0,0,0,0,0,0,0,0,0,0,0,0,0,0,0,0,0,0,0,0,0],
[0,0,0,0,0,0,0,0,0,0,0,0,0,0,0,0,0,0,0,0,0,0,0,0,0,0,0,0,0,0,0,0,0,0,0,0,0,0,0,0,0,18.53,18.73,18.89,18.87,18.84,18.81,18.82,18.84,18.85,18.87,18.89,19.11,19.16,19.21,19.20,19.15,19.21,19.22,19.20,19.19,19.21,19.23,19.22,19.17,19.22,19.23,19.23,19.10,18.98,18.85,18.84,18.83,18.82,18.81,18.81,18.81,18.81,18.70,0,0,0,0,0,0,0,0,0,0,0,0,0,0,0,0,0,0,0,0,0,0,0,0,0,0,0,0,0,0,0,0,0,0,0,0,0,0,0,0,0],
[0,0,0,0,0,0,0,0,0,0,0,0,0,0,0,0,0,0,0,0,0,0,0,0,0,0,0,0,0,0,0,0,0,0,0,0,0,0,0,0,0,18.28,18.45,18.62,18.83,18.88,18.85,18.82,18.81,18.83,18.84,18.88,18.89,18.89,18.89,19.03,19.02,18.94,18.91,18.93,18.95,18.94,18.92,18.90,19.01,18.89,18.89,18.90,18.89,18.88,18.88,18.82,18.81,18.81,18.81,18.81,18.81,18.62,18.44,18.25,0,0,0,0,0,0,0,0,0,0,0,0,0,0,0,0,0,0,0,0,0,0,0,0,0,0,0,0,0,0,0,0,0,0,0,0,0,0,0,0],
[0,0,0,0,0,0,0,0,0,0,0,0,0,0,0,0,0,0,0,0,0,0,0,0,0,0,0,0,0,0,0,0,0,0,0,0,0,0,0,0,17.84,18.02,18.18,18.34,18.53,18.72,18.89,18.86,18.84,18.81,18.82,18.85,18.87,18.88,18.88,18.88,18.89,18.89,18.89,18.89,18.89,18.89,18.89,18.89,18.89,18.88,18.88,18.87,18.85,18.83,18.82,18.81,18.81,18.80,18.79,18.74,18.52,18.34,18.16,17.98,17.83,0,0,0,0,0,0,0,0,0,0,0,0,0,0,0,0,0,0,0,0,0,0,0,0,0,0,0,0,0,0,0,0,0,0,0,0,0,0,0],
[0,0,0,0,0,0,0,0,0,0,0,0,0,0,0,0,0,0,0,0,0,0,0,0,0,0,0,0,0,0,0,0,0,0,0,0,0,0,0,17.44,17.61,17.79,17.96,18.11,18.26,18.46,18.64,18.72,18.88,0,18.81,18.81,18.84,18.86,18.86,18.86,18.89,18.89,18.89,18.89,18.89,18.89,18.89,18.89,18.89,18.86,18.86,18.84,18.83,18.81,18.81,0,18.78,18.76,18.68,18.45,18.23,18.08,17.93,17.78,17.63,17.49,0,0,0,0,0,0,0,0,0,0,0,0,0,0,0,0,0,0,0,0,0,0,0,0,0,0,0,0,0,0,0,0,0,0,0,0,0,0],
[0,0,0,0,0,0,0,0,0,0,0,0,0,0,0,0,0,0,0,0,0,0,0,0,0,0,0,0,0,0,0,0,0,0,0,0,0,0,17.14,17.23,17.41,17.59,17.74,17.88,18.02,18.18,18.36,18.55,18.77,0,0,18.81,18.81,18.83,18.84,18.85,18.89,18.89,18.89,18.89,18.89,18.89,18.89,18.89,18.88,18.84,18.84,18.82,18.81,18.81,0,0,18.74,18.61,18.39,18.17,17.95,17.83,17.71,17.58,17.44,17.29,17.15,0,0,0,0,0,0,0,0,0,0,0,0,0,0,0,0,0,0,0,0,0,0,0,0,0,0,0,0,0,0,0,0,0,0,0,0,0],
[0,0,0,0,0,0,0,0,0,0,0,0,0,0,0,0,0,0,0,0,0,0,0,0,0,0,0,0,0,0,0,0,0,0,0,0,0,0,17.05,17.07,17.20,17.32,17.44,17.58,17.72,17.89,18.07,18.26,0,0,0,0,0,18.81,18.82,18.83,18.89,18.89,18.89,18.89,18.89,18.89,18.89,18.89,18.87,18.82,18.81,18.81,0,0,0,0,0,18.31,18.11,17.88,17.68,17.56,17.44,17.32,17.19,17.07,17.05,0,0,0,0,0,0,0,0,0,0,0,0,0,0,0,0,0,0,0,0,0,0,0,0,0,0,0,0,0,0,0,0,0,0,0,0,0],
[0,0,0,0,0,0,0,0,0,0,0,0,0,0,0,0,0,0,0,0,0,0,0,0,0,0,0,0,0,0,0,0,0,0,0,0,0,17.01,17.02,17.02,17.03,17.04,17.16,17.28,17.42,17.59,17.78,0,0,0,0,0,0,0,18.81,18.82,18.88,18.89,18.89,18.89,18.89,18.89,18.89,18.89,18.86,18.80,18.81,0,0,0,0,0,0,0,17.81,17.60,17.41,17.29,17.16,17.06,17.05,17.03,17.02,17.00,0,0,0,0,0,0,0,0,0,0,0,0,0,0,0,0,0,0,0,0,0,0,0,0,0,0,0,0,0,0,0,0,0,0,0,0],
[0,0,0,0,0,0,0,0,0,0,0,0,0,0,0,0,0,0,0,0,0,0,0,0,0,0,0,0,0,0,0,0,0,0,0,0,0,16.99,16.99,16.99,16.99,16.99,17.00,17.00,17.13,17.30,0,0,0,0,0,0,0,0,18.75,18.77,18.86,18.88,18.87,18.85,18.81,18.86,18.87,18.89,18.82,18.75,0,0,0,0,0,0,0,0,0,17.31,17.14,17.06,17.04,17.03,17.02,17.00,16.99,16.98,0,0,0,0,0,0,0,0,0,0,0,0,0,0,0,0,0,0,0,0,0,0,0,0,0,0,0,0,0,0,0,0,0,0,0,0],
[0,0,0,0,0,0,0,0,0,0,0,0,0,0,0,0,0,0,0,0,0,0,0,0,0,0,0,0,0,0,0,0,0,0,0,0,16.98,16.98,16.98,16.98,16.98,16.98,16.98,16.98,16.98,16.98,0,0,0,0,0,0,0,0,18.58,18.58,18.60,18.62,18.64,18.59,18.51,18.65,18.63,18.61,18.60,18.58,0,0,0,0,0,0,0,0,0,17.06,17.05,17.04,17.03,17.02,17.00,16.99,16.98,16.98,16.98,0,0,0,0,0,0,0,0,0,0,0,0,0,0,0,0,0,0,0,0,0,0,0,0,0,0,0,0,0,0,0,0,0,0,0],
[0,0,0,0,0,0,0,0,0,0,0,0,0,0,0,0,0,0,0,0,0,0,0,0,0,0,0,0,0,0,0,0,0,0,0,0,16.98,16.98,16.98,16.98,16.98,16.98,16.98,16.98,16.98,0,0,0,0,0,0,0,0,0,18.27,18.25,18.27,18.29,18.31,18.29,18.21,18.32,18.31,18.30,18.28,18.27,0,0,0,0,0,0,0,0,0,17.05,17.05,17.03,17.02,17.01,17.00,16.99,16.98,16.98,16.98,0,0,0,0,0,0,0,0,0,0,0,0,0,0,0,0,0,0,0,0,0,0,0,0,0,0,0,0,0,0,0,0,0,0,0],
[0,0,0,0,0,0,0,0,0,0,0,0,0,0,0,0,0,0,0,0,0,0,0,0,0,0,0,0,0,0,0,0,0,0,0,0,16.98,16.98,16.98,16.98,16.98,16.98,16.98,16.98,16.98,0,0,0,0,0,0,0,0,0,17.95,17.94,17.95,17.97,17.98,17.98,17.90,17.99,17.99,17.98,17.96,17.96,0,0,0,0,0,0,0,0,0,0,17.04,17.03,17.02,17.00,16.99,16.98,16.98,16.98,16.98,0,0,0,0,0,0,0,0,0,0,0,0,0,0,0,0,0,0,0,0,0,0,0,0,0,0,0,0,0,0,0,0,0,0,0],
[0,0,0,0,0,0,0,0,0,0,0,0,0,0,0,0,0,0,0,0,0,0,0,0,0,0,0,0,0,0,0,0,0,0,0,16.98,16.98,16.98,16.98,16.98,16.98,16.98,16.98,16.98,16.98,0,0,0,0,0,0,0,0,0,17.63,17.62,17.63,17.65,17.65,17.66,17.60,17.67,17.67,17.66,17.64,17.65,0,0,0,0,0,0,0,0,0,0,17.03,17.02,17.01,17.00,16.99,16.98,16.98,16.98,16.98,16.98,0,0,0,0,0,0,0,0,0,0,0,0,0,0,0,0,0,0,0,0,0,0,0,0,0,0,0,0,0,0,0,0,0,0],
[0,0,0,0,0,0,0,0,0,0,0,0,0,0,0,0,0,0,0,0,0,0,0,0,0,0,0,0,0,0,0,0,0,0,0,16.98,16.98,16.98,16.98,16.98,16.98,16.98,16.98,16.98,0,0,0,0,0,0,0,0,0,0,17.31,17.30,17.31,17.32,17.33,17.33,17.30,17.34,17.34,17.34,17.33,17.34,0,0,0,0,0,0,0,0,0,0,17.02,17.02,17.00,16.99,16.98,16.98,16.98,16.98,16.98,16.98,0,0,0,0,0,0,0,0,0,0,0,0,0,0,0,0,0,0,0,0,0,0,0,0,0,0,0,0,0,0,0,0,0,0],
[0,0,0,0,0,0,0,0,0,0,0,0,0,0,0,0,0,0,0,0,0,0,0,0,0,0,0,0,0,0,0,0,0,0,0,16.98,16.98,16.98,16.98,16.98,16.98,16.98,16.98,16.98,0,0,0,0,0,0,0,0,0,0,16.99,16.98,16.98,16.99,17.00,17.00,17.00,17.01,17.01,17.01,17.01,17.03,0,0,0,0,0,0,0,0,0,0,0,17.01,17.00,16.99,16.98,16.98,16.98,16.98,16.98,16.98,0,0,0,0,0,0,0,0,0,0,0,0,0,0,0,0,0,0,0,0,0,0,0,0,0,0,0,0,0,0,0,0,0,0],
[0,0,0,0,0,0,0,0,0,0,0,0,0,0,0,0,0,0,0,0,0,0,0,0,0,0,0,0,0,0,0,0,0,0,16.98,16.98,16.98,16.98,16.98,16.98,16.98,16.98,16.98,16.98,0,0,0,0,0,0,0,0,0,0,16.68,16.67,16.66,16.68,16.70,16.72,16.74,16.73,16.71,16.69,16.69,16.72,0,0,0,0,0,0,0,0,0,0,0,17.00,16.99,16.98,16.98,16.98,16.98,16.98,16.98,16.98,16.98,0,0,0,0,0,0,0,0,0,0,0,0,0,0,0,0,0,0,0,0,0,0,0,0,0,0,0,0,0,0,0,0,0],
[0,0,0,0,0,0,0,0,0,0,0,0,0,0,0,0,0,0,0,0,0,0,0,0,0,0,0,0,0,0,0,0,0,0,16.98,16.98,16.98,16.98,16.98,16.98,16.98,16.98,16.98,16.98,0,0,0,0,0,0,0,0,0,0,16.60,16.60,16.60,16.59,16.58,16.57,16.56,16.56,16.56,16.58,16.61,16.56,0,0,0,0,0,0,0,0,0,0,0,16.99,16.99,16.98,16.98,16.98,16.98,16.98,16.98,16.98,16.98,0,0,0,0,0,0,0,0,0,0,0,0,0,0,0,0,0,0,0,0,0,0,0,0,0,0,0,0,0,0,0,0,0],
[0,0,0,0,0,0,0,0,0,0,0,0,0,0,0,0,0,0,0,0,0,0,0,0,0,0,0,0,0,0,0,0,0,0,16.98,16.98,16.98,16.98,16.98,16.98,16.98,16.98,16.98,0,0,0,0,0,0,0,0,0,0,0,16.56,16.56,16.57,16.56,16.55,16.54,16.55,16.54,16.54,16.55,16.57,16.53,0,0,0,0,0,0,0,0,0,0,0,0,16.98,16.98,16.98,16.98,16.98,16.98,16.98,16.98,16.98,0,0,0,0,0,0,0,0,0,0,0,0,0,0,0,0,0,0,0,0,0,0,0,0,0,0,0,0,0,0,0,0,0],
[0,0,0,0,0,0,0,0,0,0,0,0,0,0,0,0,0,0,0,0,0,0,0,0,0,0,0,0,0,0,0,0,0,0,16.98,16.98,16.98,16.98,16.98,16.98,16.98,16.98,16.98,0,0,0,0,0,0,0,0,0,0,0,16.51,16.52,16.53,16.52,16.52,16.53,16.55,16.53,16.52,16.52,16.54,16.50,0,0,0,0,0,0,0,0,0,0,0,0,16.98,16.98,16.98,16.98,16.98,16.98,16.98,16.98,16.98,0,0,0,0,0,0,0,0,0,0,0,0,0,0,0,0,0,0,0,0,0,0,0,0,0,0,0,0,0,0,0,0,0],
[0,0,0,0,0,0,0,0,0,0,0,0,0,0,0,0,0,0,0,0,0,0,0,0,0,0,0,0,0,0,0,0,0,0,16.98,16.98,16.98,16.98,16.98,16.98,16.98,16.98,16.98,0,0,0,0,0,0,0,0,0,0,0,16.48,16.48,16.50,16.50,16.51,16.53,16.54,16.53,16.52,16.50,16.51,16.48,0,0,0,0,0,0,0,0,0,0,0,0,16.98,16.98,16.98,16.98,16.98,16.98,16.98,16.98,16.98,0,0,0,0,0,0,0,0,0,0,0,0,0,0,0,0,0,0,0,0,0,0,0,0,0,0,0,0,0,0,0,0,0],
[0,0,0,0,0,0,0,0,0,0,0,0,0,0,0,0,0,0,0,0,0,0,0,0,0,0,0,0,0,0,0,0,0,16.98,16.98,16.98,16.98,16.98,16.98,16.98,16.98,16.98,16.98,0,0,0,0,0,0,0,0,0,0,0,0,16.48,16.48,16.49,16.50,16.52,16.53,16.52,16.51,16.50,16.48,16.48,0,0,0,0,0,0,0,0,0,0,0,0,16.98,16.98,16.98,16.98,16.98,16.98,16.98,16.98,16.98,16.98,0,0,0,0,0,0,0,0,0,0,0,0,0,0,0,0,0,0,0,0,0,0,0,0,0,0,0,0,0,0,0,0],
[0,0,0,0,0,0,0,0,0,0,0,0,0,0,0,0,0,0,0,0,0,0,0,0,0,0,0,0,0,0,0,0,16.98,16.98,16.98,16.98,16.98,16.98,16.98,16.98,16.98,16.98,16.98,0,0,0,0,0,0,0,0,0,0,0,0,0,16.48,16.48,16.50,16.51,16.52,16.51,16.50,16.49,16.48,0,0,0,0,0,0,0,0,0,0,0,0,16.98,16.98,16.98,16.98,16.98,16.98,16.98,16.98,16.98,16.98,16.98,16.98,0,0,0,0,0,0,0,0,0,0,0,0,0,0,0,0,0,0,0,0,0,0,0,0,0,0,0,0,0,0,0],
[0,0,0,0,0,0,0,0,0,0,0,0,0,0,0,0,0,0,0,0,0,0,0,0,0,0,0,0,0,0,0,16.98,16.98,16.98,16.98,16.98,16.98,16.98,16.98,16.98,16.98,16.98,16.98,16.98,0,0,0,0,0,0,0,0,0,0,0,0,16.48,16.48,16.49,16.50,16.52,16.50,16.49,16.48,16.48,0,0,0,0,0,0,0,0,0,0,0,16.98,16.98,16.98,16.98,16.98,16.98,16.98,16.98,16.98,16.98,16.98,16.98,16.98,16.98,0,0,0,0,0,0,0,0,0,0,0,0,0,0,0,0,0,0,0,0,0,0,0,0,0,0,0,0,0,0],
[0,0,0,0,0,0,0,0,0,0,0,0,0,0,0,0,0,0,0,0,0,0,0,0,0,0,0,0,0,0,0,16.98,16.98,16.98,16.98,16.98,16.98,16.98,16.98,16.98,16.98,16.98,16.98,16.98,16.98,0,0,0,0,0,0,0,0,0,0,16.48,16.48,16.48,16.48,16.49,16.51,16.50,16.49,16.48,16.48,16.48,0,0,0,0,0,0,0,0,0,0,16.98,16.98,16.98,16.98,16.98,16.98,16.98,16.98,16.98,16.98,16.98,16.98,16.98,16.98,0,0,0,0,0,0,0,0,0,0,0,0,0,0,0,0,0,0,0,0,0,0,0,0,0,0,0,0,0,0],
[0,0,0,0,0,0,0,0,0,0,0,0,0,0,0,0,0,0,0,0,0,0,0,0,0,0,0,0,0,0,0,16.98,16.98,16.98,16.98,16.98,16.98,16.98,16.98,16.98,16.98,16.98,16.98,16.98,16.98,0,0,0,0,0,0,0,0,0,0,16.48,16.48,16.48,16.48,16.49,16.50,16.49,16.48,16.48,16.48,16.48,16.48,0,0,0,0,0,0,0,0,0,16.98,16.98,16.98,16.98,16.98,16.98,16.98,16.98,16.98,16.98,16.98,16.98,16.98,16.98,0,0,0,0,0,0,0,0,0,0,0,0,0,0,0,0,0,0,0,0,0,0,0,0,0,0,0,0,0,0],
[0,0,0,0,0,0,0,0,0,0,0,0,0,0,0,0,0,0,0,0,0,0,0,0,0,0,0,0,0,0,16.98,16.98,16.98,16.98,16.98,16.98,16.98,16.98,16.98,16.98,16.98,16.98,16.98,16.98,16.98,16.98,0,0,0,0,0,0,0,0,0,16.48,16.48,16.48,16.48,16.48,16.49,16.48,16.48,16.48,16.48,16.48,16.48,0,0,0,0,0,0,0,0,16.98,16.98,16.98,16.98,16.98,16.98,16.98,16.98,16.98,16.98,16.98,16.98,16.98,16.98,16.98,16.98,0,0,0,0,0,0,0,0,0,0,0,0,0,0,0,0,0,0,0,0,0,0,0,0,0,0,0,0,0],
[0,0,0,0,0,0,0,0,0,0,0,0,0,0,0,0,0,0,0,0,0,0,0,0,0,0,0,0,0,0,16.98,16.98,16.98,16.98,16.98,16.98,16.98,16.98,16.98,16.98,16.98,16.98,16.98,16.98,16.98,16.98,0,0,0,0,0,0,0,0,0,16.48,16.48,16.48,16.48,16.48,16.48,16.48,16.48,16.48,16.48,16.48,16.48,0,0,0,0,0,0,0,0,16.98,16.98,16.98,16.98,16.98,16.98,16.98,16.98,16.98,16.98,16.98,16.98,16.98,16.98,16.98,16.98,0,0,0,0,0,0,0,0,0,0,0,0,0,0,0,0,0,0,0,0,0,0,0,0,0,0,0,0,0],
[0,0,0,0,0,0,0,0,0,0,0,0,0,0,0,0,0,0,0,0,0,0,0,0,0,0,0,0,0,0,16.98,16.98,16.98,16.98,16.98,16.98,16.98,16.98,16.98,16.98,16.98,16.98,16.98,16.98,16.98,16.98,0,0,0,0,0,0,0,0,0,16.48,16.48,16.48,16.48,16.48,16.48,16.48,16.48,16.48,16.48,16.48,16.48,0,0,0,0,0,0,0,0,16.98,16.98,16.98,16.98,16.98,16.98,16.98,16.98,16.98,16.98,16.98,16.98,16.98,16.98,16.98,16.98,0,0,0,0,0,0,0,0,0,0,0,0,0,0,0,0,0,0,0,0,0,0,0,0,0,0,0,0,0],
[0,0,0,0,0,0,0,0,0,0,0,0,0,0,0,0,0,0,0,0,0,0,0,0,0,0,0,0,0,0,16.98,16.98,16.98,16.98,16.98,16.98,16.98,16.98,16.98,16.98,16.98,16.98,16.98,16.98,16.98,16.98,0,0,0,0,0,0,0,0,0,16.48,16.48,16.48,16.48,16.48,16.48,16.48,16.48,16.48,16.48,16.48,16.48,0,0,0,0,0,0,0,0,16.98,16.98,16.98,16.98,16.98,16.98,16.98,16.98,16.98,16.98,16.98,16.98,16.98,16.98,16.98,16.98,0,0,0,0,0,0,0,0,0,0,0,0,0,0,0,0,0,0,0,0,0,0,0,0,0,0,0,0,0],
[0,0,0,0,0,0,0,0,0,0,0,0,0,0,0,0,0,0,0,0,0,0,0,0,0,0,0,0,0,0,0,16.98,16.98,16.98,16.98,16.98,16.98,16.98,16.98,16.98,16.98,16.98,16.98,16.98,16.98,16.98,0,0,0,0,0,0,0,0,0,16.48,16.48,16.48,16.48,16.48,16.49,16.48,16.48,16.48,16.48,16.48,16.48,0,0,0,0,0,0,0,0,16.98,16.98,16.98,16.98,16.98,16.98,16.98,16.98,16.98,16.98,16.98,16.98,16.98,16.98,16.98,0,0,0,0,0,0,0,0,0,0,0,0,0,0,0,0,0,0,0,0,0,0,0,0,0,0,0,0,0,0],
[0,0,0,0,0,0,0,0,0,0,0,0,0,0,0,0,0,0,0,0,0,0,0,0,0,0,0,0,0,0,0,16.98,16.98,16.98,16.98,16.98,16.98,16.98,16.98,16.98,16.98,16.98,16.98,16.98,16.98,0,0,0,0,0,0,0,0,0,0,16.48,16.48,16.48,16.48,16.48,16.49,16.48,16.48,16.48,16.48,16.48,16.48,0,0,0,0,0,0,0,0,0,16.98,16.98,16.98,16.98,16.98,16.98,16.98,16.98,16.98,16.98,16.98,16.98,16.98,16.98,0,0,0,0,0,0,0,0,0,0,0,0,0,0,0,0,0,0,0,0,0,0,0,0,0,0,0,0,0,0],
[0,0,0,0,0,0,0,0,0,0,0,0,0,0,0,0,0,0,0,0,0,0,0,0,0,0,0,0,0,0,0,16.98,16.98,16.98,16.98,16.98,16.98,16.98,16.98,16.98,16.98,16.98,16.98,16.98,16.98,0,0,0,0,0,0,0,0,0,0,16.48,16.48,16.48,16.48,16.48,16.49,16.48,16.48,16.48,16.48,16.48,16.48,0,0,0,0,0,0,0,0,0,16.98,16.98,16.98,16.98,16.98,16.98,16.98,16.98,16.98,16.98,16.98,16.98,16.98,16.98,0,0,0,0,0,0,0,0,0,0,0,0,0,0,0,0,0,0,0,0,0,0,0,0,0,0,0,0,0,0],
[0,0,0,0,0,0,0,0,0,0,0,0,0,0,0,0,0,0,0,0,0,0,0,0,0,0,0,0,0,0,0,0,16.98,16.98,16.98,16.98,16.98,16.98,16.98,16.98,16.98,16.98,16.98,16.98,0,0,0,0,0,0,0,0,0,0,0,16.48,16.48,16.48,16.48,16.49,16.50,16.49,16.48,16.48,16.48,16.48,16.48,0,0,0,0,0,0,0,0,0,0,16.98,16.98,16.98,16.98,16.98,16.98,16.98,16.98,16.98,16.98,16.98,16.98,0,0,0,0,0,0,0,0,0,0,0,0,0,0,0,0,0,0,0,0,0,0,0,0,0,0,0,0,0,0,0],
[0,0,0,0,0,0,0,0,0,0,0,0,0,0,0,0,0,0,0,0,0,0,0,0,0,0,0,0,0,0,0,0,0,16.98,16.99,16.99,16.99,16.99,16.99,16.99,16.99,16.99,16.98,0,0,0,0,0,0,0,0,0,0,0,0,16.48,16.48,16.48,16.48,16.49,16.50,16.49,16.48,16.48,16.48,16.48,16.48,0,0,0,0,0,0,0,0,0,0,0,16.93,16.98,16.99,16.98,16.98,16.98,16.98,16.98,16.98,16.98,0,0,0,0,0,0,0,0,0,0,0,0,0,0,0,0,0,0,0,0,0,0,0,0,0,0,0,0,0,0,0,0],
[0,0,0,0,0,0,0,0,0,0,0,0,0,0,0,0,0,0,0,0,0,0,0,0,0,0,0,0,0,0,0,0,0,0,17.00,17.05,17.03,17.03,17.03,17.03,17.02,16.91,16.85,0,0,0,0,0,0,0,0,0,0,0,0,16.48,16.48,16.48,16.48,16.49,16.51,16.49,16.48,16.48,16.48,16.48,16.48,0,0,0,0,0,0,0,0,0,0,0,16.80,16.86,17.00,17.03,17.03,17.03,17.02,16.97,16.92,0,0,0,0,0,0,0,0,0,0,0,0,0,0,0,0,0,0,0,0,0,0,0,0,0,0,0,0,0,0,0,0,0],
[0,0,0,0,0,0,0,0,0,0,0,0,0,0,0,0,0,0,0,0,0,0,0,0,0,0,0,0,0,0,0,0,0,0,16.68,16.76,16.90,16.95,16.95,16.88,16.76,16.63,16.56,0,0,0,0,0,0,0,0,0,0,0,0,16.48,16.48,16.48,16.48,16.50,16.51,16.50,16.49,16.48,16.48,16.48,16.48,0,0,0,0,0,0,0,0,0,0,0,16.57,16.67,16.82,16.95,16.96,16.95,16.85,16.74,16.70,0,0,0,0,0,0,0,0,0,0,0,0,0,0,0,0,0,0,0,0,0,0,0,0,0,0,0,0,0,0,0,0,0],
[0,0,0,0,0,0,0,0,0,0,0,0,0,0,0,0,0,0,0,0,0,0,0,0,0,0,0,0,0,0,0,0,0,0,16.37,16.43,16.57,16.62,16.64,16.58,16.47,16.35,16.27,0,0,0,0,0,0,0,0,0,0,0,0,16.48,16.48,16.48,16.49,16.50,16.51,16.50,16.49,16.48,16.48,16.48,16.48,0,0,0,0,0,0,0,0,0,0,0,16.25,16.37,16.54,16.64,16.65,16.62,16.54,16.43,16.40,0,0,0,0,0,0,0,0,0,0,0,0,0,0,0,0,0,0,0,0,0,0,0,0,0,0,0,0,0,0,0,0,0],
[0,0,0,0,0,0,0,0,0,0,0,0,0,0,0,0,0,0,0,0,0,0,0,0,0,0,0,0,0,0,0,0,0,0,16.06,16.10,16.24,16.30,16.34,16.28,16.17,16.06,15.98,0,0,0,0,0,0,0,0,0,0,0,0,16.48,16.48,16.48,16.49,16.51,16.52,16.51,16.49,16.48,16.48,16.48,0,0,0,0,0,0,0,0,0,0,0,0,15.93,16.06,16.26,16.32,16.35,16.29,16.21,16.12,16.10,0,0,0,0,0,0,0,0,0,0,0,0,0,0,0,0,0,0,0,0,0,0,0,0,0,0,0,0,0,0,0,0,0],
[0,0,0,0,0,0,0,0,0,0,0,0,0,0,0,0,0,0,0,0,0,0,0,0,0,0,0,0,0,0,0,0,0,0,15.83,15.86,15.98,16.02,16.04,16.03,15.95,15.87,15.80,0,0,0,0,0,0,0,0,0,0,0,0,0,16.48,16.48,16.50,16.51,16.52,16.51,16.50,16.48,16.48,0,0,0,0,0,0,0,0,0,0,0,0,0,15.70,15.64,15.64,15.64,16.00,16.00,15.89,15.81,15.80,0,0,0,0,0,0,0,0,0,0,0,0,0,0,0,0,0,0,0,0,0,0,0,0,0,0,0,0,0,0,0,0,0],
[0,0,0,0,0,0,0,0,0,0,0,0,0,0,0,0,0,0,0,0,0,0,0,0,0,0,0,0,0,0,0,0,0,0,15.70,15.71,15.64,15.64,15.64,15.64,15.64,15.64,15.64,0,0,0,0,0,0,0,0,0,0,0,0,0,16.48,16.49,16.50,16.51,16.53,16.51,16.50,16.49,16.48,0,0,0,0,0,0,0,0,0,0,0,0,0,15.64,15.64,15.64,15.64,15.64,15.64,15.64,15.64,15.66,0,0,0,0,0,0,0,0,0,0,0,0,0,0,0,0,0,0,0,0,0,0,0,0,0,0,0,0,0,0,0,0,0],
[0,0,0,0,0,0,0,0,0,0,0,0,0,0,0,0,0,0,0,0,0,0,0,0,0,0,0,0,0,0,0,0,0,0,0,15.64,15.64,15.64,15.64,15.64,15.64,15.64,15.64,15.64,0,0,0,0,0,0,0,0,0,0,0,16.48,16.49,16.49,16.50,16.52,16.53,16.52,16.51,16.49,16.49,16.48,0,0,0,0,0,0,0,0,0,0,0,15.64,15.64,15.64,15.64,15.64,15.64,15.64,15.64,15.64,0,0,0,0,0,0,0,0,0,0,0,0,0,0,0,0,0,0,0,0,0,0,0,0,0,0,0,0,0,0,0,0,0,0],
[0,0,0,0,0,0,0,0,0,0,0,0,0,0,0,0,0,0,0,0,0,0,0,0,0,0,0,0,0,0,0,0,0,0,0,15.64,15.64,15.64,15.64,15.64,15.64,15.64,15.64,15.64,0,0,0,0,0,0,0,0,0,0,16.48,16.48,16.50,16.50,16.51,16.52,16.53,16.52,16.51,16.50,16.50,16.48,0,0,0,0,0,0,0,0,0,0,0,15.64,15.64,15.64,15.64,15.64,15.64,15.64,15.64,15.64,0,0,0,0,0,0,0,0,0,0,0,0,0,0,0,0,0,0,0,0,0,0,0,0,0,0,0,0,0,0,0,0,0,0],
[0,0,0,0,0,0,0,0,0,0,0,0,0,0,0,0,0,0,0,0,0,0,0,0,0,0,0,0,0,0,0,0,0,0,0,15.64,15.64,15.64,15.64,15.64,15.64,15.64,15.64,15.64,0,0,0,0,0,0,0,0,0,0,16.49,16.49,16.51,16.51,16.51,16.53,16.54,16.53,16.51,16.51,16.51,16.50,0,0,0,0,0,0,0,0,0,0,0,15.64,15.64,15.64,15.64,15.64,15.64,15.64,15.64,15.64,0,0,0,0,0,0,0,0,0,0,0,0,0,0,0,0,0,0,0,0,0,0,0,0,0,0,0,0,0,0,0,0,0,0],
[0,0,0,0,0,0,0,0,0,0,0,0,0,0,0,0,0,0,0,0,0,0,0,0,0,0,0,0,0,0,0,0,0,0,0,15.64,15.64,15.64,15.64,15.64,15.64,15.64,15.64,15.64,15.64,0,0,0,0,0,0,0,0,0,16.50,16.50,16.51,16.52,16.52,16.53,16.54,16.53,16.52,16.52,16.52,16.51,0,0,0,0,0,0,0,0,0,0,15.64,15.64,15.64,15.64,15.64,15.64,15.64,15.64,15.64,15.64,0,0,0,0,0,0,0,0,0,0,0,0,0,0,0,0,0,0,0,0,0,0,0,0,0,0,0,0,0,0,0,0,0,0],
[0,0,0,0,0,0,0,0,0,0,0,0,0,0,0,0,0,0,0,0,0,0,0,0,0,0,0,0,0,0,0,0,0,0,0,0,15.64,15.64,15.64,15.64,15.64,15.64,15.64,15.64,15.64,0,0,0,0,0,0,0,0,0,16.52,16.52,16.52,16.52,16.53,16.53,16.55,16.53,16.53,16.53,16.52,16.52,0,0,0,0,0,0,0,0,0,0,15.64,15.64,15.64,15.64,15.64,15.64,15.64,15.64,15.64,0,0,0,0,0,0,0,0,0,0,0,0,0,0,0,0,0,0,0,0,0,0,0,0,0,0,0,0,0,0,0,0,0,0,0],
[0,0,0,0,0,0,0,0,0,0,0,0,0,0,0,0,0,0,0,0,0,0,0,0,0,0,0,0,0,0,0,0,0,0,0,0,15.64,15.64,15.64,15.64,15.64,15.64,15.64,15.64,15.64,15.64,0,0,0,0,0,0,0,0,0,16.53,16.53,16.53,16.53,16.54,16.55,16.54,16.54,16.53,16.53,16.53,0,0,0,0,0,0,0,0,0,15.64,15.64,15.64,15.64,15.64,15.64,15.64,15.64,15.64,15.64,0,0,0,0,0,0,0,0,0,0,0,0,0,0,0,0,0,0,0,0,0,0,0,0,0,0,0,0,0,0,0,0,0,0,0],
[0,0,0,0,0,0,0,0,0,0,0,0,0,0,0,0,0,0,0,0,0,0,0,0,0,0,0,0,0,0,0,0,0,0,0,0,15.64,15.64,15.64,15.64,15.64,15.64,15.64,15.64,15.64,15.64,0,0,0,0,0,0,0,0,0,16.54,16.54,16.54,16.54,16.54,16.55,16.55,16.54,16.54,16.54,16.54,0,0,0,0,0,0,0,0,0,15.64,15.64,15.64,15.64,15.64,15.64,15.64,15.64,15.64,15.64,0,0,0,0,0,0,0,0,0,0,0,0,0,0,0,0,0,0,0,0,0,0,0,0,0,0,0,0,0,0,0,0,0,0,0],
[0,0,0,0,0,0,0,0,0,0,0,0,0,0,0,0,0,0,0,0,0,0,0,0,0,0,0,0,0,0,0,0,0,0,0,0,0,15.64,15.64,15.64,15.64,15.64,15.64,15.64,15.64,15.64,15.64,0,0,0,0,0,0,0,0,16.55,16.55,16.55,16.55,16.55,16.56,16.55,16.55,16.55,16.55,16.55,0,0,0,0,0,0,0,0,15.64,15.64,15.64,15.64,15.64,15.64,15.64,15.64,15.64,15.64,0,0,0,0,0,0,0,0,0,0,0,0,0,0,0,0,0,0,0,0,0,0,0,0,0,0,0,0,0,0,0,0,0,0,0,0],
[0,0,0,0,0,0,0,0,0,0,0,0,0,0,0,0,0,0,0,0,0,0,0,0,0,0,0,0,0,0,0,0,0,0,0,0,0,15.64,15.64,15.64,15.64,15.64,15.64,15.64,15.64,15.64,15.64,0,0,0,0,0,0,0,0,16.56,16.56,16.56,16.55,16.54,16.50,16.54,16.55,16.56,16.56,16.56,0,0,0,0,0,0,0,0,15.64,15.64,15.64,15.64,15.64,15.64,15.64,15.64,15.64,15.64,0,0,0,0,0,0,0,0,0,0,0,0,0,0,0,0,0,0,0,0,0,0,0,0,0,0,0,0,0,0,0,0,0,0,0,0],
[0,0,0,0,0,0,0,0,0,0,0,0,0,0,0,0,0,0,0,0,0,0,0,0,0,0,0,0,0,0,0,0,0,0,0,0,0,0,15.64,15.64,15.64,15.64,15.64,15.64,15.64,15.64,15.64,15.64,0,0,0,0,0,0,16.30,16.27,16.32,16.33,16.35,16.34,16.31,16.36,16.34,16.31,16.29,16.27,0,0,0,0,0,0,0,15.64,15.64,15.64,15.64,15.64,15.64,15.64,15.64,15.64,15.64,0,0,0,0,0,0,0,0,0,0,0,0,0,0,0,0,0,0,0,0,0,0,0,0,0,0,0,0,0,0,0,0,0,0,0,0,0],
[0,0,0,0,0,0,0,0,0,0,0,0,0,0,0,0,0,0,0,0,0,0,0,0,0,0,0,0,0,0,0,0,0,0,0,0,0,0,15.64,15.64,15.64,15.64,15.64,15.64,15.64,15.64,15.64,15.64,15.64,0,0,0,0,0,15.98,15.95,15.96,15.98,15.99,16.00,15.97,16.01,15.99,15.97,15.94,15.96,0,0,0,0,0,0,15.64,15.64,15.64,15.64,15.64,15.64,15.64,15.64,15.64,15.64,15.64,0,0,0,0,0,0,0,0,0,0,0,0,0,0,0,0,0,0,0,0,0,0,0,0,0,0,0,0,0,0,0,0,0,0,0,0,0],
[0,0,0,0,0,0,0,0,0,0,0,0,0,0,0,0,0,0,0,0,0,0,0,0,0,0,0,0,0,0,0,0,0,0,0,0,0,0,0,15.64,15.64,15.64,15.64,15.64,15.64,15.64,15.64,15.64,15.64,0,0,0,0,0,0,15.58,15.61,15.63,15.64,15.65,15.63,15.66,15.64,15.62,15.60,15.64,0,0,0,0,0,15.64,15.64,15.64,15.64,15.64,15.64,15.64,15.64,15.64,15.64,15.64,0,0,0,0,0,0,0,0,0,0,0,0,0,0,0,0,0,0,0,0,0,0,0,0,0,0,0,0,0,0,0,0,0,0,0,0,0,0],
[0,0,0,0,0,0,0,0,0,0,0,0,0,0,0,0,0,0,0,0,0,0,0,0,0,0,0,0,0,0,0,0,0,0,0,0,0,0,0,15.64,15.64,15.64,15.64,15.64,15.64,15.64,15.64,15.64,15.65,15.64,15.64,0,0,0,0,15.23,15.26,15.27,15.28,15.29,15.29,15.31,15.29,15.27,15.25,15.33,0,0,0,0,15.59,15.62,15.64,15.64,15.64,15.64,15.64,15.64,15.64,15.64,15.64,15.64,0,0,0,0,0,0,0,0,0,0,0,0,0,0,0,0,0,0,0,0,0,0,0,0,0,0,0,0,0,0,0,0,0,0,0,0,0,0],
[0,0,0,0,0,0,0,0,0,0,0,0,0,0,0,0,0,0,0,0,0,0,0,0,0,0,0,0,0,0,0,0,0,0,0,0,0,0,0,0,15.64,15.64,15.64,15.64,15.64,15.65,15.66,15.66,15.66,15.65,15.60,15.37,0,0,15.02,14.97,14.97,14.96,14.95,14.94,14.95,14.96,14.94,14.94,14.96,15.01,0,0,0,15.34,15.56,15.60,15.65,15.66,15.65,15.65,15.64,15.64,15.64,15.64,15.64,0,0,0,0,0,0,0,0,0,0,0,0,0,0,0,0,0,0,0,0,0,0,0,0,0,0,0,0,0,0,0,0,0,0,0,0,0,0,0],
[0,0,0,0,0,0,0,0,0,0,0,0,0,0,0,0,0,0,0,0,0,0,0,0,0,0,0,0,0,0,0,0,0,0,0,0,0,0,0,0,15.64,15.64,15.65,15.66,15.66,15.67,15.68,15.68,15.67,15.55,15.36,15.16,14.93,0,0,14.72,14.73,14.75,14.76,14.78,14.79,14.72,14.72,14.72,14.72,14.72,0,0,14.92,15.14,15.35,15.55,15.63,15.67,15.67,15.67,15.66,15.65,15.65,15.64,15.64,0,0,0,0,0,0,0,0,0,0,0,0,0,0,0,0,0,0,0,0,0,0,0,0,0,0,0,0,0,0,0,0,0,0,0,0,0,0,0],
[0,0,0,0,0,0,0,0,0,0,0,0,0,0,0,0,0,0,0,0,0,0,0,0,0,0,0,0,0,0,0,0,0,0,0,0,0,0,0,0,0,15.64,15.65,15.68,15.68,15.69,15.70,15.69,15.55,15.36,15.18,14.96,14.73,0,0,14.68,14.69,14.69,14.70,14.71,14.72,14.71,14.69,14.68,14.68,14.68,0,0,14.73,14.93,15.13,15.33,15.53,15.65,15.69,15.68,15.68,15.67,15.67,15.66,0,0,0,0,0,0,0,0,0,0,0,0,0,0,0,0,0,0,0,0,0,0,0,0,0,0,0,0,0,0,0,0,0,0,0,0,0,0,0,0],
[0,0,0,0,0,0,0,0,0,0,0,0,0,0,0,0,0,0,0,0,0,0,0,0,0,0,0,0,0,0,0,0,0,0,0,0,0,0,0,0,0,0,15.64,15.66,15.70,15.71,15.71,15.54,15.36,15.18,14.99,14.78,14.67,14.64,14.64,14.64,14.66,14.67,14.69,14.70,14.72,14.70,14.69,14.67,14.66,14.64,14.64,14.64,14.64,14.81,14.96,15.12,15.32,15.52,15.68,15.70,15.70,15.69,15.68,0,0,0,0,0,0,0,0,0,0,0,0,0,0,0,0,0,0,0,0,0,0,0,0,0,0,0,0,0,0,0,0,0,0,0,0,0,0,0,0,0],
[0,0,0,0,0,0,0,0,0,0,0,0,0,0,0,0,0,0,0,0,0,0,0,0,0,0,0,0,0,0,0,0,0,0,0,0,0,0,0,0,0,0,0,15.64,15.67,15.67,15.53,15.35,15.17,14.98,14.80,14.71,14.64,14.64,14.64,14.64,14.65,14.67,14.68,14.70,14.71,14.70,14.68,14.67,14.65,14.64,14.64,14.64,14.64,14.64,14.80,14.98,15.16,15.35,15.50,15.71,15.71,15.71,0,0,0,0,0,0,0,0,0,0,0,0,0,0,0,0,0,0,0,0,0,0,0,0,0,0,0,0,0,0,0,0,0,0,0,0,0,0,0,0,0,0],
[0,0,0,0,0,0,0,0,0,0,0,0,0,0,0,0,0,0,0,0,0,0,0,0,0,0,0,0,0,0,0,0,0,0,0,0,0,0,0,0,0,0,0,0,15.53,15.42,15.32,15.14,14.95,14.77,14.64,14.64,14.64,14.64,14.64,14.64,14.65,14.66,14.68,14.69,14.71,14.69,14.68,14.66,14.65,14.64,14.64,14.64,14.64,14.64,14.64,14.77,14.95,15.14,15.32,15.51,15.69,0,0,0,0,0,0,0,0,0,0,0,0,0,0,0,0,0,0,0,0,0,0,0,0,0,0,0,0,0,0,0,0,0,0,0,0,0,0,0,0,0,0,0],
[0,0,0,0,0,0,0,0,0,0,0,0,0,0,0,0,0,0,0,0,0,0,0,0,0,0,0,0,0,0,0,0,0,0,0,0,0,0,0,0,0,0,0,0,0,15.20,15.09,14.93,14.74,14.64,14.64,14.64,14.64,14.64,14.64,14.64,14.64,14.66,14.67,14.69,14.70,14.69,14.67,14.66,14.64,14.64,14.64,14.64,14.64,14.64,14.64,14.64,14.64,14.93,15.11,15.30,0,0,0,0,0,0,0,0,0,0,0,0,0,0,0,0,0,0,0,0,0,0,0,0,0,0,0,0,0,0,0,0,0,0,0,0,0,0,0,0,0,0,0,0],
[0,0,0,0,0,0,0,0,0,0,0,0,0,0,0,0,0,0,0,0,0,0,0,0,0,0,0,0,0,0,0,0,0,0,0,0,0,0,0,0,0,0,0,0,0,15.03,14.87,14.64,14.64,14.64,14.64,14.64,14.64,14.64,14.64,14.64,14.64,14.65,14.67,14.68,14.70,14.68,14.67,14.65,14.64,14.64,14.64,14.64,14.64,14.64,14.64,14.64,14.64,14.64,14.90,0,0,0,0,0,0,0,0,0,0,0,0,0,0,0,0,0,0,0,0,0,0,0,0,0,0,0,0,0,0,0,0,0,0,0,0,0,0,0,0,0,0,0,0,0],
[0,0,0,0,0,0,0,0,0,0,0,0,0,0,0,0,0,0,0,0,0,0,0,0,0,0,0,0,0,0,0,0,0,0,0,0,0,0,0,0,0,0,0,0,0,0,14.64,14.64,14.64,14.64,14.64,14.64,14.64,14.64,14.64,14.64,14.64,14.65,14.66,14.68,14.69,14.68,14.66,14.64,14.64,14.64,14.64,14.64,14.64,14.64,14.64,14.64,14.64,14.64,14.64,0,0,0,0,0,0,0,0,0,0,0,0,0,0,0,0,0,0,0,0,0,0,0,0,0,0,0,0,0,0,0,0,0,0,0,0,0,0,0,0,0,0,0,0,0],
[0,0,0,0,0,0,0,0,0,0,0,0,0,0,0,0,0,0,0,0,0,0,0,0,0,0,0,0,0,0,0,0,0,0,0,0,0,0,0,0,0,0,0,0,0,0,14.64,14.64,14.64,14.64,14.64,14.64,14.64,14.64,14.64,14.64,14.64,14.64,14.66,14.67,14.69,14.67,14.65,14.64,14.64,14.64,14.64,14.64,14.64,14.64,14.64,14.64,14.64,14.64,14.64,0,0,0,0,0,0,0,0,0,0,0,0,0,0,0,0,0,0,0,0,0,0,0,0,0,0,0,0,0,0,0,0,0,0,0,0,0,0,0,0,0,0,0,0,0],
[0,0,0,0,0,0,0,0,0,0,0,0,0,0,0,0,0,0,0,0,0,0,0,0,0,0,0,0,0,0,0,0,0,0,0,0,0,0,0,0,0,0,0,0,0,0,14.64,14.64,14.64,14.64,14.64,14.64,14.64,14.64,14.64,14.64,14.64,14.64,14.65,14.67,14.68,14.66,14.65,14.64,14.64,14.64,14.64,14.64,14.64,14.64,14.64,14.64,14.64,14.64,14.64,0,0,0,0,0,0,0,0,0,0,0,0,0,0,0,0,0,0,0,0,0,0,0,0,0,0,0,0,0,0,0,0,0,0,0,0,0,0,0,0,0,0,0,0,0],
[0,0,0,0,0,0,0,0,0,0,0,0,0,0,0,0,0,0,0,0,0,0,0,0,0,0,0,0,0,0,0,0,0,0,0,0,0,0,0,0,0,0,0,0,0,0,0,14.64,14.64,14.64,14.64,14.64,14.64,14.64,14.64,14.64,14.64,14.64,14.64,14.66,14.68,14.66,14.64,14.64,14.64,14.64,14.64,14.64,14.64,14.64,14.64,14.64,14.64,14.64,14.64,0,0,0,0,0,0,0,0,0,0,0,0,0,0,0,0,0,0,0,0,0,0,0,0,0,0,0,0,0,0,0,0,0,0,0,0,0,0,0,0,0,0,0,0,0],
[0,0,0,0,0,0,0,0,0,0,0,0,0,0,0,0,0,0,0,0,0,0,0,0,0,0,0,0,0,0,0,0,0,0,0,0,0,0,0,0,0,0,0,0,0,0,0,14.64,14.64,14.64,14.64,14.64,14.64,14.64,14.64,14.64,14.64,14.64,14.64,14.65,14.67,14.65,14.64,14.64,14.64,14.64,14.64,14.64,14.64,14.64,14.64,14.64,14.64,14.64,14.64,0,0,0,0,0,0,0,0,0,0,0,0,0,0,0,0,0,0,0,0,0,0,0,0,0,0,0,0,0,0,0,0,0,0,0,0,0,0,0,0,0,0,0,0,0],
[0,0,0,0,0,0,0,0,0,0,0,0,0,0,0,0,0,0,0,0,0,0,0,0,0,0,0,0,0,0,0,0,0,0,0,0,0,0,0,0,0,0,0,0,0,0,0,14.64,14.64,14.64,14.64,14.64,14.64,14.64,14.64,14.64,14.64,14.64,14.64,14.65,14.66,14.65,14.64,14.64,14.64,14.64,14.64,14.64,14.64,14.64,14.64,14.64,14.64,14.64,0,0,0,0,0,0,0,0,0,0,0,0,0,0,0,0,0,0,0,0,0,0,0,0,0,0,0,0,0,0,0,0,0,0,0,0,0,0,0,0,0,0,0,0,0,0],
[0,0,0,0,0,0,0,0,0,0,0,0,0,0,0,0,0,0,0,0,0,0,0,0,0,0,0,0,0,0,0,0,0,0,0,0,0,0,0,0,0,0,0,0,0,0,0,14.64,14.64,14.64,14.64,14.64,14.64,14.64,14.64,14.64,14.64,14.64,14.64,14.64,14.66,14.64,14.64,14.64,14.64,14.64,14.64,14.64,14.64,14.64,14.64,14.64,14.64,14.64,0,0,0,0,0,0,0,0,0,0,0,0,0,0,0,0,0,0,0,0,0,0,0,0,0,0,0,0,0,0,0,0,0,0,0,0,0,0,0,0,0,0,0,0,0,0],
[0,0,0,0,0,0,0,0,0,0,0,0,0,0,0,0,0,0,0,0,0,0,0,0,0,0,0,0,0,0,0,0,0,0,0,0,0,0,0,0,0,0,0,0,0,0,0,14.64,14.64,14.64,14.64,14.64,14.64,14.64,14.64,14.64,14.64,14.64,14.64,14.64,14.65,14.64,14.64,14.64,14.64,14.64,14.64,14.64,14.64,14.64,14.64,14.64,14.64,14.64,0,0,0,0,0,0,0,0,0,0,0,0,0,0,0,0,0,0,0,0,0,0,0,0,0,0,0,0,0,0,0,0,0,0,0,0,0,0,0,0,0,0,0,0,0,0],
[0,0,0,0,0,0,0,0,0,0,0,0,0,0,0,0,0,0,0,0,0,0,0,0,0,0,0,0,0,0,0,0,0,0,0,0,0,0,0,0,0,0,0,0,0,0,0,0,14.64,14.64,14.64,14.64,14.64,14.64,14.64,14.64,14.64,14.64,14.64,14.64,14.65,14.64,14.64,14.64,14.64,14.64,14.64,14.64,14.64,14.64,14.64,14.64,14.64,0,0,0,0,0,0,0,0,0,0,0,0,0,0,0,0,0,0,0,0,0,0,0,0,0,0,0,0,0,0,0,0,0,0,0,0,0,0,0,0,0,0,0,0,0,0,0],
[0,0,0,0,0,0,0,0,0,0,0,0,0,0,0,0,0,0,0,0,0,0,0,0,0,0,0,0,0,0,0,0,0,0,0,0,0,0,0,0,0,0,0,0,0,0,0,0,0,14.64,14.64,14.64,14.64,14.64,14.64,14.64,14.64,14.64,14.64,14.64,14.65,14.64,14.64,14.64,14.64,14.64,14.64,14.64,14.64,14.64,14.64,14.64,0,0,0,0,0,0,0,0,0,0,0,0,0,0,0,0,0,0,0,0,0,0,0,0,0,0,0,0,0,0,0,0,0,0,0,0,0,0,0,0,0,0,0,0,0,0,0,0],
[0,0,0,0,0,0,0,0,0,0,0,0,0,0,0,0,0,0,0,0,0,0,0,0,0,0,0,0,0,0,0,0,0,0,0,0,0,0,0,0,0,0,0,0,0,0,0,0,0,14.64,14.64,14.64,14.64,14.64,14.64,14.64,14.64,14.64,14.64,14.66,14.69,14.66,14.64,14.64,14.64,14.64,14.64,14.64,14.64,14.64,14.64,0,0,0,0,0,0,0,0,0,0,0,0,0,0,0,0,0,0,0,0,0,0,0,0,0,0,0,0,0,0,0,0,0,0,0,0,0,0,0,0,0,0,0,0,0,0,0,0,0],
[0,0,0,0,0,0,0,0,0,0,0,0,0,0,0,0,0,0,0,0,0,0,0,0,0,0,0,0,0,0,0,0,0,0,0,0,0,0,0,0,0,0,0,0,0,0,0,0,0,0,0,0,14.64,14.64,14.64,14.64,14.64,14.64,14.67,14.69,14.72,14.70,14.67,14.65,14.64,14.64,14.64,14.64,14.64,0,0,0,0,0,0,0,0,0,0,0,0,0,0,0,0,0,0,0,0,0,0,0,0,0,0,0,0,0,0,0,0,0,0,0,0,0,0,0,0,0,0,0,0,0,0,0,0,0,0,0],
[0,0,0,0,0,0,0,0,0,0,0,0,0,0,0,0,0,0,0,0,0,0,0,0,0,0,0,0,0,0,0,0,0,0,0,0,0,0,0,0,0,0,0,0,0,0,0,0,0,0,0,0,0,0,0,0,0,14.72,14.65,14.65,14.54,14.67,14.65,14.70,14.72,0,0,0,0,0,0,0,0,0,0,0,0,0,0,0,0,0,0,0,0,0,0,0,0,0,0,0,0,0,0,0,0,0,0,0,0,0,0,0,0,0,0,0,0,0,0,0,0,0,0,0,0,0,0,0],
[0,0,0,0,0,0,0,0,0,0,0,0,0,0,0,0,0,0,0,0,0,0,0,0,0,0,0,0,0,0,0,0,0,0,0,0,0,0,0,0,0,0,0,0,0,0,0,0,0,0,0,0,0,0,0,0,0,14.44,14.45,14.40,14.29,14.45,14.46,14.44,14.44,0,0,0,0,0,0,0,0,0,0,0,0,0,0,0,0,0,0,0,0,0,0,0,0,0,0,0,0,0,0,0,0,0,0,0,0,0,0,0,0,0,0,0,0,0,0,0,0,0,0,0,0,0,0,0],
[0,0,0,0,0,0,0,0,0,0,0,0,0,0,0,0,0,0,0,0,0,0,0,0,0,0,0,0,0,0,0,0,0,0,0,0,0,0,0,0,0,0,0,0,0,0,0,0,0,0,0,0,0,0,0,0,0,14.16,14.17,14.14,14.03,14.17,14.18,14.16,14.16,0,0,0,0,0,0,0,0,0,0,0,0,0,0,0,0,0,0,0,0,0,0,0,0,0,0,0,0,0,0,0,0,0,0,0,0,0,0,0,0,0,0,0,0,0,0,0,0,0,0,0,0,0,0,0],
[0,0,0,0,0,0,0,0,0,0,0,0,0,0,0,0,0,0,0,0,0,0,0,0,0,0,0,0,0,0,0,0,0,0,0,0,0,0,0,0,0,0,0,0,0,0,0,0,0,0,0,0,0,0,0,0,0,13.87,13.89,13.89,13.78,13.89,13.89,13.88,13.87,0,0,0,0,0,0,0,0,0,0,0,0,0,0,0,0,0,0,0,0,0,0,0,0,0,0,0,0,0,0,0,0,0,0,0,0,0,0,0,0,0,0,0,0,0,0,0,0,0,0,0,0,0,0,0],
[0,0,0,0,0,0,0,0,0,0,0,0,0,0,0,0,0,0,0,0,0,0,0,0,0,0,0,0,0,0,0,0,0,0,0,0,0,0,0,0,0,0,0,0,0,0,0,0,0,0,0,0,0,0,0,0,0,13.59,13.60,13.61,13.52,13.61,13.61,13.60,13.59,0,0,0,0,0,0,0,0,0,0,0,0,0,0,0,0,0,0,0,0,0,0,0,0,0,0,0,0,0,0,0,0,0,0,0,0,0,0,0,0,0,0,0,0,0,0,0,0,0,0,0,0,0,0,0],
[0,0,0,0,0,0,0,0,0,0,0,0,0,0,0,0,0,0,0,0,0,0,0,0,0,0,0,0,0,0,0,0,0,0,0,0,0,0,0,0,0,0,0,0,0,0,0,0,0,0,0,0,0,0,0,0,0,13.31,13.32,13.32,13.27,13.33,13.32,13.32,13.31,0,0,0,0,0,0,0,0,0,0,0,0,0,0,0,0,0,0,0,0,0,0,0,0,0,0,0,0,0,0,0,0,0,0,0,0,0,0,0,0,0,0,0,0,0,0,0,0,0,0,0,0,0,0,0],
[0,0,0,0,0,0,0,0,0,0,0,0,0,0,0,0,0,0,0,0,0,0,0,0,0,0,0,0,0,0,0,0,0,0,0,0,0,0,0,0,0,0,0,0,0,0,0,0,0,0,0,0,0,0,0,0,0,13.03,13.04,13.04,13.01,13.04,13.04,13.04,13.03,0,0,0,0,0,0,0,0,0,0,0,0,0,0,0,0,0,0,0,0,0,0,0,0,0,0,0,0,0,0,0,0,0,0,0,0,0,0,0,0,0,0,0,0,0,0,0,0,0,0,0,0,0,0,0],
[0,0,0,0,0,0,0,0,0,0,0,0,0,0,0,0,0,0,0,0,0,0,0,0,0,0,0,0,0,0,0,0,0,0,0,0,0,0,0,0,0,0,0,0,0,0,0,0,0,0,0,0,0,0,0,0,0,12.75,12.76,12.76,12.76,12.76,12.76,12.75,12.75,0,0,0,0,0,0,0,0,0,0,0,0,0,0,0,0,0,0,0,0,0,0,0,0,0,0,0,0,0,0,0,0,0,0,0,0,0,0,0,0,0,0,0,0,0,0,0,0,0,0,0,0,0,0,0],
[0,0,0,0,0,0,0,0,0,0,0,0,0,0,0,0,0,0,0,0,0,0,0,0,0,0,0,0,0,0,0,0,0,0,0,0,0,0,0,0,0,0,0,0,0,0,0,0,0,0,0,0,0,0,0,0,0,12.56,12.56,12.58,12.61,12.59,12.56,12.56,12.56,0,0,0,0,0,0,0,0,0,0,0,0,0,0,0,0,0,0,0,0,0,0,0,0,0,0,0,0,0,0,0,0,0,0,0,0,0,0,0,0,0,0,0,0,0,0,0,0,0,0,0,0,0,0,0],
[0,0,0,0,0,0,0,0,0,0,0,0,0,0,0,0,0,0,0,0,0,0,0,0,0,0,0,0,0,0,0,0,0,0,0,0,0,0,0,0,0,0,0,0,0,0,0,0,0,0,0,0,0,0,0,0,0,12.54,12.54,12.55,12.56,12.55,12.54,12.54,12.54,0,0,0,0,0,0,0,0,0,0,0,0,0,0,0,0,0,0,0,0,0,0,0,0,0,0,0,0,0,0,0,0,0,0,0,0,0,0,0,0,0,0,0,0,0,0,0,0,0,0,0,0,0,0,0],
[0,0,0,0,0,0,0,0,0,0,0,0,0,0,0,0,0,0,0,0,0,0,0,0,0,0,0,0,0,0,0,0,0,0,0,0,0,0,0,0,0,0,0,0,0,0,0,0,0,0,0,0,0,0,0,0,0,12.52,12.52,12.53,12.56,12.53,12.53,12.52,12.52,0,0,0,0,0,0,0,0,0,0,0,0,0,0,0,0,0,0,0,0,0,0,0,0,0,0,0,0,0,0,0,0,0,0,0,0,0,0,0,0,0,0,0,0,0,0,0,0,0,0,0,0,0,0,0],
[0,0,0,0,0,0,0,0,0,0,0,0,0,0,0,0,0,0,0,0,0,0,0,0,0,0,0,0,0,0,0,0,0,0,12.48,12.48,12.48,12.48,12.48,12.48,12.48,12.48,12.48,12.48,12.48,12.48,12.48,12.48,12.48,12.48,12.48,12.48,12.48,12.48,0,0,0,12.50,12.51,12.53,12.55,12.53,12.51,12.50,12.50,0,0,12.48,12.48,12.48,12.48,12.48,12.48,12.48,12.48,12.48,12.48,12.48,12.48,12.48,12.48,12.48,12.48,12.48,12.48,12.48,12.48,0,0,0,0,0,0,0,0,0,0,0,0,0,0,0,0,0,0,0,0,0,0,0,0,0,0,0,0,0,0,0,0,0],
[0,0,0,0,0,0,0,0,0,0,0,0,0,0,0,0,0,0,0,0,0,0,0,0,0,0,0,0,0,0,0,0,0,0,12.48,12.48,12.48,12.48,12.48,12.48,12.48,12.48,12.48,12.48,12.48,12.48,12.48,12.48,12.48,12.48,12.48,12.48,12.48,12.48,12.48,0,0,12.49,12.50,12.53,12.55,12.53,12.51,12.49,12.49,0,0,12.48,12.48,12.48,12.48,12.48,12.48,12.48,12.48,12.48,12.48,12.48,12.48,12.48,12.48,12.48,12.48,12.48,12.48,12.48,12.48,0,0,0,0,0,0,0,0,0,0,0,0,0,0,0,0,0,0,0,0,0,0,0,0,0,0,0,0,0,0,0,0,0],
[0,0,0,0,0,0,0,0,0,0,0,0,0,0,0,0,0,0,0,0,0,0,0,0,0,0,0,0,0,0,0,0,12.48,12.48,12.48,12.48,12.48,12.48,12.48,12.48,12.48,12.48,12.48,12.48,12.48,12.48,12.48,12.48,12.48,12.48,12.48,12.48,12.48,12.48,12.48,12.48,12.48,12.48,12.50,12.52,12.55,12.53,12.50,12.48,12.48,12.48,12.48,12.48,12.48,12.48,12.48,12.48,12.48,12.48,12.48,12.48,12.48,12.48,12.48,12.48,12.48,12.48,12.48,12.48,12.48,12.48,12.48,12.48,12.48,0,0,0,0,0,0,0,0,0,0,0,0,0,0,0,0,0,0,0,0,0,0,0,0,0,0,0,0,0,0,0],
[0,0,0,0,0,0,0,0,0,0,0,0,0,0,0,0,0,0,0,0,0,0,0,0,0,0,0,0,0,0,0,0,12.48,12.48,12.48,12.48,12.48,12.48,12.48,12.48,12.48,12.48,12.48,12.48,12.48,12.48,12.48,12.48,12.48,12.48,12.48,12.48,12.48,12.48,12.48,12.48,12.48,12.48,12.49,12.52,12.54,12.52,12.50,12.48,12.48,12.48,12.48,12.48,12.48,12.48,12.48,12.48,12.48,12.48,12.48,12.48,12.48,12.48,12.48,12.48,12.48,12.48,12.48,12.48,12.48,12.48,12.48,12.48,12.48,0,0,0,0,0,0,0,0,0,0,0,0,0,0,0,0,0,0,0,0,0,0,0,0,0,0,0,0,0,0,0],
[0,0,0,0,0,0,0,0,0,0,0,0,0,0,0,0,0,0,0,0,0,0,0,0,0,0,0,0,0,0,0,0,12.48,12.48,12.48,12.48,12.48,12.48,12.48,12.48,12.48,12.48,12.48,12.48,12.48,12.48,12.48,12.48,12.48,12.48,12.48,12.48,12.48,12.48,12.48,12.48,12.48,12.48,12.49,12.52,12.54,12.52,12.50,12.48,12.48,12.48,12.48,12.48,12.48,12.48,12.48,12.48,12.48,12.48,12.48,12.48,12.48,12.48,12.48,12.48,12.48,12.48,12.48,12.48,12.48,12.48,12.48,12.48,12.48,0,0,0,0,0,0,0,0,0,0,0,0,0,0,0,0,0,0,0,0,0,0,0,0,0,0,0,0,0,0,0],
[0,0,0,0,0,0,0,0,0,0,0,0,0,0,0,0,0,0,0,0,0,0,0,0,0,0,0,0,0,0,0,0,12.48,12.48,12.48,12.48,12.48,12.48,12.48,12.48,12.48,12.48,12.48,12.48,12.48,12.48,12.48,12.48,12.48,12.48,12.48,12.48,12.48,12.48,12.48,12.48,12.48,12.48,12.49,12.51,12.54,12.52,12.50,12.48,12.48,12.48,12.48,12.48,12.48,12.48,12.48,12.48,12.48,12.48,12.48,12.48,12.48,12.48,12.48,12.48,12.48,12.48,12.48,12.48,12.48,12.48,12.48,12.48,12.48,0,0,0,0,0,0,0,0,0,0,0,0,0,0,0,0,0,0,0,0,0,0,0,0,0,0,0,0,0,0,0],
[0,0,0,0,0,0,0,0,0,0,0,0,0,0,0,0,0,0,0,0,0,0,0,0,0,0,0,0,0,0,0,0,12.48,12.48,12.48,12.48,12.48,12.48,12.48,12.48,12.48,12.48,12.48,12.48,12.48,12.48,12.48,12.48,12.48,12.48,12.48,12.48,12.48,12.48,12.48,12.48,12.48,12.48,12.49,12.51,12.54,12.51,12.49,12.48,12.48,12.48,12.48,12.48,12.48,12.48,12.48,12.48,12.48,12.48,12.48,12.48,12.48,12.48,12.48,12.48,12.48,12.48,12.48,12.48,12.48,12.48,12.48,12.48,12.48,0,0,0,0,0,0,0,0,0,0,0,0,0,0,0,0,0,0,0,0,0,0,0,0,0,0,0,0,0,0,0],
[0,0,0,0,0,0,0,0,0,0,0,0,0,0,0,0,0,0,0,0,0,0,0,0,0,0,0,0,0,0,0,0,12.48,12.48,12.48,12.48,12.48,12.48,12.48,12.48,12.48,12.48,12.48,12.48,12.48,12.48,12.48,12.48,12.48,12.48,12.48,12.48,12.48,12.48,12.48,12.48,12.48,12.48,12.48,12.51,12.53,12.51,12.49,12.48,12.48,12.48,12.48,12.48,12.48,12.48,12.48,12.48,12.48,12.48,12.48,12.48,12.48,12.48,12.48,12.48,12.48,12.48,12.48,12.48,12.48,12.48,12.48,12.48,12.48,0,0,0,0,0,0,0,0,0,0,0,0,0,0,0,0,0,0,0,0,0,0,0,0,0,0,0,0,0,0,0],
[0,0,0,0,0,0,0,0,0,0,0,0,0,0,0,0,0,0,0,0,0,0,0,0,0,0,0,0,0,0,0,0,12.48,12.48,12.48,12.48,12.48,12.48,12.48,12.48,12.48,12.48,12.48,12.48,12.48,12.48,12.48,12.48,12.48,12.48,12.48,12.48,12.48,12.48,12.48,12.48,12.48,12.48,12.48,12.50,12.53,12.51,12.49,12.48,12.48,12.48,12.48,12.48,12.48,12.48,12.48,12.48,12.48,12.48,12.48,12.48,12.48,12.48,12.48,12.48,12.48,12.48,12.48,12.48,12.48,12.48,12.48,12.48,12.48,0,0,0,0,0,0,0,0,0,0,0,0,0,0,0,0,0,0,0,0,0,0,0,0,0,0,0,0,0,0,0],
[0,0,0,0,0,0,0,0,0,0,0,0,0,0,0,0,0,0,0,0,0,0,0,0,0,0,0,0,0,0,0,0,12.48,12.48,12.48,12.48,12.48,12.48,12.48,12.48,12.48,12.48,12.48,12.48,12.48,12.48,12.48,12.48,12.48,12.48,12.48,12.48,12.48,12.48,12.48,12.48,12.48,12.48,12.48,12.50,12.53,12.51,12.48,12.48,12.48,12.48,12.48,12.48,12.48,12.48,12.48,12.48,12.48,12.48,12.48,12.48,12.48,12.48,12.48,12.48,12.48,12.48,12.48,12.48,12.48,12.48,12.48,12.48,12.48,0,0,0,0,0,0,0,0,0,0,0,0,0,0,0,0,0,0,0,0,0,0,0,0,0,0,0,0,0,0,0],
[0,0,0,0,0,0,0,0,0,0,0,0,0,0,0,0,0,0,0,0,0,0,0,0,0,0,0,0,0,0,0,0,12.48,12.48,12.48,12.48,12.48,12.48,12.48,12.48,12.48,12.48,12.48,12.48,12.48,12.48,12.48,12.48,12.48,12.48,12.48,12.48,12.48,12.48,12.48,12.48,12.48,12.48,12.48,12.50,12.52,12.50,12.48,12.48,12.48,12.48,12.48,12.48,12.48,12.48,12.48,12.48,12.48,12.48,12.48,12.48,12.48,12.48,12.48,12.48,12.48,12.48,12.48,12.48,12.48,12.48,12.48,12.48,12.48,0,0,0,0,0,0,0,0,0,0,0,0,0,0,0,0,0,0,0,0,0,0,0,0,0,0,0,0,0,0,0],
[0,0,0,0,0,0,0,0,0,0,0,0,0,0,0,0,0,0,0,0,0,0,0,0,0,0,0,0,0,0,0,0,12.48,12.48,12.48,12.48,12.48,12.48,12.48,12.48,12.48,12.48,12.48,12.48,12.48,12.48,12.48,12.48,12.48,12.48,12.48,12.48,12.48,12.48,12.48,12.48,12.48,12.48,12.48,12.50,12.52,12.50,12.48,12.48,12.48,12.48,12.48,12.48,12.48,12.48,12.48,12.48,12.48,12.48,12.48,12.48,12.48,12.48,12.48,12.48,12.48,12.48,12.48,12.48,12.48,12.48,12.48,12.48,12.48,0,0,0,0,0,0,0,0,0,0,0,0,0,0,0,0,0,0,0,0,0,0,0,0,0,0,0,0,0,0,0],
[0,0,0,0,0,0,0,0,0,0,0,0,0,0,0,0,0,0,0,0,0,0,0,0,0,0,0,0,0,0,0,0,12.48,12.48,12.48,12.48,12.48,12.48,12.48,12.48,12.48,12.48,12.48,12.48,12.48,12.48,12.48,12.48,12.48,12.48,12.48,12.48,12.48,12.48,12.48,12.48,12.48,12.48,12.48,12.49,12.52,12.50,12.48,12.48,12.48,12.48,12.48,12.48,12.48,12.48,12.48,12.48,12.48,12.48,12.48,12.48,12.48,12.48,12.48,12.48,12.48,12.48,12.48,12.48,12.48,12.48,12.48,12.48,12.48,0,0,0,0,0,0,0,0,0,0,0,0,0,0,0,0,0,0,0,0,0,0,0,0,0,0,0,0,0,0,0],
[0,0,0,0,0,0,0,0,0,0,0,0,0,0,0,0,0,0,0,0,0,0,0,0,0,0,0,0,0,0,0,0,12.48,12.48,12.48,12.48,12.48,12.48,12.48,12.48,12.48,12.48,12.48,12.48,12.48,12.48,12.48,12.48,12.48,12.48,12.48,12.48,12.48,12.48,12.48,12.48,12.48,12.48,12.48,12.49,12.52,12.49,12.48,12.48,12.48,12.48,12.48,12.48,12.48,12.48,12.48,12.48,12.48,12.48,12.48,12.48,12.48,12.48,12.48,12.48,12.48,12.48,12.48,12.48,12.48,12.48,12.48,12.48,12.48,0,0,0,0,0,0,0,0,0,0,0,0,0,0,0,0,0,0,0,0,0,0,0,0,0,0,0,0,0,0,0],
[0,0,0,0,0,0,0,0,0,0,0,0,0,0,0,0,0,0,0,0,0,0,0,0,0,0,0,0,0,0,0,0,12.48,12.48,12.48,12.48,12.48,12.48,12.48,12.48,12.48,12.48,12.48,12.48,12.48,12.48,12.48,12.48,12.48,12.48,12.48,12.48,12.48,12.48,12.48,12.48,12.48,12.48,12.48,12.49,12.51,12.49,12.48,12.48,12.48,12.48,12.48,12.48,12.48,12.48,12.48,12.48,12.48,12.48,12.48,12.48,12.48,12.48,12.48,12.48,12.48,12.48,12.48,12.48,12.48,12.48,12.48,12.48,12.48,0,0,0,0,0,0,0,0,0,0,0,0,0,0,0,0,0,0,0,0,0,0,0,0,0,0,0,0,0,0,0],
[0,0,0,0,0,0,0,0,0,0,0,0,0,0,0,0,0,0,0,0,0,0,0,0,0,0,0,0,0,0,0,0,12.48,12.48,12.48,12.48,12.48,12.48,12.48,12.48,12.48,12.48,12.48,12.48,12.48,12.48,12.48,12.48,12.48,12.48,12.48,12.48,12.48,12.48,12.48,12.48,12.48,12.48,12.48,12.48,12.51,12.49,12.48,12.48,12.48,12.48,12.48,12.48,12.48,12.48,12.48,12.48,12.48,12.48,12.48,12.48,12.48,12.48,12.48,12.48,12.48,12.48,12.48,12.48,12.48,12.48,12.48,12.48,12.48,0,0,0,0,0,0,0,0,0,0,0,0,0,0,0,0,0,0,0,0,0,0,0,0,0,0,0,0,0,0,0],
[0,0,0,0,0,0,0,0,0,0,0,0,0,0,0,0,0,0,0,0,0,0,0,0,0,0,0,0,0,0,0,0,12.48,12.48,12.48,12.48,12.48,12.48,12.48,12.48,12.48,12.48,12.48,12.48,12.48,12.48,12.48,12.48,12.48,12.48,12.48,12.48,12.48,12.48,12.48,12.48,12.48,12.48,12.48,12.48,12.51,12.49,12.48,12.48,12.48,12.48,12.48,12.48,12.48,12.48,12.48,12.48,12.48,12.48,12.48,12.48,12.48,12.48,12.48,12.48,12.48,12.48,12.48,12.48,12.48,12.48,12.48,12.48,12.48,0,0,0,0,0,0,0,0,0,0,0,0,0,0,0,0,0,0,0,0,0,0,0,0,0,0,0,0,0,0,0],
[0,0,0,0,0,0,0,0,0,0,0,0,0,0,0,0,0,0,0,0,0,0,0,0,0,0,0,0,0,0,0,0,12.48,12.48,12.48,12.48,12.48,12.48,12.48,12.48,12.48,12.48,12.48,12.48,12.48,12.48,12.48,12.48,12.48,12.48,12.48,12.48,12.48,12.48,12.48,12.48,12.48,12.48,12.48,12.48,12.50,12.48,12.48,12.48,12.48,12.48,12.48,12.48,12.48,12.48,12.48,12.48,12.48,12.48,12.48,12.48,12.48,12.48,12.48,12.48,12.48,12.48,12.48,12.48,12.48,12.48,12.48,12.48,12.48,0,0,0,0,0,0,0,0,0,0,0,0,0,0,0,0,0,0,0,0,0,0,0,0,0,0,0,0,0,0,0],
[0,0,0,0,0,0,0,0,0,0,0,0,0,0,0,0,0,0,0,0,0,0,0,0,0,0,0,0,0,0,0,0,12.48,12.48,12.48,12.48,12.48,12.48,12.48,12.48,12.48,12.48,12.48,12.48,12.48,12.48,12.48,12.48,12.48,12.48,12.48,12.48,12.48,12.48,12.48,12.48,12.48,12.48,12.48,12.48,12.50,12.48,12.48,12.48,12.48,12.48,12.48,12.48,12.48,12.48,12.48,12.48,12.48,12.48,12.48,12.48,12.48,12.48,12.48,12.48,12.48,12.48,12.48,12.48,12.48,12.48,12.48,12.48,12.48,0,0,0,0,0,0,0,0,0,0,0,0,0,0,0,0,0,0,0,0,0,0,0,0,0,0,0,0,0,0,0],
[0,0,0,0,0,0,0,0,0,0,0,0,0,0,0,0,0,0,0,0,0,0,0,0,0,0,0,0,0,0,0,0,12.48,12.48,12.48,12.48,12.48,12.48,12.48,12.48,12.48,12.48,12.48,12.48,12.48,12.48,12.48,12.48,12.48,12.48,12.48,12.48,12.48,12.48,12.48,12.48,12.48,12.48,12.48,12.48,12.50,12.48,12.48,12.48,12.48,12.48,12.48,12.48,12.48,12.48,12.48,12.48,12.48,12.48,12.48,12.48,12.48,12.48,12.48,12.48,12.48,12.48,12.48,12.48,12.48,12.48,12.48,12.48,12.48,0,0,0,0,0,0,0,0,0,0,0,0,0,0,0,0,0,0,0,0,0,0,0,0,0,0,0,0,0,0,0],
[0,0,0,0,0,0,0,0,0,0,0,0,0,0,0,0,0,0,0,0,0,0,0,0,0,0,0,0,0,0,0,0,12.48,12.48,12.48,12.48,12.48,12.48,12.48,12.48,12.48,12.48,12.48,12.48,12.48,12.48,12.48,12.48,12.48,12.48,12.48,12.48,12.48,12.48,12.48,12.48,12.48,12.48,12.48,12.48,12.50,12.48,12.48,12.48,12.48,12.48,12.48,12.48,12.48,12.48,12.48,12.48,12.48,12.48,12.48,12.48,12.48,12.48,12.48,12.48,12.48,12.48,12.48,12.48,12.48,12.48,12.48,12.48,12.48,0,0,0,0,0,0,0,0,0,0,0,0,0,0,0,0,0,0,0,0,0,0,0,0,0,0,0,0,0,0,0],
[0,0,0,0,0,0,0,0,0,0,0,0,0,0,0,0,0,0,0,0,0,0,0,0,0,0,0,0,0,0,0,0,12.48,12.48,12.48,12.48,12.48,12.48,12.48,12.48,12.48,12.48,12.48,12.48,12.48,12.48,12.48,12.48,12.48,12.48,12.48,12.48,12.48,12.48,12.48,12.48,12.48,12.48,12.48,12.48,12.49,12.48,12.48,12.48,12.48,12.48,12.48,12.48,12.48,12.48,12.48,12.48,12.48,12.48,12.48,12.48,12.48,12.48,12.48,12.48,12.48,12.48,12.48,12.48,12.48,12.48,12.48,12.48,12.48,0,0,0,0,0,0,0,0,0,0,0,0,0,0,0,0,0,0,0,0,0,0,0,0,0,0,0,0,0,0,0],
[0,0,0,0,0,0,0,0,0,0,0,0,0,0,0,0,0,0,0,0,0,0,0,0,0,0,0,0,0,0,0,0,12.48,12.48,12.48,12.48,12.48,12.48,12.48,12.48,12.48,12.48,12.48,12.48,12.48,12.48,12.48,12.48,12.48,12.48,12.48,12.48,12.48,12.48,12.48,12.48,12.48,12.48,12.48,12.48,12.49,12.48,12.48,12.48,12.48,12.48,12.48,12.48,12.48,12.48,12.48,12.48,12.48,12.48,12.48,12.48,12.48,12.48,12.48,12.48,12.48,12.48,12.48,12.48,12.48,12.48,12.48,12.48,12.48,0,0,0,0,0,0,0,0,0,0,0,0,0,0,0,0,0,0,0,0,0,0,0,0,0,0,0,0,0,0,0],
[0,0,0,0,0,0,0,0,0,0,0,0,0,0,0,0,0,0,0,0,0,0,0,0,0,0,0,0,0,0,0,0,12.48,12.48,12.48,12.48,12.48,12.48,12.48,12.48,12.48,12.48,12.48,12.48,12.48,12.48,12.48,12.48,12.48,12.48,12.48,12.48,12.48,12.48,12.48,12.48,12.48,12.48,12.48,12.48,12.49,12.48,12.48,12.48,12.48,12.48,12.48,12.48,12.48,12.48,12.48,12.48,12.48,12.48,12.48,12.48,12.48,12.48,12.48,12.48,12.48,12.48,12.48,12.48,12.48,12.48,12.48,12.48,12.48,0,0,0,0,0,0,0,0,0,0,0,0,0,0,0,0,0,0,0,0,0,0,0,0,0,0,0,0,0,0,0],
[0,0,0,0,0,0,0,0,0,0,0,0,0,0,0,0,0,0,0,0,0,0,0,0,0,0,0,0,0,0,0,0,12.48,12.48,12.48,12.48,12.48,12.48,12.48,12.48,12.48,12.48,12.48,12.48,12.48,12.48,12.48,12.48,12.48,12.48,12.48,12.48,12.48,12.48,12.48,12.48,12.48,12.48,12.48,12.48,12.48,12.48,12.48,12.48,12.48,12.48,12.48,12.48,12.48,12.48,12.48,12.48,12.48,12.48,12.48,12.48,12.48,12.48,12.48,12.48,12.48,12.48,12.48,12.48,12.48,12.48,12.48,12.48,12.48,0,0,0,0,0,0,0,0,0,0,0,0,0,0,0,0,0,0,0,0,0,0,0,0,0,0,0,0,0,0,0],
[0,0,0,0,0,0,0,0,0,0,0,0,0,0,0,0,0,0,0,0,0,0,0,0,0,0,0,0,0,0,0,0,12.48,12.48,12.48,12.48,12.48,12.48,12.48,12.48,12.48,12.48,12.48,12.48,12.48,12.48,12.48,12.48,12.48,12.48,12.48,12.48,12.48,12.48,12.48,12.48,12.48,12.48,12.48,12.48,12.48,12.48,12.48,12.48,12.48,12.48,12.48,12.48,12.48,12.48,12.48,12.48,12.48,12.48,12.48,12.48,12.48,12.48,12.48,12.48,12.48,12.48,12.48,12.48,12.48,12.48,12.48,12.48,0,0,0,0,0,0,0,0,0,0,0,0,0,0,0,0,0,0,0,0,0,0,0,0,0,0,0,0,0,0,0,0],
[0,0,0,0,0,0,0,0,0,0,0,0,0,0,0,0,0,0,0,0,0,0,0,0,0,0,0,0,0,0,0,0,0,0,12.48,12.48,12.48,12.48,12.48,12.48,12.48,12.48,12.48,12.48,12.48,12.48,12.48,12.48,12.48,12.48,12.48,12.48,12.48,12.48,12.48,12.48,12.48,12.48,12.48,12.48,12.48,12.48,12.48,12.48,12.48,12.48,12.48,12.48,12.48,12.48,12.48,12.48,12.48,12.48,12.48,12.48,12.48,12.48,12.48,12.48,12.48,12.48,12.48,12.48,12.48,12.48,12.48,0,0,0,0,0,0,0,0,0,0,0,0,0,0,0,0,0,0,0,0,0,0,0,0,0,0,0,0,0,0,0,0,0],
[0,0,0,0,0,0,0,0,0,0,0,0,0,0,0,0,0,0,0,0,0,0,0,0,0,0,0,0,0,0,0,0,0,0,0,12.48,12.48,12.48,12.48,12.48,12.48,12.48,12.48,12.48,12.48,12.48,12.48,12.48,12.48,12.48,12.48,12.48,12.48,12.48,12.48,12.48,12.48,12.48,12.48,12.48,12.48,12.48,12.48,12.48,12.48,12.48,12.48,12.48,12.48,12.48,12.48,12.48,12.48,12.48,12.48,12.48,12.48,12.48,12.48,12.48,12.48,12.48,12.48,12.48,12.48,12.48,0,0,0,0,0,0,0,0,0,0,0,0,0,0,0,0,0,0,0,0,0,0,0,0,0,0,0,0,0,0,0,0,0,0],
[0,0,0,0,0,0,0,0,0,0,0,0,0,0,0,0,0,0,0,0,0,0,0,0,0,0,0,0,0,0,0,0,0,0,0,0,0,0,0,0,0,0,0,0,0,0,0,0,0,0,0,0,0,0,0,0,0,0,0,0,0,0,0,0,0,0,0,0,0,0,0,0,0,0,0,0,0,0,0,0,0,0,0,0,0,0,0,0,0,0,0,0,0,0,0,0,0,0,0,0,0,0,0,0,0,0,0,0,0,0,0,0,0,0,0,0,0,0,0,0],
[0,0,0,0,0,0,0,0,0,0,0,0,0,0,0,0,0,0,0,0,0,0,0,0,0,0,0,0,0,0,0,0,0,0,0,0,0,0,0,0,0,0,0,0,0,0,0,0,0,0,0,0,0,0,0,0,0,0,0,0,0,0,0,0,0,0,0,0,0,0,0,0,0,0,0,0,0,0,0,0,0,0,0,0,0,0,0,0,0,0,0,0,0,0,0,0,0,0,0,0,0,0,0,0,0,0,0,0,0,0,0,0,0,0,0,0,0,0,0,0],
[0,0,0,0,0,0,0,0,0,0,0,0,0,0,0,0,0,0,0,0,0,0,0,0,0,0,0,0,0,0,0,0,0,0,0,0,0,0,0,0,0,0,0,0,0,0,0,0,0,0,0,0,0,0,0,0,0,0,0,0,0,0,0,0,0,0,0,0,0,0,0,0,0,0,0,0,0,0,0,0,0,0,0,0,0,0,0,0,0,0,0,0,0,0,0,0,0,0,0,0,0,0,0,0,0,0,0,0,0,0,0,0,0,0,0,0,0,0,0,0],
[0,0,0,0,0,0,0,0,0,0,0,0,0,0,0,0,0,0,0,0,0,0,0,0,0,0,0,0,0,0,0,0,0,0,0,0,0,0,0,0,0,0,0,0,0,0,0,0,0,0,0,0,0,0,0,0,0,0,0,0,0,0,0,0,0,0,0,0,0,0,0,0,0,0,0,0,0,0,0,0,0,0,0,0,0,0,0,0,0,0,0,0,0,0,0,0,0,0,0,0,0,0,0,0,0,0,0,0,0,0,0,0,0,0,0,0,0,0,0,0],
[0,0,0,0,0,0,0,0,0,0,0,0,0,0,0,0,0,0,0,0,0,0,0,0,0,0,0,0,0,0,0,0,0,0,0,0,0,0,0,0,0,0,0,0,0,0,0,0,0,0,0,0,0,0,0,0,0,0,0,0,0,0,0,0,0,0,0,0,0,0,0,0,0,0,0,0,0,0,0,0,0,0,0,0,0,0,0,0,0,0,0,0,0,0,0,0,0,0,0,0,0,0,0,0,0,0,0,0,0,0,0,0,0,0,0,0,0,0,0,0]]