[[0,0,0,0,0,0,0,0,0,0,0,0,0,0,0,0,0,0,0,0,0,0,0,0,0,0,0,0,0,0,0,0,0,0,0,0,0,0,0,0,0,0,0,0,0,0,0,0,0,0,0,0,0,0,0,0,0,0,0,0,0,0,0,0,0,0,0,0,0,0,0,0,0,0,0,0,0,0,0,0,0,0,0,0,0,0,0,0,0,0,0,0,0,0,0,0,0,0,0,0,0,0,0,0,0,0,0,0,0,0,0,0,0,0,0,0,0,0,0,0,0,0,0,0,0,0,0,0,0,0],
[0,0,0,0,0,0,0,0,0,0,0,0,0,0,0,0,0,0,0,0,0,0,0,0,0,0,0,0,0,0,0,0,0,0,0,0,0,0,0,0,0,0,0,0,0,0,0,0,0,0,0,0,0,0,0,0,0,0,0,0,0,0,0,0,0,0,0,0,0,0,0,0,0,0,0,0,0,0,0,0,0,0,0,0,0,0,0,0,0,0,0,0,0,0,0,0,0,0,0,0,0,0,0,0,0,0,0,0,0,0,0,0,0,0,0,0,0,0,0,0,0,0,0,0,0,0,0,0,0,0],
[0,0,0,0,0,0,0,0,0,0,0,0,0,0,0,0,0,0,0,0,0,0,0,0,0,0,0,0,0,0,0,0,0,0,0,0,0,0,0,0,0,0,0,0,0,0,0,0,0,0,0,0,0,0,0,0,0,0,0,0,0,0,0,0,0,0,0,0,0,0,0,0,0,0,0,0,0,0,0,0,0,0,0,0,0,0,0,0,0,0,0,0,0,0,0,0,0,0,0,0,0,0,0,0,0,0,0,0,0,0,0,0,0,0,0,0,0,0,0,0,0,0,0,0,0,0,0,0,0,0],
[0,0,0,0,0,0,0,0,0,0,0,0,0,0,0,0,0,0,0,0,0,0,0,0,0,0,0,0,0,11.58,11.58,11.58,11.58,0,0,0,0,0,0,0,0,0,0,0,0,0,0,0,0,0,0,0,0,0,0,0,0,0,0,0,0,0,0,0,0,0,0,0,0,0,0,0,0,0,0,0,0,0,0,0,0,0,0,0,0,0,0,0,0,0,0,0,0,0,0,0,0,0,0,0,0,0,0,0,0,0,0,0,0,0,0,0,0,0,0,0,0,0,0,0,0,0,0,0,0,0,0,0,0,0],
[0,0,0,0,0,0,0,0,0,0,0,0,0,0,0,0,0,0,0,0,0,0,0,0,0,0,0,0,0,11.58,11.58,11.58,11.58,0,0,0,0,0,0,0,0,0,0,0,0,0,0,0,0,0,0,0,0,0,0,0,0,0,0,0,0,0,0,0,0,0,0,0,0,0,0,0,0,0,0,0,0,0,0,0,0,0,0,0,0,0,0,0,0,0,0,0,0,0,0,0,0,0,0,0,0,0,0,0,0,0,0,0,0,0,0,0,0,0,0,0,0,0,0,0,0,0,0,0,0,0,0,0,0,0],
[0,0,0,0,0,0,0,0,0,0,0,0,0,0,0,0,0,0,0,0,0,0,0,0,0,0,0,0,11.58,11.58,11.58,11.58,11.58,11.58,0,0,0,0,0,0,11.58,0,0,0,0,0,0,0,0,0,0,0,0,0,0,0,0,0,0,0,0,0,0,0,0,0,0,0,0,0,0,0,0,0,0,0,0,0,0,0,0,0,0,0,0,0,0,0,0,0,0,0,0,0,0,0,0,0,0,0,0,0,0,0,0,0,0,0,0,0,0,0,0,0,0,0,0,0,0,0,0,0,0,0,0,0,0,0,0,0],
[0,0,0,0,0,0,0,0,0,0,0,0,0,0,0,0,0,0,0,0,0,0,0,11.58,0,0,0,0,11.58,11.58,11.58,11.58,11.58,11.58,11.58,0,0,0,0,11.58,11.58,11.58,0,0,0,0,0,0,0,0,0,0,0,0,0,0,0,0,0,0,0,0,0,0,0,0,0,0,0,0,0,0,0,0,0,0,0,0,0,0,0,0,0,0,0,0,0,0,0,0,0,0,0,0,0,0,0,0,0,0,0,0,0,0,0,0,0,0,0,0,0,0,0,0,0,0,0,0,0,0,0,0,0,0,0,0,0,0,0,0],
[0,0,0,0,0,0,0,0,0,0,0,0,0,0,0,0,0,0,0,0,0,0,11.58,11.58,11.58,11.58,11.58,11.58,11.58,11.58,11.58,11.58,11.58,11.58,11.58,11.58,11.58,0,11.58,11.58,11.58,11.58,11.58,11.58,0,0,0,0,0,0,0,0,0,0,0,0,0,0,0,0,0,0,0,0,0,0,0,0,0,0,0,0,0,0,0,0,0,0,0,0,0,0,0,0,0,0,0,0,0,0,0,0,0,0,0,0,0,0,0,0,0,0,0,0,0,0,0,0,0,0,0,0,0,0,0,0,0,0,0,0,0,0,0,0,0,0,0,0,0,0],
[0,0,0,0,0,0,0,0,0,0,0,0,0,0,0,0,0,0,0,0,0,0,11.58,11.58,11.58,11.58,11.58,11.58,11.58,11.58,11.58,11.58,11.58,11.58,11.58,11.58,11.58,11.58,11.58,11.58,11.58,11.58,11.58,11.58,0,0,0,0,0,0,0,0,0,0,0,0,0,0,0,0,0,0,0,0,0,0,0,0,0,0,0,0,0,0,0,0,0,0,0,0,0,0,0,0,0,0,0,0,0,0,0,0,0,0,0,0,0,0,0,0,0,0,0,0,0,0,0,0,0,0,0,0,0,0,0,0,0,0,0,0,0,0,0,0,0,0,0,0,0,0],
[0,0,0,0,0,0,0,0,0,0,0,0,0,0,0,0,0,0,0,0,0,11.58,11.58,11.58,11.58,11.58,11.58,11.58,11.58,11.58,11.58,11.58,11.58,11.58,11.58,11.58,11.58,11.58,11.58,11.58,11.58,11.58,11.58,11.58,11.58,0,0,0,0,0,0,0,0,0,0,0,0,0,0,0,0,0,0,0,0,0,0,0,0,0,0,0,0,0,0,0,0,0,0,0,0,0,0,0,0,0,0,0,0,0,0,0,0,0,0,0,0,0,0,0,0,0,0,0,0,0,0,0,0,0,0,0,0,0,0,0,0,0,0,0,0,0,0,0,0,0,0,0,0,0],
[0,0,0,0,0,0,0,0,0,0,0,0,0,0,0,0,0,0,0,0,11.58,11.58,11.58,11.58,11.58,11.58,11.58,11.58,11.58,11.58,11.58,11.58,11.58,11.58,11.58,11.58,11.58,11.58,11.58,11.58,11.58,11.58,11.58,11.58,11.58,11.58,0,0,0,0,0,0,0,0,0,0,0,0,0,0,0,0,0,0,0,0,0,0,0,0,0,0,0,0,0,0,0,0,0,0,0,0,0,0,0,0,0,0,0,0,0,0,0,0,0,0,0,0,0,0,0,0,0,0,0,0,0,0,0,0,0,0,0,0,0,0,0,0,0,0,0,0,0,0,0,0,0,0,0,0],
[0,0,0,0,0,0,0,0,0,0,0,0,0,0,0,0,0,0,0,0,11.58,11.58,11.58,11.58,11.58,11.58,11.58,11.58,11.58,11.58,11.58,11.58,11.58,11.58,11.58,11.58,11.58,11.58,11.58,11.58,11.58,11.58,11.58,11.58,0,0,0,0,0,0,0,0,0,0,0,0,0,0,0,0,0,0,0,0,0,0,0,0,0,0,0,0,0,0,0,0,0,0,0,0,0,0,0,0,0,0,0,0,0,0,0,0,0,0,0,0,0,0,0,0,0,0,0,0,0,0,0,0,0,0,0,0,0,0,0,0,0,0,0,0,0,0,0,0,0,0,0,0,0,0],
[0,0,0,0,0,0,0,0,0,0,0,0,0,0,0,0,0,0,0,0,0,11.58,11.58,11.58,11.58,11.58,11.58,11.58,11.58,11.58,11.58,11.58,11.58,11.58,11.58,11.58,11.58,11.58,11.58,11.58,11.58,11.58,11.58,0,0,0,0,0,0,0,0,0,0,0,0,0,0,0,0,0,0,0,0,0,0,0,0,0,0,0,0,0,0,0,0,0,0,0,0,0,0,0,0,0,0,0,0,0,0,0,0,0,0,0,0,0,0,0,0,0,0,0,0,0,0,0,0,0,0,0,0,0,0,0,0,0,0,0,0,0,0,0,0,0,0,0,0,0,0,0],
[0,0,0,0,0,0,0,0,0,0,0,0,0,0,0,0,0,0,0,0,0,11.58,11.58,11.58,11.58,11.58,11.58,11.58,11.58,11.58,11.58,11.58,11.58,11.58,11.58,11.58,11.58,11.58,11.58,11.58,11.58,11.58,11.58,0,0,0,0,0,0,0,0,0,0,0,0,0,0,0,0,0,0,0,0,0,0,0,0,0,0,0,0,0,0,0,0,0,0,0,0,0,0,0,0,0,0,0,0,0,0,0,0,0,0,0,0,0,0,0,0,0,0,0,0,0,0,0,0,0,0,0,0,0,0,0,0,0,0,0,0,0,0,0,0,0,0,0,0,0,0,0],
[0,0,0,0,0,0,0,0,0,0,0,0,0,0,0,0,0,0,0,0,0,11.58,11.58,11.58,11.58,11.58,11.58,11.58,11.58,11.58,11.58,11.58,11.58,11.58,11.58,11.58,11.58,11.58,11.58,11.58,11.58,11.58,11.58,0,0,0,0,0,0,0,0,0,0,0,0,0,0,0,0,0,0,0,0,0,0,0,0,0,0,0,0,0,0,0,0,0,0,0,0,0,0,0,0,0,0,0,0,0,0,0,0,0,0,0,0,0,0,0,0,0,0,0,0,0,0,0,0,0,0,0,0,0,0,0,0,0,0,0,0,0,0,0,0,0,0,0,0,0,0,0],
[0,0,0,0,0,0,0,0,0,0,0,0,0,0,0,0,0,0,0,0,0,11.58,11.58,11.58,11.58,11.58,11.58,11.58,11.58,11.58,11.58,11.58,11.58,11.58,11.58,11.58,11.58,11.58,11.58,11.58,11.58,11.58,11.58,11.58,0,0,0,0,0,0,0,0,0,0,0,0,0,0,0,0,0,0,11.58,11.58,11.58,0,0,0,0,0,0,0,0,0,0,0,0,0,0,0,0,0,0,0,0,0,0,0,0,0,0,0,0,0,0,0,0,0,0,0,0,0,0,0,0,0,0,0,0,0,0,0,0,0,0,0,0,0,0,0,0,0,0,0,0,0,0,0,0,0],
[0,0,0,0,0,0,0,0,0,0,0,0,0,0,0,0,0,0,0,0,0,11.58,11.58,11.58,11.58,11.58,11.58,11.58,11.58,11.58,11.58,11.58,11.58,11.58,11.58,11.58,11.58,11.58,11.58,11.58,11.58,11.58,11.58,11.58,11.58,11.58,0,0,0,0,0,0,11.58,11.58,0,0,0,0,11.58,0,11.58,11.58,11.58,11.58,11.58,11.58,11.58,11.58,11.58,0,0,0,0,0,0,0,0,0,0,0,0,0,0,0,0,0,0,0,0,0,0,0,0,0,0,0,0,0,0,0,0,0,0,0,0,0,0,0,0,0,0,0,0,0,0,0,0,0,0,0,0,0,0,0,0,0,0,0,0,0],
[0,0,0,0,0,0,0,0,0,0,0,0,0,0,0,0,0,0,0,0,0,0,11.58,11.58,11.58,11.58,11.58,11.58,11.58,11.58,11.58,11.58,11.58,11.58,11.58,11.58,11.58,11.58,11.58,11.58,11.58,11.58,11.58,11.58,11.58,11.58,0,0,0,0,0,11.58,11.58,11.58,11.58,11.58,11.58,11.58,11.58,11.58,11.58,11.58,11.58,11.58,11.58,11.58,11.58,11.58,11.58,0,0,0,0,0,0,0,0,0,0,0,0,0,0,0,0,0,0,0,0,0,0,0,0,0,0,0,0,0,0,0,0,0,0,0,0,0,0,0,0,0,0,0,0,0,0,0,0,0,0,0,0,0,0,0,0,0,0,0,0,0],
[0,0,0,0,0,0,0,0,0,0,0,0,0,0,0,0,0,0,0,0,0,0,11.58,11.58,11.58,11.58,11.58,11.58,11.58,11.58,11.58,11.58,11.58,11.58,11.58,11.58,11.58,11.58,11.58,11.58,11.58,11.58,11.58,11.58,11.58,11.58,11.58,0,0,0,11.58,11.58,11.58,11.58,11.58,11.58,11.58,11.58,11.58,11.58,11.58,11.58,11.58,11.58,11.58,11.58,11.58,11.58,11.58,0,0,0,0,0,0,0,0,0,0,0,0,0,0,0,0,0,0,0,0,0,0,0,0,0,0,0,0,0,0,0,0,0,0,0,0,0,0,0,0,0,0,0,0,0,0,0,0,0,0,0,0,0,0,0,0,0,0,0,0,0],
[0,0,0,0,0,0,0,0,0,0,0,0,0,0,0,0,0,0,0,0,0,0,11.58,11.58,11.58,11.58,11.58,11.58,11.58,11.58,11.58,11.58,11.58,11.58,11.58,11.58,11.58,11.58,11.58,11.58,11.58,11.58,11.58,11.58,11.58,11.58,11.58,11.58,11.58,11.58,11.58,11.58,11.58,11.58,11.58,11.58,11.58,11.58,11.58,11.58,11.58,11.58,11.58,11.58,11.58,11.58,11.58,11.58,11.58,11.58,11.58,0,0,0,0,0,0,0,0,0,0,0,0,0,0,0,0,0,0,0,0,0,0,0,0,0,0,0,0,0,0,0,0,0,0,0,0,0,0,0,0,0,0,0,0,0,0,0,0,0,0,0,0,0,0,0,0,0,0,0],
[0,0,0,0,0,0,0,0,0,0,0,0,0,0,0,0,0,0,0,0,0,0,0,0,11.58,11.58,11.58,11.58,11.58,11.58,11.58,11.58,11.58,11.58,11.58,11.58,11.58,11.58,11.58,11.58,11.58,11.58,11.58,11.58,11.58,11.58,11.58,11.58,11.58,11.58,11.58,11.58,11.58,11.58,11.58,11.58,11.58,11.58,11.58,11.58,11.58,11.58,11.58,11.58,11.58,11.58,11.58,11.58,11.58,11.58,11.58,0,0,0,0,0,0,0,0,0,0,0,0,0,0,0,0,0,0,0,0,0,0,0,0,0,0,0,0,0,0,0,0,0,0,0,0,0,0,0,0,0,0,0,0,0,0,0,0,0,0,0,0,0,0,0,0,0,0,0],
[0,0,0,0,0,0,0,0,0,0,0,0,0,0,0,0,0,0,0,0,0,0,0,0,0,0,0,11.58,11.58,11.58,11.58,11.58,11.58,11.58,11.58,11.58,11.58,11.58,11.58,11.58,11.58,11.58,11.58,11.58,11.58,11.58,11.58,11.58,11.58,11.58,11.58,11.58,11.58,11.58,11.58,11.58,11.58,11.58,11.58,11.58,11.58,11.58,11.58,11.58,11.58,11.58,11.58,11.58,11.58,11.58,11.58,11.58,0,0,0,0,0,0,0,0,0,0,0,0,0,0,0,0,0,0,0,0,0,0,0,0,0,0,0,0,0,0,0,0,0,0,0,0,0,0,0,0,0,0,0,0,0,0,0,0,0,0,0,0,0,0,0,0,0,0],
[0,0,0,0,0,0,0,0,0,0,0,0,0,0,0,0,0,0,0,0,0,0,0,0,0,0,0,0,11.58,11.58,11.58,11.58,11.58,11.58,11.58,11.58,11.58,11.58,11.58,11.58,11.58,11.58,11.58,11.58,11.58,11.58,11.58,11.58,11.58,11.58,11.58,11.58,11.58,11.58,11.58,11.58,11.58,11.58,11.58,11.58,11.58,11.58,11.58,11.58,11.58,11.58,11.58,11.58,11.58,11.58,11.58,11.58,11.58,11.58,0,0,0,0,0,0,0,0,0,0,0,0,0,0,0,0,0,0,0,0,0,0,0,0,0,0,0,0,0,0,0,0,0,0,0,0,0,0,0,0,0,0,0,0,0,0,0,0,0,0,0,0,0,0,0,0],
[0,0,0,0,0,0,0,0,0,0,0,0,0,0,0,0,0,0,0,0,0,0,0,0,0,0,0,0,11.58,11.58,11.58,11.58,11.58,11.58,11.58,11.58,11.58,11.58,11.58,11.58,11.58,11.58,11.58,11.58,11.58,11.58,11.58,11.58,11.58,11.58,11.58,11.58,11.58,11.58,11.58,11.58,11.58,11.58,11.58,11.58,11.58,11.58,11.58,11.58,11.58,11.58,11.58,11.58,11.58,11.58,11.58,11.58,11.58,11.58,11.58,0,0,0,0,0,0,0,0,0,0,0,0,0,0,0,0,0,0,0,0,0,0,0,0,0,0,0,0,0,0,0,0,0,0,0,0,0,0,0,0,0,0,0,0,0,0,0,0,0,0,0,0,0,0,0],
[0,0,0,0,0,0,0,0,0,0,0,0,0,0,0,0,0,0,0,0,0,0,0,0,0,0,0,0,11.58,11.58,11.58,11.58,11.58,11.58,11.58,11.58,11.58,11.58,11.58,11.58,11.58,11.58,11.58,11.58,11.58,11.58,11.58,11.58,11.58,11.58,11.58,11.58,11.58,11.58,11.58,11.58,11.58,11.58,11.58,11.58,11.58,11.58,11.58,11.58,11.58,11.58,11.58,11.58,11.58,11.58,11.58,11.58,11.58,11.58,11.58,11.58,0,0,0,0,0,0,0,0,0,0,0,0,0,0,0,0,0,0,0,0,0,0,0,0,0,0,0,0,0,0,0,0,0,0,0,0,0,0,0,0,0,0,0,0,0,0,0,0,0,0,0,0,0,0],
[0,0,0,0,0,0,0,0,0,0,0,0,0,0,0,0,0,0,0,0,0,0,0,0,0,0,0,0,11.58,11.58,11.58,11.58,11.58,11.58,11.58,11.58,11.58,11.58,11.58,11.58,11.58,11.58,11.58,11.58,11.58,11.58,11.58,11.58,11.58,11.58,11.58,11.58,11.58,11.58,11.58,11.58,11.58,11.58,11.58,11.58,11.58,11.58,11.58,11.58,11.58,11.58,11.58,11.58,11.58,11.58,11.58,11.58,11.58,11.58,11.58,11.58,11.58,0,0,0,0,0,0,0,0,0,0,0,0,0,0,0,0,0,0,0,0,0,0,0,0,0,0,0,0,0,0,0,0,0,0,0,0,0,0,0,0,0,0,0,0,0,0,0,0,0,0,0,0,0],
[0,0,0,0,0,0,0,0,0,0,0,0,0,0,0,0,0,0,0,0,0,0,0,0,0,0,0,0,11.58,11.58,11.58,11.58,11.58,11.58,11.58,11.58,11.58,11.58,11.58,11.58,11.58,11.58,11.58,11.58,11.58,11.58,11.58,11.58,11.58,11.58,11.58,11.58,11.58,11.58,11.58,11.58,11.58,11.58,11.58,11.58,11.58,11.58,11.58,11.58,11.58,11.58,11.58,11.58,11.58,11.58,11.58,11.58,11.58,11.58,11.58,11.58,11.58,11.58,11.58,0,0,0,0,0,0,0,0,0,0,0,0,0,0,0,0,0,0,0,0,0,0,0,0,0,0,0,0,0,0,0,0,0,0,0,0,0,0,0,0,0,0,0,0,0,0,0,0,0,0,0],
[0,0,0,0,0,0,0,0,0,0,0,0,0,0,0,0,0,0,0,0,0,0,0,0,0,0,0,0,11.58,11.58,11.58,11.58,11.58,11.58,11.58,11.58,11.58,11.58,11.58,11.58,11.58,11.58,11.58,11.58,11.58,11.58,11.58,11.58,11.58,11.58,11.58,11.58,11.58,11.58,11.58,11.58,11.58,11.58,11.58,11.58,11.58,11.58,11.58,11.58,11.58,11.58,11.58,11.58,11.58,11.58,11.58,11.58,11.58,11.58,11.58,11.58,11.58,11.58,11.58,0,0,0,0,0,0,0,0,0,0,0,0,0,0,0,0,0,0,0,0,0,0,0,0,0,0,0,0,0,0,0,0,0,0,0,0,0,0,0,0,0,0,0,0,0,0,0,0,0,0,0],
[0,0,0,0,0,0,0,0,0,0,0,0,0,0,0,0,0,0,0,0,0,0,0,0,0,0,0,0,0,11.58,11.58,11.58,11.58,11.58,11.58,11.58,11.58,11.58,11.58,11.58,11.58,11.58,11.58,11.58,11.58,11.58,11.58,11.58,11.58,11.58,11.58,11.58,11.58,11.58,11.58,11.58,11.58,11.58,11.58,11.58,11.58,11.58,11.58,11.58,11.58,11.58,11.58,11.58,11.58,11.58,11.58,11.58,11.58,11.58,11.58,11.58,11.58,11.58,11.58,11.58,0,0,0,0,0,0,0,0,0,0,0,0,0,0,0,0,0,0,0,0,0,0,0,0,0,0,0,0,0,0,0,0,0,0,0,0,0,0,0,0,0,0,0,0,0,0,0,0,0,0],
[0,0,0,0,0,0,0,0,0,0,0,0,0,0,0,0,0,0,0,0,0,0,0,0,0,0,0,0,0,11.58,11.58,11.58,11.58,11.58,11.58,11.58,11.58,11.58,11.58,11.58,11.58,11.58,11.58,11.58,11.58,11.58,11.58,11.58,11.58,11.58,11.58,11.58,11.58,11.58,11.58,11.58,11.58,11.58,11.58,11.58,11.58,11.58,11.58,11.58,11.58,11.58,11.58,11.58,11.58,11.58,11.58,11.58,11.58,11.58,11.58,11.58,11.58,11.58,11.58,11.58,11.58,11.58,11.58,0,0,0,0,0,0,0,0,0,0,0,0,0,0,0,0,0,0,0,0,0,0,0,0,0,0,0,0,0,0,0,0,0,0,0,0,0,0,0,0,0,0,0,0,0,0,0],
[0,0,0,0,0,0,0,0,0,0,0,0,0,0,0,0,0,0,0,0,0,0,0,0,0,0,0,0,0,11.58,11.58,11.58,11.58,11.58,11.58,11.58,11.58,11.58,11.58,11.58,11.58,11.58,11.58,11.58,11.58,11.58,11.58,11.58,11.58,11.58,11.58,11.58,11.58,11.58,11.58,11.58,11.58,11.58,11.58,11.58,11.58,11.58,11.58,11.58,11.58,11.58,11.58,11.58,11.58,11.58,11.58,11.58,11.58,11.58,11.58,11.58,11.58,11.58,11.58,11.58,11.58,11.58,11.58,0,0,0,0,0,0,0,0,0,0,0,0,0,0,0,0,0,0,0,0,0,0,0,0,0,0,0,0,0,0,0,0,0,0,0,0,0,0,0,0,0,0,0,0,0,0,0],
[0,0,0,0,0,0,0,0,0,0,0,0,0,0,0,0,0,0,0,0,0,0,0,0,0,0,0,0,11.58,11.58,11.58,11.58,11.58,11.58,11.58,11.58,11.58,11.58,11.58,11.58,11.58,11.58,11.58,11.58,11.58,11.58,11.58,11.58,11.58,11.58,11.58,11.58,11.58,11.58,11.58,11.58,11.58,11.58,11.58,11.58,11.58,11.58,11.58,11.58,11.58,11.58,11.58,11.58,11.58,11.58,11.58,11.58,11.58,11.58,11.58,11.58,11.58,11.58,11.58,11.58,11.58,11.58,11.58,11.58,0,0,0,0,11.58,11.58,11.58,11.58,0,0,0,0,0,0,0,0,0,0,0,0,0,0,0,0,0,0,0,0,0,0,0,0,0,0,0,0,0,0,0,0,0,0,0,0,0,0],
[0,0,0,0,0,0,0,0,0,0,0,0,0,0,0,0,0,0,0,0,0,0,0,0,0,0,0,11.58,11.58,11.58,11.58,11.58,11.58,11.58,11.58,11.58,11.58,11.58,11.58,11.58,11.58,11.58,11.58,11.58,11.58,11.58,11.58,11.58,11.58,11.58,11.58,11.58,11.58,11.58,11.58,11.58,11.58,11.58,11.58,11.58,11.58,11.58,11.58,11.58,11.58,11.58,11.58,11.58,11.58,11.58,11.58,11.58,11.58,11.58,11.58,11.58,11.58,11.58,11.58,11.58,11.58,11.58,11.58,11.58,0,0,0,11.58,11.58,11.58,11.58,11.58,11.58,11.58,11.58,11.58,11.58,0,0,0,0,0,0,0,0,0,0,0,0,0,0,0,0,0,0,0,0,0,0,0,0,0,0,0,0,0,0,0,0,0],
[0,0,0,0,0,0,0,0,0,0,0,0,0,0,0,0,0,0,0,0,0,0,0,0,0,0,0,11.58,11.58,11.58,11.58,11.58,11.58,11.58,11.58,11.58,11.58,11.58,11.58,11.58,11.58,11.58,11.58,11.58,11.58,11.58,11.58,11.58,11.58,11.58,11.58,11.58,11.58,11.58,11.58,11.58,11.58,11.58,11.58,11.58,11.58,11.58,11.58,11.58,11.58,11.58,11.58,11.58,11.58,11.58,11.58,11.58,11.58,11.58,11.58,11.58,11.58,11.58,11.58,11.58,11.58,11.58,11.58,11.58,11.58,11.58,11.58,11.58,11.58,11.58,11.58,11.58,11.58,11.58,11.58,11.58,11.58,11.58,11.58,0,0,0,0,0,0,0,0,0,0,0,0,0,0,0,0,0,0,0,0,0,0,0,0,0,0,0,0,0,0,0],
[0,0,0,0,0,0,0,0,0,0,0,0,0,0,0,0,0,0,0,0,0,0,0,0,0,0,0,11.58,11.58,11.58,11.58,11.58,11.58,11.58,11.58,11.58,11.58,11.58,11.58,11.58,11.58,11.58,11.58,11.58,11.58,11.58,11.58,11.58,11.58,11.58,11.58,11.58,11.58,11.58,11.58,11.58,11.58,11.58,11.58,11.58,11.58,11.58,11.58,11.58,11.58,11.58,11.58,11.58,11.58,11.58,11.58,11.58,11.58,11.58,11.58,11.58,11.58,11.58,11.58,11.58,11.58,11.58,11.58,11.58,11.58,11.58,11.58,11.58,11.58,11.58,11.58,11.58,11.58,11.58,11.58,11.58,11.58,11.58,11.58,11.58,0,0,0,0,0,0,11.58,11.58,11.58,0,0,0,0,0,0,0,0,0,0,0,0,0,0,0,0,0,0,0,0,0],
[0,0,0,0,0,0,0,0,0,0,0,0,0,0,0,0,0,0,0,0,0,0,0,0,0,0,0,11.58,11.58,11.58,11.58,11.58,11.58,11.58,11.58,11.58,11.58,11.58,11.58,11.58,11.58,11.58,11.58,11.58,11.58,11.58,11.58,11.58,11.58,11.58,11.58,11.58,11.58,11.58,11.58,11.58,11.58,11.58,11.58,11.58,11.58,11.58,11.58,11.58,11.58,11.58,11.58,11.58,11.58,11.58,11.58,11.58,11.58,11.58,11.58,11.58,11.58,11.58,11.58,11.58,11.58,11.58,11.58,11.58,11.58,11.58,11.58,11.58,11.58,11.58,11.58,11.58,11.58,11.58,11.58,11.58,11.58,11.58,11.58,11.58,11.58,0,0,11.58,0,11.58,11.58,11.58,11.58,0,0,0,0,0,0,0,0,0,0,0,0,0,0,0,0,0,0,0,0,0],
[0,0,0,0,0,0,0,0,0,0,0,0,0,0,0,0,0,0,0,0,0,0,0,0,0,0,0,11.58,11.58,11.58,11.58,11.58,11.58,11.58,11.58,11.58,11.58,11.58,11.58,11.58,11.58,11.58,11.58,11.58,11.58,11.58,11.58,11.58,11.58,11.58,11.58,11.58,11.58,11.58,11.58,11.58,11.58,11.58,11.58,11.58,11.58,11.58,11.58,11.58,11.58,11.58,11.58,11.58,11.58,11.58,11.58,11.58,11.58,11.58,11.58,11.58,11.58,11.58,11.58,11.58,11.58,11.58,11.58,11.58,11.58,11.58,11.58,11.58,11.58,11.58,11.58,11.58,11.58,11.58,11.58,11.58,11.58,11.58,11.58,11.58,11.58,11.58,11.58,11.58,11.58,11.58,11.58,11.58,11.58,11.58,0,0,0,0,0,0,0,0,0,0,0,0,0,0,0,0,0,0,0,0],
[0,0,0,0,0,0,0,0,0,0,0,0,0,0,0,0,0,0,0,0,0,0,0,0,0,0,0,11.58,11.58,11.58,11.58,11.58,11.58,11.58,11.58,11.58,11.58,11.58,11.58,11.58,11.58,11.58,11.58,11.58,11.58,11.58,0,0,0,0,0,11.58,11.58,11.58,11.58,11.58,11.58,11.58,11.58,11.58,11.58,11.58,11.58,11.58,11.58,11.58,11.58,11.58,11.58,11.58,11.58,11.58,11.58,11.58,11.58,11.58,11.58,11.58,11.58,11.58,11.58,11.58,11.58,11.58,11.58,11.58,11.58,11.58,11.58,11.58,11.58,11.58,11.58,11.58,11.58,11.58,11.58,11.58,11.58,11.58,11.58,11.58,11.58,11.58,11.58,11.58,11.58,11.58,11.58,11.58,11.58,0,0,0,0,0,0,0,0,0,0,0,0,0,0,0,0,0,0,0],
[0,0,0,0,0,0,0,0,0,0,0,0,0,0,0,0,0,0,0,0,0,0,0,0,0,0,0,11.58,11.58,11.58,11.58,11.58,11.58,11.58,11.58,11.58,11.58,11.58,11.58,0,0,0,11.58,11.58,0,0,0,0,0,0,0,0,0,11.58,11.58,11.58,11.58,11.58,11.58,11.58,11.58,11.58,11.58,11.58,11.58,11.58,11.58,11.58,11.58,11.58,11.58,11.58,11.58,11.58,11.58,11.58,11.58,11.58,11.58,11.58,11.58,11.58,11.58,11.58,11.58,11.58,11.58,11.58,11.58,11.58,11.58,11.58,11.58,11.58,11.58,11.58,11.58,11.58,11.58,11.58,11.58,11.58,11.58,11.58,11.58,11.58,11.58,11.58,11.58,11.58,0,0,0,0,0,0,0,0,0,0,0,0,0,0,0,0,0,0,0,0],
[0,0,0,0,0,0,0,0,0,0,0,0,0,0,0,0,0,0,0,0,0,0,0,0,11.58,11.58,11.58,11.58,11.58,11.58,11.58,11.58,11.58,11.58,11.58,11.58,11.58,11.58,0,0,0,0,0,0,0,0,0,0,0,0,0,0,0,0,0,11.58,11.58,11.58,11.58,11.58,11.58,11.58,11.58,11.58,11.58,11.58,11.58,11.58,11.58,11.58,11.58,11.58,11.58,11.58,11.58,11.58,11.58,11.58,11.58,11.58,11.58,11.58,11.58,11.58,11.58,11.58,11.58,11.58,11.58,11.58,11.58,11.58,11.58,11.58,11.58,11.58,11.58,11.58,11.58,11.58,11.58,11.58,11.58,11.58,11.58,11.58,11.58,11.58,0,0,0,0,0,0,0,0,0,0,0,0,0,0,0,0,0,0,0,0,0,0],
[0,0,0,0,0,0,0,0,0,0,0,0,0,0,0,0,0,0,0,0,0,0,0,0,11.58,11.58,11.58,11.58,11.58,11.58,11.58,11.58,11.58,11.58,11.58,11.58,11.58,11.58,0,0,0,0,0,0,0,0,0,0,0,0,0,0,0,0,0,0,11.58,11.58,11.58,11.58,11.58,11.58,11.58,11.58,11.58,11.58,11.58,11.58,11.58,11.58,11.58,11.58,11.58,11.58,11.58,11.58,11.58,11.58,11.58,11.58,11.58,11.58,11.58,11.58,11.58,11.58,11.58,11.58,11.58,11.58,11.58,11.58,11.58,11.58,11.58,11.58,11.58,11.58,11.58,11.58,11.58,11.58,11.58,11.58,11.58,11.58,11.58,0,0,0,0,0,0,0,0,0,0,0,0,0,0,0,0,0,0,0,0,0,0,0],
[0,0,0,0,0,0,0,0,0,0,0,0,0,0,0,0,0,0,0,0,0,0,0,0,11.58,11.58,11.58,11.58,11.58,11.58,11.58,11.58,11.58,11.58,11.58,11.58,11.58,0,0,0,0,0,0,0,0,0,0,0,0,0,0,0,0,0,0,0,0,11.58,11.58,11.58,11.58,11.58,11.58,11.58,11.58,11.58,11.58,11.58,11.58,11.58,11.58,11.58,11.58,11.58,11.58,11.58,11.58,11.58,11.58,11.58,11.58,11.58,11.58,11.58,11.58,11.58,11.58,11.58,11.58,11.58,11.58,11.58,11.58,11.58,11.58,11.58,11.58,11.58,11.58,11.58,11.58,11.58,11.58,11.58,11.58,11.58,11.58,0,0,0,0,0,0,0,0,0,0,0,0,0,0,0,0,0,0,0,0,0,0,0],
[0,0,0,0,0,0,0,0,0,0,0,0,0,0,0,0,0,0,0,0,0,0,0,0,0,11.58,11.58,11.58,11.58,11.58,11.58,11.58,11.58,11.58,11.58,11.58,11.58,0,0,0,0,0,0,0,0,0,0,0,0,0,0,0,0,0,0,0,0,0,11.58,11.58,11.58,11.58,11.58,11.58,11.58,11.58,11.58,11.58,11.58,11.58,11.58,11.58,11.58,11.58,11.58,11.58,11.58,11.58,11.58,11.58,11.58,11.58,11.58,11.58,11.58,11.58,11.58,11.58,11.58,11.58,11.58,11.58,11.58,11.58,11.58,11.58,11.58,11.58,11.58,11.58,11.58,11.58,11.58,11.58,11.58,11.58,11.58,0,0,0,0,0,0,0,0,0,0,0,0,0,0,0,0,0,0,0,0,0,0,0],
[0,0,0,0,0,0,0,0,0,0,0,0,0,0,0,0,0,0,0,0,0,0,0,0,0,0,0,11.58,11.58,11.58,11.58,11.58,11.58,11.58,11.58,11.58,0,0,0,0,0,0,0,0,0,0,0,0,0,0,0,0,0,0,0,0,0,0,0,11.58,11.58,11.58,11.58,11.58,11.58,11.58,11.58,11.58,11.58,11.58,11.58,11.58,11.58,11.58,11.58,11.58,11.58,11.58,11.58,11.58,11.58,11.58,11.58,11.58,11.58,11.58,11.58,11.58,11.58,11.58,11.58,11.58,11.58,11.58,11.58,11.58,11.58,11.58,11.58,11.58,11.58,11.58,11.58,11.58,11.58,11.58,11.58,0,0,0,0,0,0,0,0,0,0,0,0,0,0,0,0,0,0,0,0,0,0,0],
[0,0,0,0,0,0,0,0,0,0,0,0,0,0,0,0,0,0,0,0,0,0,0,0,0,0,0,0,11.58,11.58,11.58,11.58,11.58,11.58,0,0,0,0,0,0,0,0,0,0,0,0,0,0,0,0,0,0,0,0,0,0,0,0,0,0,11.58,11.58,11.58,11.58,11.58,11.58,11.58,11.58,11.58,11.58,11.58,11.58,11.58,11.58,11.58,11.58,11.58,11.58,11.58,11.58,11.58,11.58,11.58,11.58,11.58,11.58,11.58,11.58,11.58,11.58,11.58,11.58,11.58,11.58,11.58,11.58,11.58,11.58,11.58,11.58,11.58,11.58,11.58,11.58,11.58,11.58,0,0,0,0,0,0,0,0,0,0,0,0,0,0,0,0,0,0,0,0,0,0,0,0],
[0,0,0,0,0,0,0,0,0,0,0,0,0,0,0,0,0,0,0,0,0,0,0,0,0,0,0,0,0,0,11.58,11.58,11.58,0,0,0,0,0,0,0,0,0,0,0,0,0,0,0,0,0,0,0,0,0,0,0,0,0,0,0,11.58,11.58,11.58,11.58,11.58,11.58,11.58,11.58,11.58,11.58,11.58,11.58,11.58,11.58,11.58,11.58,11.58,11.58,11.58,11.58,11.58,11.58,11.58,11.58,11.58,11.58,11.58,11.58,11.58,11.58,11.58,11.58,11.58,11.58,11.58,11.58,11.58,11.58,11.58,11.58,11.58,11.58,11.58,11.58,11.58,0,0,0,0,0,0,0,0,0,0,0,0,0,0,0,0,0,0,0,0,0,0,0,0,0],
[0,0,0,0,0,0,0,0,0,0,0,0,0,0,0,0,0,0,0,0,0,0,0,0,0,0,0,0,0,0,0,0,0,0,0,0,0,0,0,0,0,0,0,0,0,0,0,0,0,0,0,0,0,0,0,0,0,0,0,0,11.58,11.58,11.58,11.58,11.58,11.58,11.58,11.58,11.58,11.58,11.58,11.58,11.58,11.58,11.58,11.58,11.58,11.58,11.58,11.58,11.58,11.58,11.58,11.58,11.58,11.58,11.58,11.58,11.58,11.58,11.58,11.58,11.58,11.58,11.58,11.58,11.58,11.58,11.58,11.58,11.58,11.58,11.58,11.58,11.58,0,0,0,0,0,0,0,0,0,0,0,0,0,0,0,0,0,0,0,0,0,0,0,0,0],
[0,0,0,0,0,0,0,0,0,0,0,0,0,0,0,0,0,0,0,0,0,0,0,0,0,0,0,0,0,0,0,0,0,0,0,0,0,0,0,0,0,0,0,0,0,0,0,0,0,0,0,0,0,0,0,0,0,0,0,0,11.58,11.58,11.58,11.58,11.58,11.58,11.58,11.58,11.58,11.58,11.58,11.58,11.58,11.58,11.58,11.58,11.58,11.58,11.58,11.58,11.58,11.58,11.58,0,0,0,0,0,11.58,11.58,11.58,11.58,11.58,11.58,11.58,11.58,11.58,11.58,11.58,11.58,11.58,11.58,11.58,11.58,11.58,0,0,0,0,0,0,0,0,0,0,0,0,0,0,0,0,0,0,0,0,0,0,0,0,0],
[0,0,0,0,0,0,0,0,0,0,0,0,0,0,0,0,0,0,0,0,0,0,0,0,0,0,0,0,0,0,0,0,0,0,0,0,0,0,0,0,0,0,0,0,0,0,0,0,0,0,0,0,0,0,0,0,0,0,0,0,11.58,11.58,11.58,11.58,11.58,11.58,11.58,11.58,11.58,11.58,11.58,11.58,11.58,11.58,11.58,0,0,0,0,0,0,0,0,0,0,0,0,0,0,0,0,11.58,11.58,11.58,11.58,11.58,11.58,11.58,11.58,11.58,11.58,11.58,11.58,11.58,0,0,0,0,0,0,0,0,0,0,0,0,0,0,0,0,0,0,0,0,0,0,0,0,0,0],
[0,0,0,0,0,0,0,0,0,0,0,0,0,0,0,0,0,0,0,0,0,0,0,0,0,0,0,0,0,0,0,0,0,0,0,0,0,0,0,0,0,0,0,0,0,0,0,0,0,0,0,0,0,0,0,0,0,0,0,0,11.58,11.58,11.58,11.58,11.58,11.58,11.58,11.58,11.58,11.58,11.58,11.58,11.58,0,0,0,0,0,0,0,0,0,0,0,0,0,0,0,0,0,0,0,11.58,11.58,11.58,11.58,11.58,11.58,11.58,0,0,0,0,0,0,0,0,0,0,0,0,0,0,0,0,0,0,0,0,0,0,0,0,0,0,0,0,0,0,0],
[0,0,0,0,0,0,0,0,0,0,0,0,0,0,0,0,0,0,0,0,0,0,0,0,0,0,0,0,0,0,0,0,0,0,0,0,0,0,0,0,0,0,0,0,0,0,0,0,0,0,0,0,0,0,0,0,0,0,0,0,11.58,11.58,11.58,11.58,11.58,11.58,11.58,11.58,11.58,11.58,11.58,11.58,11.58,0,0,0,0,0,0,0,0,0,0,0,0,0,0,0,0,0,0,0,0,11.58,11.58,11.58,11.58,11.58,11.58,0,0,0,0,0,0,0,0,0,0,0,0,0,0,0,0,0,0,0,0,0,0,0,0,0,0,0,0,0,0,0],
[0,0,0,0,0,0,0,0,0,0,0,0,0,0,0,0,0,0,0,0,0,0,0,0,0,0,0,0,0,0,0,0,0,0,0,0,0,0,0,0,0,0,0,0,0,0,0,0,0,0,0,0,0,0,0,0,0,0,0,0,0,11.58,11.58,11.58,11.58,11.58,11.58,11.58,11.58,11.58,11.58,11.58,0,0,0,0,0,0,0,0,0,0,0,0,0,0,0,0,0,0,0,0,0,0,11.58,11.58,11.58,11.58,11.58,0,0,0,0,0,0,0,0,0,0,0,0,0,0,0,0,0,0,0,0,0,0,0,0,0,0,0,0,0,0,0],
[0,0,0,0,0,0,0,0,0,0,0,0,0,0,0,0,0,0,0,0,0,0,0,0,0,0,0,0,0,0,0,0,0,0,0,0,0,0,0,0,0,0,0,0,0,0,0,0,0,0,0,0,0,0,0,0,0,0,0,0,0,11.58,11.58,11.58,11.58,11.58,11.58,11.58,11.58,11.58,11.58,11.58,0,0,0,0,0,0,0,0,0,0,0,0,0,0,0,0,0,0,0,0,0,0,11.58,11.58,11.58,11.58,11.58,0,0,0,0,0,0,0,0,0,0,0,0,0,0,0,0,0,0,0,0,0,0,0,0,0,0,0,0,0,0,0],
[0,0,0,0,0,0,0,0,0,0,0,0,0,0,0,0,0,0,0,0,0,0,0,0,0,0,0,0,0,0,0,0,0,0,0,0,0,0,0,0,0,0,0,0,0,0,0,0,0,0,0,0,0,0,0,0,0,0,0,0,0,11.58,11.58,11.58,11.58,11.58,11.58,11.58,11.58,11.58,11.58,0,0,0,0,0,0,0,0,0,0,0,0,0,0,0,0,0,0,0,0,0,0,0,0,11.58,11.58,11.58,0,0,0,0,0,0,0,0,0,0,0,0,0,0,0,0,0,0,0,0,0,0,0,0,0,0,0,0,0,0,0,0],
[0,0,0,0,0,0,0,0,0,0,0,0,0,0,0,0,0,0,0,0,0,0,0,0,0,0,0,0,0,0,0,0,0,0,0,0,0,0,0,0,0,0,0,0,0,0,0,0,0,0,0,0,0,0,0,0,0,0,0,0,0,0,11.58,11.58,11.58,11.58,11.58,11.58,11.58,11.58,11.58,0,0,0,0,0,0,0,0,0,0,0,0,0,0,0,0,0,0,0,0,0,0,0,0,0,0,0,0,0,0,0,0,0,0,0,0,0,0,0,0,0,0,0,0,0,0,0,0,0,0,0,0,0,0,0,0,0,0,0],
[0,0,0,0,0,0,0,0,0,0,0,0,0,0,0,0,0,0,0,0,0,0,0,0,0,0,0,0,0,0,0,0,0,0,0,0,0,0,0,0,0,0,0,0,0,0,0,0,0,0,0,0,0,0,0,0,0,0,0,0,0,0,11.58,11.58,11.58,11.58,11.58,11.58,11.58,11.58,11.58,0,0,0,0,0,0,0,0,0,0,0,0,0,0,0,0,0,0,0,0,0,0,0,0,0,0,0,0,0,0,0,0,0,0,0,0,0,0,0,0,0,0,0,0,0,0,0,0,0,0,0,0,0,0,0,0,0,0,0],
[0,0,0,0,0,0,0,0,0,0,0,0,0,0,0,0,0,0,0,0,0,0,0,0,0,0,0,0,0,0,0,0,0,0,0,0,0,0,0,0,0,0,0,0,0,0,0,0,0,0,0,0,0,0,0,0,0,0,0,0,0,0,11.58,11.58,11.58,11.58,11.58,11.58,11.58,11.58,11.58,0,0,0,0,0,0,0,0,0,0,0,0,0,0,0,0,0,0,0,0,0,0,0,0,0,0,0,0,0,0,0,0,0,0,0,0,0,0,0,0,0,0,0,0,0,0,0,0,0,0,0,0,0,0,0,0,0,0,0],
[0,0,0,0,0,0,0,0,0,0,0,0,0,0,0,0,0,0,0,0,0,0,0,0,0,0,0,0,0,0,0,0,0,0,0,0,0,0,0,0,0,0,0,0,0,0,0,0,0,0,0,0,0,0,0,0,0,0,0,0,0,11.58,11.58,11.58,11.58,11.58,11.58,11.58,11.58,11.58,11.58,11.58,0,0,0,0,0,0,0,0,0,0,0,0,0,0,0,0,0,0,0,0,0,0,0,0,0,0,0,0,0,0,0,0,0,0,0,0,0,0,0,0,0,0,0,0,0,0,0,0,0,0,0,0,0,0,0,0,0,0],
[0,0,0,0,0,0,0,0,0,0,0,0,0,0,0,0,0,0,0,0,0,0,0,0,0,0,0,0,0,0,0,0,0,0,0,0,0,0,0,0,0,0,0,0,0,0,0,0,0,0,0,0,0,0,0,0,0,0,0,0,0,11.58,11.58,11.58,11.58,11.58,11.58,11.58,11.58,11.58,11.58,11.58,0,0,0,0,0,0,0,0,0,0,0,0,0,0,0,0,0,0,0,0,0,0,0,0,0,0,0,0,0,0,0,0,0,0,0,0,0,0,0,0,0,0,0,0,0,0,0,0,0,0,0,0,0,0,0,0,0,0],
[0,0,0,0,0,0,0,0,0,0,0,0,0,0,0,0,0,0,0,0,0,0,0,0,0,0,0,0,0,0,0,0,0,0,0,0,0,0,0,0,0,0,0,0,0,0,0,0,0,0,0,0,0,0,0,0,0,0,0,0,0,11.58,11.58,11.58,11.58,11.58,11.58,11.58,11.58,11.58,11.58,11.58,0,0,0,0,0,0,0,0,0,0,0,0,0,0,0,0,0,0,0,0,0,0,0,0,0,0,0,0,0,0,0,0,0,0,0,0,0,0,0,0,0,0,0,0,0,0,0,0,0,0,0,0,0,0,0,0,0,0],
[0,0,0,0,0,0,0,0,0,0,0,0,0,0,0,0,0,0,0,0,0,0,0,0,0,0,0,0,0,0,0,0,0,0,0,0,0,0,0,0,0,0,0,0,0,0,0,0,0,0,0,0,0,0,0,0,0,0,0,0,0,11.58,11.58,11.58,11.58,11.58,11.58,11.58,11.58,11.58,11.58,11.58,11.58,0,0,0,0,0,0,0,0,0,0,0,0,0,0,0,0,0,0,0,0,0,0,0,0,0,0,0,0,0,0,0,0,0,0,0,0,0,0,0,0,0,0,0,0,0,0,0,0,0,0,0,0,0,0,0,0,0],
[0,0,0,0,0,0,0,0,0,0,0,0,0,0,0,0,0,0,0,0,0,0,0,0,0,0,0,0,0,0,0,0,0,0,0,0,0,0,0,0,0,0,0,0,0,0,0,0,0,0,0,0,0,0,0,0,0,0,0,0,0,11.58,11.58,11.58,11.58,11.58,11.58,11.58,11.58,11.58,11.58,11.58,11.58,11.58,11.58,0,0,11.58,11.58,11.58,0,0,0,0,0,0,0,0,0,0,0,0,0,0,0,0,0,0,0,0,0,0,0,0,0,0,0,0,0,0,0,0,0,0,0,0,0,0,0,0,0,0,0,0,0,0,0,0,0,0],
[0,0,0,0,0,0,0,0,0,0,0,0,0,0,0,0,0,0,0,0,0,0,0,0,0,0,0,0,0,0,0,0,0,0,0,0,0,0,0,0,0,0,0,0,0,0,0,0,0,0,0,0,0,0,0,0,0,0,0,0,0,11.58,11.58,11.58,11.58,11.58,11.58,11.58,11.58,11.58,11.58,11.58,11.58,11.58,11.58,11.58,11.58,11.58,11.58,11.58,11.58,0,0,0,0,0,0,0,0,0,0,0,0,0,0,0,0,0,0,0,0,0,13.00,13.00,13.00,13.00,13.00,0,0,0,0,0,0,0,0,0,0,0,0,0,0,0,0,0,0,0,0,0,0,0],
[0,0,0,0,0,0,0,0,0,0,0,0,0,0,0,0,0,0,0,0,0,0,0,0,0,0,0,0,0,0,0,0,0,0,0,0,0,0,0,0,0,0,0,0,0,0,0,0,0,0,0,0,0,0,0,0,0,0,0,0,0,11.58,11.58,11.58,11.58,11.58,11.58,11.58,11.58,11.58,11.58,11.58,11.58,11.58,11.58,11.58,11.58,11.58,11.58,11.58,11.58,0,0,0,0,0,0,0,0,0,0,0,0,0,0,0,0,0,0,0,0,13.00,13.00,13.00,13.00,13.00,13.00,13.00,13.00,0,0,0,0,0,0,0,0,0,0,0,0,0,0,0,0,0,0,0,0,0],
[0,0,0,0,0,0,0,0,0,0,0,0,0,0,0,0,0,0,0,0,0,0,0,0,0,0,0,0,0,0,0,0,0,0,0,0,0,0,0,0,0,0,0,0,0,0,0,0,0,0,0,0,0,0,0,0,0,0,0,0,11.58,11.58,11.58,11.58,11.58,11.58,11.58,11.58,11.58,11.58,11.58,11.58,11.58,11.58,11.58,11.58,11.58,11.58,11.58,11.58,11.58,0,0,0,0,0,0,0,0,0,0,0,0,0,0,0,0,0,0,0,13.00,13.00,13.00,13.00,13.00,13.00,13.00,13.00,13.00,0,0,0,0,0,0,0,0,0,0,0,0,0,0,0,0,0,0,0,0,0],
[0,0,0,0,0,0,0,0,0,0,0,0,0,0,0,0,0,0,0,0,0,0,0,0,0,0,0,0,0,0,0,0,0,0,0,0,0,0,0,0,0,0,0,0,0,0,0,0,0,0,0,0,0,0,0,0,0,0,0,11.58,11.58,11.58,11.58,11.58,11.58,11.58,11.58,11.58,11.58,11.58,11.58,11.58,11.58,11.58,11.58,11.58,11.58,11.58,11.58,11.58,11.58,0,0,0,0,0,0,0,0,0,0,0,0,0,0,0,0,0,0,0,13.00,13.00,13.00,13.00,13.00,13.00,13.00,13.00,13.00,13.00,0,0,0,0,0,0,0,0,0,0,0,0,0,0,0,0,0,0,0,0],
[0,0,0,0,0,0,0,0,0,0,0,0,0,0,0,0,0,0,0,0,0,0,0,0,0,0,0,0,0,0,0,0,0,0,0,0,0,0,0,0,0,0,0,0,0,0,0,0,0,0,0,0,0,0,0,0,0,0,11.58,11.58,11.58,11.58,11.58,11.58,11.58,11.58,11.58,11.58,11.58,11.58,11.58,11.58,11.58,11.58,11.58,11.58,11.58,11.58,11.58,11.58,11.58,11.58,0,0,0,0,0,0,0,0,0,0,0,0,0,0,0,0,0,0,13.00,13.00,13.00,13.00,13.00,13.00,13.00,13.00,13.00,13.00,0,0,0,0,0,0,0,0,0,0,0,0,0,0,0,0,0,0,0,0],
[0,0,0,0,0,0,0,0,0,0,0,0,0,0,0,0,0,0,0,0,0,0,0,0,0,0,0,0,0,0,0,0,0,0,0,0,0,0,0,0,0,0,0,0,0,0,0,0,0,0,0,0,0,0,0,0,0,11.58,11.58,11.58,11.58,11.58,11.58,11.58,11.58,11.58,11.58,11.58,11.58,11.58,11.58,11.58,11.58,11.58,11.58,11.58,11.58,11.58,11.58,11.58,11.58,11.58,11.58,0,0,0,0,0,0,0,0,0,0,0,0,0,0,0,0,0,13.00,13.00,13.00,13.00,13.00,13.00,13.00,13.00,13.00,13.00,0,0,0,0,0,0,0,0,0,0,0,0,0,0,0,0,0,0,0,0],
[0,0,0,0,0,0,0,0,0,0,0,0,0,0,0,0,0,0,0,0,0,0,0,0,0,0,0,0,0,0,0,0,0,0,0,0,0,0,0,0,0,0,0,0,0,11.58,11.58,11.58,0,0,0,0,0,0,0,11.58,11.58,11.58,11.58,11.58,11.58,11.58,11.58,11.58,11.58,11.58,11.58,11.58,11.58,11.58,11.58,11.58,11.58,11.58,11.58,11.58,11.58,11.58,11.58,11.58,11.58,11.58,11.58,11.58,11.58,11.58,11.58,0,0,0,0,0,0,0,0,0,0,0,0,0,12.97,13.00,13.00,13.00,13.00,13.00,13.00,13.00,13.00,13.00,0,0,0,0,0,0,0,0,0,0,0,0,0,0,0,0,0,0,0,0],
[0,0,0,0,0,0,0,0,0,0,0,0,0,0,0,0,0,0,0,0,0,0,0,0,0,0,0,0,0,0,0,0,0,0,0,0,0,0,0,0,0,0,0,0,0,11.58,11.58,11.58,11.58,11.58,11.58,11.58,0,11.58,11.58,11.58,11.58,11.58,11.58,11.58,11.58,11.58,11.58,11.58,11.58,11.58,11.58,11.58,11.58,11.58,11.58,11.58,11.58,11.58,11.58,11.58,11.58,11.58,11.58,11.58,11.58,11.58,11.58,11.58,11.58,11.58,11.58,0,0,0,0,0,11.58,11.58,11.58,0,0,0,0,12.88,12.97,13.03,13.00,13.00,13.00,13.00,13.00,13.00,13.00,0,0,0,0,0,0,0,0,0,0,0,0,0,0,0,0,0,0,0,0,0],
[0,0,0,0,0,0,0,0,0,0,0,0,0,0,0,0,0,0,0,0,0,0,0,0,0,0,0,0,0,0,0,0,0,0,0,0,0,0,0,11.58,11.58,0,0,11.58,11.58,11.58,11.58,11.58,11.58,11.58,11.58,11.58,11.58,11.58,11.58,11.58,11.58,11.58,11.58,11.58,11.58,11.58,11.58,11.58,11.58,11.58,11.58,11.58,11.58,11.58,11.58,11.58,11.58,11.58,11.58,11.58,11.58,11.58,11.58,11.58,11.58,11.58,11.58,11.58,11.58,11.58,11.58,11.58,11.58,0,0,0,11.58,11.58,11.58,0,0,0,12.39,12.62,12.85,13.08,13.03,13.00,13.00,13.00,13.00,13.00,0,0,0,0,0,0,0,0,0,0,0,0,0,0,0,0,0,0,0,0,0,0],
[0,0,0,0,0,0,0,0,0,0,0,0,0,0,0,0,0,0,0,0,0,0,0,0,0,0,0,0,0,0,0,0,0,0,0,0,0,0,0,11.58,11.58,11.58,11.58,11.58,11.58,11.58,11.58,11.58,11.58,11.58,11.58,11.58,11.58,11.58,11.58,11.58,11.58,11.58,11.58,11.58,11.58,11.58,11.58,11.58,11.58,11.58,11.58,11.58,11.58,11.58,11.58,11.58,11.58,11.58,11.58,11.58,11.58,11.58,11.58,11.58,11.58,11.58,11.58,11.58,11.58,11.58,11.58,11.58,11.58,11.58,0,0,11.58,11.58,11.58,11.58,0,11.90,12.13,12.36,12.60,12.84,12.94,12.96,13.00,13.00,13.00,0,0,0,0,0,0,0,0,0,0,0,0,0,0,0,0,0,0,0,0,0,0,0],
[0,0,0,0,0,0,0,0,0,0,0,0,0,0,0,0,0,0,0,0,0,0,0,0,0,0,0,0,0,0,0,0,0,0,0,0,0,0,11.58,11.58,11.58,11.58,11.58,11.58,11.58,11.58,11.58,11.58,11.58,11.58,11.58,11.58,11.58,11.58,11.58,11.58,11.58,11.58,11.58,11.58,11.58,11.58,11.58,11.58,11.58,11.58,11.58,11.58,11.58,11.58,11.58,11.58,11.58,11.58,11.58,11.58,11.58,11.58,11.58,11.58,11.58,11.58,11.58,11.58,11.58,11.58,11.58,11.58,11.58,11.58,11.58,11.58,11.58,11.58,11.58,11.58,11.58,11.66,11.88,12.11,12.35,12.59,12.82,0,0,0,0,0,0,0,0,0,0,0,0,0,0,0,0,0,0,0,0,0,0,0,0,0,0,0],
[0,0,0,0,0,0,0,0,0,0,0,0,0,0,0,0,0,0,0,0,0,0,0,0,0,0,0,0,0,0,0,0,0,0,0,0,0,0,11.58,11.58,11.58,11.58,11.58,11.58,11.58,11.58,11.58,11.58,11.58,11.58,11.58,11.58,11.58,11.58,11.58,11.58,11.58,11.58,11.58,11.58,11.58,11.58,11.58,11.58,11.58,11.58,11.58,11.58,11.58,11.58,11.58,11.58,11.58,11.58,11.58,11.58,11.58,11.58,11.58,11.58,11.58,11.58,11.58,11.58,11.58,11.58,11.58,11.58,11.58,11.58,11.58,11.58,11.58,11.58,11.58,11.58,11.58,11.58,11.65,11.86,12.10,12.32,0,0,0,0,0,0,0,0,0,0,0,0,0,0,0,0,0,0,0,0,0,0,0,0,0,0,0,0],
[0,0,0,0,0,0,0,0,0,0,0,0,0,0,0,0,0,0,0,0,0,0,0,0,0,0,0,0,0,0,0,0,0,0,0,0,0,0,11.58,11.58,11.58,11.58,11.58,11.58,11.58,11.58,11.58,11.58,11.58,11.58,11.58,11.58,11.58,11.58,11.58,11.58,11.58,11.58,11.58,11.58,11.58,11.58,11.58,11.58,11.58,11.58,11.58,11.58,11.58,11.58,11.58,11.58,11.58,11.58,11.58,11.58,11.58,11.58,11.58,11.58,11.58,11.58,11.58,11.58,11.58,11.58,11.58,11.58,11.58,11.56,11.57,11.57,11.58,11.58,11.58,11.58,11.58,11.58,11.58,11.65,11.83,0,0,0,0,0,0,0,0,0,0,0,0,0,0,0,0,0,0,0,0,0,0,0,0,0,0,0,0,0],
[0,0,0,0,0,0,0,0,0,0,0,0,0,0,0,0,0,0,0,0,0,0,0,0,0,0,0,0,0,0,0,0,0,0,0,0,0,0,0,11.58,11.58,11.58,11.58,11.58,11.58,11.58,11.58,11.58,11.58,11.58,11.58,11.58,11.58,11.58,11.58,11.58,11.58,11.58,11.58,11.58,11.58,11.58,11.58,11.58,11.58,11.58,11.58,11.58,11.58,11.58,11.58,11.58,11.58,11.58,11.58,11.58,11.58,11.58,11.58,11.58,11.58,11.58,11.58,11.58,11.58,11.58,11.58,11.58,11.56,11.56,11.56,11.57,11.57,11.58,11.58,11.58,11.58,11.58,11.58,11.58,0,0,0,0,0,0,0,0,0,0,0,0,0,0,0,0,0,0,0,0,0,0,0,0,0,0,0,0,0,0],
[0,0,0,0,0,0,0,0,0,0,0,0,0,0,0,0,0,0,0,0,0,0,0,0,0,0,0,0,0,0,0,0,0,0,0,0,0,0,0,11.58,11.58,11.58,11.58,11.58,11.58,11.58,11.58,11.58,11.58,11.58,11.58,11.58,11.58,11.58,11.58,11.58,11.58,11.58,11.58,11.58,11.58,11.58,11.58,11.58,11.58,11.58,11.58,11.58,11.58,11.58,11.58,11.58,11.58,11.58,11.58,11.58,11.58,11.58,11.58,11.58,11.58,11.58,11.58,11.58,11.58,11.58,11.58,11.56,11.54,11.55,11.55,11.56,11.56,11.57,11.57,11.58,11.58,11.58,11.58,11.58,11.58,0,0,0,0,0,0,0,0,0,0,0,0,0,0,0,0,0,0,0,0,0,0,0,0,0,0,0,0,0],
[0,0,0,0,0,0,0,0,0,0,0,0,0,0,0,0,0,0,0,0,0,0,0,0,0,0,0,0,0,0,0,0,0,0,0,0,0,0,0,11.58,11.58,11.58,11.58,11.58,11.58,11.58,11.58,11.58,11.58,11.58,11.58,11.58,11.58,11.58,11.58,0,0,11.58,11.58,11.58,11.58,11.58,11.58,11.58,11.58,11.58,11.58,11.58,11.58,11.58,11.58,11.58,11.58,11.58,0,0,0,0,0,0,0,11.58,11.58,11.58,11.58,11.58,11.57,11.53,11.53,11.54,11.54,11.55,11.55,11.56,11.56,11.57,11.57,11.58,11.58,11.58,11.58,0,0,0,0,0,0,0,0,0,0,0,0,0,0,0,0,0,0,0,0,0,0,0,0,0,0,0,0,0],
[0,0,0,0,0,0,0,0,0,0,0,0,0,0,0,0,0,0,0,0,0,0,0,0,0,0,0,0,0,0,0,0,0,0,0,0,0,0,0,11.58,11.58,11.58,11.58,11.58,11.58,11.58,11.58,11.58,11.58,11.58,11.58,11.58,11.58,0,0,0,0,0,11.58,11.58,11.58,11.58,11.58,11.58,11.58,11.58,11.58,11.58,11.58,11.58,11.58,11.58,0,0,0,0,0,0,0,0,0,0,11.58,11.58,11.58,11.58,11.54,11.52,11.53,11.53,11.54,11.54,11.55,11.55,11.56,11.56,11.57,11.57,11.58,11.58,11.58,0,0,0,0,0,0,0,0,0,0,0,0,0,0,0,0,0,0,0,0,0,0,0,0,0,0,0,0,0],
[0,0,0,0,0,0,0,0,0,0,0,0,0,0,0,0,0,0,0,0,0,0,0,0,0,0,0,0,0,0,0,0,0,0,0,0,0,0,11.58,11.58,11.58,11.58,11.58,11.58,11.58,11.58,11.58,11.58,11.58,11.58,11.58,11.58,11.58,0,0,0,0,0,0,11.58,11.58,11.58,11.58,11.58,11.58,11.58,11.58,11.58,11.58,11.58,0,0,0,0,0,0,0,0,0,0,0,0,0,0,11.58,11.55,11.51,11.51,11.52,11.52,11.53,11.53,11.54,11.54,11.55,11.55,11.56,11.56,11.57,11.57,11.58,11.58,11.58,11.58,0,0,0,0,0,0,0,0,0,0,0,0,0,0,0,0,0,0,0,0,0,0,0,0,0,0],
[0,0,0,0,0,0,0,0,0,0,0,0,0,0,0,0,0,0,0,0,0,0,0,0,0,0,0,0,0,0,0,0,0,0,0,11.58,11.58,11.58,11.58,11.58,11.58,11.58,11.58,11.58,11.58,11.58,11.58,11.58,11.58,11.58,11.58,11.58,0,0,0,0,0,0,0,0,11.58,11.58,11.58,11.58,11.58,11.58,11.58,11.58,11.58,11.58,0,0,0,0,0,0,0,0,0,0,0,0,0,0,0,11.51,11.50,11.50,11.51,11.51,11.52,11.52,11.53,11.53,11.54,11.54,11.55,11.55,11.56,11.56,11.57,11.57,11.57,11.58,0,0,0,0,0,0,0,0,0,0,0,0,0,0,0,0,0,0,0,0,0,0,0,0,0,0],
[0,0,0,0,0,0,0,0,0,0,0,0,0,0,0,0,0,0,0,0,0,0,0,0,0,0,0,0,0,0,0,0,11.58,11.58,11.58,11.58,11.58,11.58,11.58,11.58,11.58,11.58,11.58,11.58,11.58,11.58,11.58,11.58,11.58,11.58,11.58,11.58,0,0,0,0,0,0,0,11.58,11.58,11.58,11.58,11.58,11.58,11.58,11.58,11.58,11.58,0,0,0,0,0,0,0,0,0,0,0,0,0,0,0,0,11.44,11.50,11.50,11.51,11.51,11.51,11.52,11.52,11.53,11.53,11.54,11.54,11.55,11.55,11.56,11.60,11.59,11.59,11.58,11.58,0,0,0,0,0,0,0,0,0,0,0,0,0,0,0,0,0,0,0,0,0,0,0,0,0],
[0,0,0,0,0,0,0,0,0,0,0,0,0,0,0,0,0,0,0,0,0,0,0,0,0,0,0,0,0,0,0,11.58,11.58,11.58,11.58,11.58,11.58,11.58,11.58,11.58,11.58,11.58,11.58,11.58,11.58,11.58,11.58,11.58,11.58,11.58,11.58,0,0,0,0,0,0,0,0,11.58,11.58,11.58,11.58,11.58,11.58,11.58,11.58,11.58,11.58,0,0,0,0,0,0,0,0,0,0,0,0,0,0,0,0,0,11.43,11.50,11.50,11.51,11.51,11.52,11.52,11.53,11.53,11.54,11.58,11.61,11.61,11.60,11.60,11.59,11.59,11.58,11.58,0,0,0,0,0,0,0,0,0,0,0,0,0,0,0,0,0,0,0,0,0,0,0,0,0],
[0,0,0,0,0,0,0,0,0,0,0,0,0,0,0,0,0,0,0,0,0,0,0,0,0,0,0,0,0,0,11.58,11.58,11.58,11.58,11.58,11.58,11.58,11.58,11.58,11.58,11.58,11.58,11.58,11.58,11.58,11.58,11.58,11.58,11.58,11.58,11.58,0,0,0,0,0,0,0,0,11.58,11.58,11.58,11.58,11.58,11.58,11.58,11.58,11.58,11.58,0,0,0,0,0,0,0,0,0,0,0,0,0,0,0,0,0,11.45,11.47,11.50,11.50,11.51,11.51,11.55,11.59,11.63,11.63,11.62,11.62,11.61,11.61,11.60,11.60,11.59,11.58,11.58,0,0,0,0,0,0,0,0,0,0,0,0,0,0,0,0,0,0,0,0,0,0,0,0,0],
[0,0,0,0,0,0,0,0,0,0,0,0,0,0,0,0,0,0,0,0,0,0,0,0,0,0,0,0,0,0,11.58,11.58,11.58,11.58,11.58,11.58,11.58,11.58,11.58,11.58,11.58,11.58,11.58,11.58,11.58,11.58,11.58,11.58,11.58,11.58,11.58,0,0,0,0,0,0,0,11.58,11.58,11.58,11.58,11.58,11.58,11.58,11.58,11.58,11.58,11.58,0,0,0,0,0,0,0,0,0,0,0,0,0,0,0,0,0,0,11.49,11.53,11.57,11.61,11.65,11.65,11.64,11.63,11.63,11.62,11.62,11.61,11.61,11.60,11.60,11.59,11.59,11.58,0,0,0,0,0,0,0,0,0,0,0,0,0,0,0,0,0,0,0,0,0,0,0,0,0],
[0,0,0,0,0,0,0,0,0,0,0,0,0,0,0,0,0,0,0,0,0,0,0,0,0,0,0,0,0,11.58,11.58,11.58,11.58,11.58,11.58,11.58,11.58,11.58,11.58,11.58,11.58,11.58,11.58,11.58,11.58,11.58,11.58,11.58,11.58,11.58,11.58,11.58,0,0,0,0,0,11.58,11.58,11.58,11.58,11.58,11.58,11.58,11.58,11.58,11.58,11.58,11.58,0,0,0,0,0,0,0,0,0,0,0,0,0,0,0,0,0,0,11.50,11.52,11.65,11.66,11.65,11.65,11.64,11.63,11.63,11.62,11.62,11.61,11.61,11.60,11.60,11.59,11.59,11.58,11.58,0,11.58,11.58,11.58,11.58,11.58,0,0,0,0,0,0,0,0,0,0,0,0,0,0,0,0,0,0],
[0,0,0,0,0,0,0,0,0,0,0,0,0,0,0,0,0,0,0,0,0,0,0,0,0,0,0,11.58,11.58,11.58,11.58,11.58,11.58,11.58,11.58,11.58,11.58,11.58,11.58,11.58,11.58,11.58,11.58,11.58,11.58,11.58,11.58,11.58,11.58,11.58,11.58,11.58,11.58,0,0,0,11.58,11.58,11.58,11.58,11.58,11.58,11.58,11.58,11.58,11.58,11.58,11.58,11.58,11.58,11.58,11.58,0,0,0,0,0,0,0,0,0,0,0,0,0,0,0,0,11.51,11.62,11.64,11.65,11.64,11.64,11.63,11.63,11.62,11.62,11.61,11.61,11.60,11.60,11.59,11.58,11.58,11.58,11.58,11.58,11.58,11.58,11.58,11.58,0,0,0,0,0,0,0,0,0,0,0,0,0,0,0,0,0,0],
[0,0,0,0,0,0,0,0,0,0,0,0,0,0,0,0,0,0,0,0,0,0,0,0,0,0,11.58,11.58,11.58,11.58,11.58,11.58,11.58,11.58,11.58,11.58,11.58,11.58,11.58,11.58,11.58,11.58,11.58,11.58,11.58,11.58,11.58,11.58,11.58,11.58,11.58,11.58,11.58,11.58,11.58,11.58,11.58,11.58,11.58,11.58,11.58,11.58,11.58,11.58,11.58,11.58,11.58,11.58,11.58,11.58,11.58,11.58,11.58,0,0,0,0,0,0,0,0,0,0,0,0,0,0,0,11.50,11.59,11.61,11.63,11.64,11.64,11.63,11.63,11.62,11.62,11.61,11.60,11.60,11.59,11.59,11.58,11.58,11.58,11.58,11.58,11.58,11.58,11.58,11.58,0,0,0,0,0,0,0,0,0,0,0,0,0,0,0,0,0,0],
[0,0,0,0,0,0,0,0,0,0,0,0,0,0,0,0,0,0,0,0,0,0,0,0,0,11.58,11.58,11.58,11.58,11.58,11.58,11.58,11.58,11.58,11.58,11.58,11.58,11.58,11.58,11.58,11.58,11.58,11.58,11.58,11.58,11.58,11.58,11.58,11.58,11.58,11.58,11.58,11.58,11.58,11.58,11.58,11.58,11.58,11.58,11.58,11.58,11.58,11.58,11.58,11.58,11.58,11.58,11.58,11.58,11.58,11.58,11.58,11.58,11.58,11.58,11.58,0,0,0,0,0,0,0,0,0,0,0,0,11.50,11.55,11.57,11.59,11.61,11.63,11.63,11.62,11.62,11.61,11.61,11.60,11.60,11.59,11.59,11.58,11.58,11.58,11.58,11.58,11.58,11.58,11.58,11.58,0,0,0,0,0,0,0,0,0,0,0,0,0,0,0,0,0,0],
[0,0,0,0,0,0,0,0,0,0,0,0,0,0,0,0,0,0,0,0,0,0,0,0,0,11.58,11.58,11.58,11.58,11.58,11.58,11.58,11.58,11.58,11.58,11.58,11.58,11.58,11.58,11.58,11.58,11.58,11.58,11.58,11.58,11.58,11.58,11.58,11.58,11.58,11.58,11.58,11.58,11.58,11.58,11.58,11.58,11.58,11.58,11.58,11.58,11.58,11.58,11.58,11.58,11.58,11.58,11.58,11.58,11.58,11.58,11.58,11.58,11.58,11.58,11.58,0,0,0,0,0,0,0,0,0,0,0,0,11.50,11.52,11.54,11.56,11.58,11.60,11.62,11.62,11.62,11.61,11.61,11.60,11.60,11.59,11.58,11.58,11.58,11.58,11.58,11.58,11.58,11.58,11.58,11.58,0,0,0,0,0,0,0,0,0,0,0,0,0,0,0,0,0,0],
[0,0,0,0,0,0,0,0,0,0,0,0,0,0,0,0,0,0,0,0,0,0,0,0,0,11.58,11.58,11.58,11.58,11.58,11.58,11.58,11.58,11.58,11.58,11.58,11.58,11.58,11.58,11.58,11.58,11.58,11.58,11.58,11.58,11.58,11.58,11.58,11.58,11.58,11.58,11.58,11.58,11.58,11.58,11.58,11.58,11.58,11.58,11.58,11.58,11.58,11.58,11.58,11.58,11.58,11.58,11.58,11.58,11.58,11.58,11.58,11.58,11.58,11.58,11.58,0,0,0,0,0,0,0,0,0,0,0,0,11.51,11.50,11.51,11.53,11.55,11.57,11.59,11.61,11.62,11.61,11.60,11.60,11.59,11.59,11.58,11.58,11.58,11.58,11.58,11.58,11.58,11.58,11.58,11.58,0,0,0,0,0,0,0,0,0,0,0,0,0,0,0,0,0,0],
[0,0,0,0,0,0,0,0,0,0,0,0,0,0,0,0,0,0,0,0,0,0,0,0,0,11.58,11.58,11.58,11.58,11.58,11.58,11.58,11.58,11.58,11.58,11.58,11.58,11.58,11.58,11.58,11.58,11.58,11.58,11.58,11.58,11.58,11.58,11.58,11.58,11.58,11.58,11.58,11.58,11.58,11.58,11.58,11.58,11.58,11.58,11.58,11.58,11.58,11.58,11.58,11.58,11.58,11.58,11.58,11.58,11.58,11.58,11.58,11.58,11.58,11.58,11.58,0,0,0,0,0,0,0,0,0,0,0,11.53,11.52,11.52,11.52,11.52,11.52,11.53,11.55,11.57,11.59,11.61,11.60,11.60,11.59,11.59,11.58,11.58,11.58,11.58,0,0,0,0,0,0,0,0,0,0,0,0,0,0,0,0,0,0,0,0,0,0,0,0],
[0,0,0,0,0,0,0,0,0,0,0,0,0,0,0,0,0,0,0,0,0,0,0,0,0,11.58,11.58,11.58,11.58,11.58,11.58,11.58,11.58,11.58,11.58,11.58,11.58,11.58,11.58,11.58,11.58,11.58,11.58,11.58,11.58,11.58,11.58,11.58,11.58,11.58,11.58,11.58,11.58,11.58,11.58,11.58,11.58,11.58,11.58,11.58,11.58,11.58,11.58,11.58,11.58,11.58,11.58,11.58,11.58,11.58,11.58,11.58,11.58,11.58,11.58,11.58,0,0,0,0,0,0,0,0,0,0,0,11.55,11.54,11.53,11.53,11.53,11.53,11.53,11.54,11.54,11.56,11.58,11.60,11.60,11.59,11.58,11.58,11.58,11.58,0,0,0,0,0,0,0,0,0,0,0,0,0,0,0,0,0,0,0,0,0,0,0,0,0],
[0,0,0,0,0,0,0,0,0,0,0,0,0,0,0,0,0,0,0,0,0,0,0,0,0,11.58,11.58,11.58,11.58,11.58,11.58,11.58,11.58,11.58,11.58,11.58,11.58,11.58,11.58,11.58,11.58,11.58,11.58,11.58,11.58,11.58,11.58,11.58,11.58,11.58,11.58,11.58,11.58,11.58,11.58,11.58,11.58,11.58,11.58,11.58,11.58,11.58,11.58,11.58,11.58,11.58,11.58,11.58,11.58,11.58,11.58,11.58,11.58,11.58,0,0,0,0,0,0,0,0,0,0,0,0,0,11.56,11.55,11.54,11.54,11.54,11.54,11.55,11.55,11.55,11.55,11.55,11.57,11.59,11.59,11.58,11.58,11.58,0,0,0,0,0,0,0,0,0,0,0,0,0,0,0,0,0,0,0,0,0,0,0,0,0,0],
[0,0,0,0,0,0,0,0,0,0,0,0,0,0,0,0,0,0,0,0,0,0,0,0,0,11.58,11.58,11.58,11.58,11.58,11.58,11.58,11.58,11.58,11.58,11.58,11.58,11.58,11.58,11.58,11.58,11.58,11.58,11.58,11.58,11.58,11.58,11.58,11.58,11.58,11.58,11.58,11.58,11.58,11.58,11.58,11.58,11.58,11.58,11.58,11.58,11.58,11.58,11.58,11.58,11.58,11.58,11.58,11.58,11.58,11.58,11.58,11.58,0,0,0,0,0,0,0,0,0,0,0,0,0,11.58,11.58,11.56,11.55,11.55,11.55,11.55,11.56,11.56,11.56,11.56,11.56,11.57,11.57,11.57,11.58,11.58,0,0,0,0,0,0,0,0,0,0,0,0,0,0,0,0,0,0,0,0,0,0,0,0,0,0,0],
[0,0,0,0,0,0,0,0,0,0,0,0,0,0,0,0,0,0,0,0,0,0,0,0,0,0,11.58,11.58,11.58,11.58,11.58,11.58,11.58,11.58,11.58,11.58,11.58,11.58,11.58,11.58,11.58,11.58,0,0,0,11.58,11.58,11.58,11.58,11.58,11.58,11.58,11.58,11.58,11.58,11.58,11.58,11.58,11.58,11.58,11.58,11.58,11.58,11.58,11.58,11.58,11.58,11.58,11.58,11.58,11.58,11.58,11.58,0,0,0,0,0,0,0,0,0,0,0,0,0,0,11.58,11.58,11.56,11.56,11.56,11.57,11.57,11.57,11.57,11.57,11.58,11.58,11.58,11.58,11.58,11.58,0,0,0,0,0,0,0,0,0,0,0,0,0,0,0,0,0,0,0,0,0,0,0,0,0,0,0],
[0,0,0,0,0,0,0,0,0,0,0,0,0,0,0,0,0,0,0,0,0,0,0,0,0,0,11.58,11.58,11.58,11.58,11.58,11.58,11.58,11.58,11.58,11.58,11.58,11.58,11.58,11.58,11.58,0,0,0,0,0,0,0,11.58,11.58,11.58,11.58,11.58,11.58,11.58,11.58,11.58,11.58,11.58,11.58,11.58,11.58,11.58,11.58,11.58,11.58,11.58,11.58,11.58,11.58,11.58,11.58,11.58,0,0,0,0,0,0,0,0,0,0,0,0,0,0,0,11.58,11.57,11.57,11.57,11.58,11.58,11.58,11.58,11.58,11.58,11.58,11.58,11.58,11.58,11.58,0,0,0,0,0,0,0,0,0,0,0,0,0,0,0,0,0,0,0,0,0,0,0,0,0,0,0],
[0,0,0,0,0,0,0,0,0,0,0,0,0,0,0,0,0,0,0,0,0,0,0,0,0,0,11.58,11.58,11.58,11.58,11.58,11.58,11.58,11.58,11.58,11.58,11.58,11.58,11.58,11.58,0,0,0,0,0,0,0,0,0,11.58,11.58,11.58,11.58,11.58,11.58,11.58,11.58,11.58,11.58,11.58,11.58,11.58,11.58,11.58,11.58,11.58,11.58,11.58,11.58,11.58,11.58,11.58,0,0,0,0,0,0,0,0,0,0,0,0,0,0,0,0,0,11.58,11.58,11.58,11.58,11.58,11.58,11.58,11.58,11.58,11.58,11.58,11.58,11.58,11.58,0,0,0,0,0,0,0,0,0,0,0,0,0,0,0,0,0,0,0,0,0,0,0,0,0,0,0],
[0,0,0,0,0,0,0,0,0,0,0,0,0,0,0,0,0,0,0,0,0,0,0,0,0,0,11.58,11.58,11.58,11.58,11.58,11.58,11.58,11.58,11.58,11.58,11.58,11.58,0,0,0,0,0,0,0,0,0,0,0,0,11.58,11.58,11.58,11.58,11.58,11.58,11.58,11.58,11.58,11.58,11.58,11.58,11.58,11.58,11.58,11.58,11.58,11.58,11.58,11.58,11.58,0,0,0,0,0,0,0,0,0,0,0,0,0,0,0,0,0,0,11.58,11.58,11.58,11.58,11.58,11.58,11.58,11.58,11.58,11.58,11.58,11.58,11.58,11.58,0,0,0,0,0,0,0,0,0,0,0,0,0,0,0,0,0,0,0,0,0,0,0,0,0,0,0],
[0,0,0,0,0,0,0,0,0,0,0,0,0,0,0,0,0,0,0,0,0,0,0,0,0,0,0,0,11.58,11.58,11.58,11.58,11.58,11.58,11.58,11.58,11.58,0,0,0,0,0,0,0,0,0,0,0,0,0,11.58,11.58,11.58,11.58,11.58,11.58,11.58,11.58,11.58,11.58,11.58,11.58,11.58,11.58,11.58,11.58,11.58,11.58,11.58,0,0,0,0,0,0,0,0,0,0,0,0,0,0,0,0,0,0,0,0,11.58,11.58,11.58,11.58,11.58,11.58,11.58,11.58,11.58,11.58,11.58,11.58,11.58,0,0,0,0,0,0,0,0,0,0,0,0,0,0,0,0,0,0,0,0,0,0,0,0,0,0,0,0],
[0,0,0,0,0,0,0,0,0,0,0,0,0,0,0,0,0,0,0,0,0,0,0,0,0,0,0,0,0,0,0,11.58,11.58,11.58,11.58,11.58,11.58,0,0,0,0,0,0,0,0,0,0,0,0,0,11.58,11.58,11.58,11.58,11.58,11.58,11.58,11.58,11.58,11.58,11.58,11.58,11.58,11.58,11.58,11.58,11.58,0,0,0,0,0,0,0,0,0,0,0,0,0,0,0,0,0,0,0,0,0,11.58,11.58,11.58,11.58,11.58,11.58,11.58,11.58,11.58,11.58,11.58,11.58,11.58,11.58,11.58,0,0,0,0,0,0,0,0,0,0,0,0,0,0,0,0,0,0,0,0,0,0,0,0,0,0,0],
[0,0,0,0,0,0,0,0,0,0,0,0,0,0,0,0,0,0,0,0,0,0,0,0,0,0,0,0,0,0,0,0,0,0,0,0,0,0,0,0,0,0,0,0,0,0,0,0,0,0,11.58,11.58,11.58,11.58,11.58,11.58,11.58,11.58,11.58,11.58,11.58,11.58,11.58,11.58,11.58,11.58,0,0,0,0,0,0,0,0,0,0,0,0,0,0,0,0,0,0,0,0,0,11.58,11.58,11.58,11.58,11.58,11.58,11.58,11.58,11.58,11.58,11.58,11.58,11.58,11.58,11.58,11.58,11.58,11.58,0,0,0,0,0,0,0,0,0,0,0,0,0,0,0,0,0,0,0,0,0,0,0,0,0],
[0,0,0,0,0,0,0,0,0,0,0,0,0,0,0,0,0,0,0,0,0,0,0,0,0,0,0,0,0,0,0,0,0,0,0,0,0,0,0,0,0,0,0,0,0,0,0,0,0,0,11.58,11.58,11.58,11.58,11.58,11.58,11.58,11.58,11.58,11.58,11.58,11.58,11.58,11.58,11.58,11.58,0,0,0,0,0,0,0,0,0,0,0,0,0,0,0,0,0,0,0,0,11.58,11.58,11.58,11.58,11.58,11.58,11.58,11.58,11.58,11.58,11.58,11.58,11.58,11.58,11.58,11.58,11.58,11.58,11.58,11.58,0,0,0,0,0,0,0,0,0,0,0,0,0,0,0,0,0,0,0,0,0,0,0,0],
[0,0,0,0,0,0,0,0,0,0,0,0,0,0,0,0,0,0,0,0,0,0,0,0,0,0,0,0,0,0,0,0,0,0,0,0,0,0,0,0,0,0,0,0,0,0,0,0,0,11.58,11.58,11.58,11.58,11.58,11.58,11.58,11.58,11.58,11.58,11.58,11.58,11.58,11.58,11.58,11.58,11.58,0,0,0,0,0,0,0,0,0,0,0,11.58,11.58,11.58,11.58,11.58,11.58,11.58,11.58,11.58,11.58,11.58,11.58,11.58,11.58,11.58,11.58,11.58,11.58,11.58,11.58,11.58,11.58,11.58,11.58,11.58,11.58,11.58,11.58,11.58,0,0,0,0,0,0,0,0,0,0,0,0,0,0,0,0,0,0,0,0,0,0,0,0],
[0,0,0,0,0,0,0,0,0,0,0,0,0,0,0,0,0,0,0,0,0,0,0,0,0,0,0,0,0,0,0,0,0,0,0,0,0,0,0,0,0,0,0,0,0,0,0,0,11.58,11.58,11.58,11.58,11.58,11.58,11.58,11.58,11.58,11.58,11.58,11.58,11.58,11.58,11.58,11.58,11.58,11.58,0,0,0,0,0,0,0,0,0,0,11.58,11.58,11.58,11.58,11.58,11.58,11.58,11.58,11.58,11.58,11.58,11.58,11.58,11.58,11.58,11.58,11.58,11.58,11.58,11.58,11.58,11.58,11.58,11.58,11.58,11.58,11.58,11.58,0,0,0,0,0,0,0,0,0,0,0,0,0,0,0,0,0,0,0,0,0,0,0,0,0,0],
[0,0,0,0,0,0,0,0,0,0,0,0,0,0,0,0,0,0,0,0,0,0,0,0,0,0,0,0,0,0,0,0,0,0,0,0,0,0,0,0,0,0,0,0,0,0,0,0,11.58,11.58,11.58,11.58,11.58,11.58,11.58,11.58,11.58,11.58,11.58,11.58,11.58,11.58,11.58,11.58,11.58,11.58,11.58,11.58,0,0,0,0,0,0,0,11.58,11.58,11.58,11.58,11.58,11.58,11.58,11.58,11.58,11.58,11.58,11.58,11.58,11.58,11.58,11.58,11.58,11.58,11.58,11.58,11.58,11.58,11.58,11.58,11.58,11.58,11.58,11.58,0,0,0,0,0,0,0,0,0,0,0,0,0,0,0,0,0,0,0,0,0,0,0,0,0,0,0],
[0,0,0,0,0,0,0,0,0,0,0,0,0,0,0,0,0,0,0,0,0,0,0,0,0,0,0,0,0,0,0,0,0,0,0,0,0,0,0,0,0,0,0,0,0,0,0,0,11.58,11.58,11.58,11.58,11.58,11.58,11.58,11.58,11.58,11.58,11.58,11.58,11.58,11.58,11.58,11.58,11.58,11.58,11.58,11.58,11.58,11.58,0,0,0,0,11.58,11.58,11.58,11.58,11.58,11.58,11.58,11.58,11.58,11.58,11.58,11.58,11.58,11.58,11.58,11.58,11.58,11.58,11.58,11.58,11.58,11.58,11.58,11.58,11.58,11.58,11.58,11.58,11.58,0,0,0,0,0,0,0,0,0,0,0,0,0,0,0,0,0,0,0,0,0,0,0,0,0,0,0],
[0,0,0,0,0,0,0,0,0,0,0,0,0,0,0,0,0,0,0,0,0,0,0,0,0,0,0,0,0,0,0,0,0,0,0,0,0,0,0,0,0,0,0,0,0,0,0,11.58,11.58,11.58,11.58,11.58,11.58,11.58,11.58,11.58,11.58,11.58,11.58,11.58,11.58,11.58,11.58,11.58,11.58,11.58,11.58,11.58,11.58,11.58,11.58,0,0,0,11.58,11.58,11.58,11.58,11.58,11.58,11.58,11.58,11.58,11.58,11.58,11.58,11.58,11.58,11.58,11.58,11.58,11.58,11.58,11.58,11.58,11.58,11.58,11.58,11.58,11.58,11.58,11.58,11.58,0,0,0,0,0,0,0,0,0,0,0,0,0,0,0,0,0,0,0,0,0,0,0,0,0,0,0],
[0,0,0,0,0,0,0,0,0,0,0,0,0,0,0,0,0,0,0,0,0,0,0,0,0,0,0,0,0,0,0,0,0,0,0,0,0,0,0,0,0,0,0,0,0,0,0,11.58,11.58,11.58,11.58,11.58,11.58,11.58,11.58,11.58,11.58,11.58,11.58,11.58,11.58,11.58,11.58,11.58,11.58,11.58,11.58,11.58,11.58,11.58,11.58,11.58,11.58,11.58,11.58,11.58,11.58,11.58,11.58,11.58,11.58,11.58,11.58,11.58,11.58,11.58,11.58,11.58,11.58,11.58,0,0,0,11.58,11.58,11.58,11.58,0,0,11.58,11.58,11.58,11.58,11.58,0,0,0,0,0,0,0,0,0,0,0,0,0,0,0,0,0,0,0,0,0,0,0,0,0,0],
[0,0,0,0,0,0,0,0,0,0,0,0,0,0,0,0,0,0,0,0,0,0,0,0,0,0,0,0,0,0,0,0,0,0,0,0,0,0,0,0,0,0,0,0,0,0,0,11.58,11.58,11.58,11.58,11.58,11.58,11.58,11.58,11.58,11.58,11.58,11.58,11.58,11.58,11.58,11.58,11.58,11.58,11.58,11.58,11.58,11.58,11.58,11.58,11.58,11.58,11.58,11.58,11.58,11.58,11.58,11.58,11.58,11.58,11.58,11.58,11.58,11.58,11.58,11.58,11.58,11.59,11.61,0,0,0,0,0,11.58,0,0,0,0,11.58,11.58,11.58,11.58,0,0,0,0,0,0,0,0,0,0,0,0,0,0,0,0,0,0,0,0,0,0,0,0,0,0],
[0,0,0,0,0,0,0,0,0,0,0,0,0,0,0,0,0,0,0,0,0,0,0,0,0,0,0,0,0,0,0,0,0,0,0,0,0,0,0,0,0,0,0,0,0,0,0,11.58,11.58,11.58,11.58,11.58,11.58,11.58,11.58,11.58,11.58,11.58,11.58,11.58,11.58,11.58,11.58,11.58,11.58,11.58,11.58,11.58,11.58,11.58,11.58,11.58,11.58,11.58,11.58,11.58,11.58,11.58,11.58,11.58,11.58,11.58,11.58,11.58,11.58,11.58,11.58,11.58,11.62,11.65,0,0,0,0,0,0,0,0,0,0,11.58,11.58,11.58,11.58,11.58,0,0,0,0,0,0,0,0,0,0,0,0,0,0,0,0,0,0,0,0,0,0,0,0,0],
[0,0,0,0,0,0,0,0,0,0,0,0,0,0,0,0,0,0,0,0,0,0,0,0,0,0,0,0,0,0,0,0,0,0,0,0,0,0,0,0,0,0,0,0,0,0,11.58,11.58,11.58,11.58,11.58,11.58,11.58,11.58,11.58,11.58,11.58,11.58,11.58,11.58,11.58,11.58,11.58,11.58,11.58,11.58,11.58,11.58,11.58,11.58,11.58,11.58,11.58,11.58,11.58,11.58,11.58,11.58,11.58,11.58,11.58,11.58,11.58,11.58,11.58,11.58,11.58,11.60,11.64,11.49,0,0,0,0,0,0,0,0,0,0,11.58,11.58,11.58,11.55,0,0,0,0,0,0,0,0,0,0,0,0,0,0,0,0,0,0,0,0,0,0,0,0,0,0],
[0,0,0,0,0,0,0,0,0,0,0,0,0,0,0,0,0,0,0,0,0,0,0,0,0,0,0,0,0,0,0,0,0,0,0,0,0,0,0,0,0,0,0,0,11.58,11.58,11.58,11.58,11.58,11.58,11.58,11.58,11.58,11.58,11.58,11.58,11.58,11.58,11.58,11.58,11.58,11.58,11.58,11.58,11.58,11.58,11.58,11.58,11.58,11.58,11.58,11.58,11.58,11.58,11.58,11.58,11.58,11.58,11.58,11.58,11.58,11.58,11.58,11.58,11.58,11.58,11.58,11.56,11.44,11.39,0,0,0,0,0,0,0,0,0,0,11.56,11.52,11.48,11.45,0,0,0,0,0,0,0,0,0,0,0,0,0,0,0,0,0,0,0,0,0,0,0,0,0,0],
[0,0,0,0,0,0,0,0,0,0,0,0,0,0,0,0,0,0,0,11.58,11.58,11.58,11.58,11.58,11.58,11.58,11.58,11.58,11.58,11.58,0,0,0,0,0,0,0,0,0,0,0,0,11.58,11.58,11.58,11.58,11.58,11.58,11.58,11.58,11.58,11.58,11.58,11.58,11.58,11.58,11.58,11.58,11.58,11.58,11.58,11.58,11.58,11.58,11.58,11.58,11.58,11.58,11.58,11.58,11.58,11.58,11.58,11.58,11.58,11.58,11.58,11.58,11.58,11.58,11.58,11.58,11.58,11.58,11.58,11.58,11.52,11.43,11.34,11.35,0,0,0,0,0,0,0,0,0,0,0,11.50,11.45,11.41,0,0,0,0,0,0,0,0,0,0,0,0,0,0,0,0,0,0,0,0,0,0,0,0,0,0],
[0,0,0,0,0,0,0,0,0,0,0,0,0,0,0,0,0,0,11.58,11.58,11.58,11.58,11.58,11.58,11.58,11.58,11.58,11.58,11.58,11.58,11.58,11.58,11.58,0,0,0,0,0,0,0,0,11.58,11.58,11.58,11.58,11.58,11.58,11.58,11.58,11.58,11.58,11.58,11.58,11.58,11.58,11.58,11.58,11.58,11.58,11.58,11.58,11.58,11.58,11.58,11.58,11.58,11.58,11.58,11.58,11.58,11.58,11.58,11.58,11.58,11.58,11.58,11.58,11.58,11.58,11.58,11.58,11.58,11.58,11.58,11.58,11.58,11.51,11.42,11.33,0,0,0,0,0,0,0,0,0,0,0,0,0,0,0,0,0,0,0,0,0,0,0,0,0,0,0,0,0,0,0,0,0,0,0,0,0,0,0,0,0],
[0,0,0,0,0,0,0,0,0,0,0,0,0,0,0,0,0,0,11.58,11.58,11.58,11.58,11.58,11.58,11.58,11.58,11.58,11.58,11.58,11.58,11.58,11.58,11.58,0,0,11.58,11.58,11.58,11.58,11.58,11.58,11.58,11.58,11.58,11.58,11.58,11.58,11.58,11.58,11.58,11.58,11.58,11.58,11.58,11.58,11.58,11.58,11.58,11.58,11.58,11.58,11.58,11.58,11.58,11.58,11.58,11.58,11.58,11.58,11.58,11.58,11.58,11.58,11.58,11.58,11.58,11.58,11.58,11.58,11.58,11.58,11.58,11.58,11.58,0,0,0,0,0,0,0,0,0,0,0,0,0,0,0,0,0,0,0,0,0,0,0,0,0,0,0,0,0,0,0,0,0,0,0,0,0,0,0,0,0,0,0,0,0,0],
[0,0,0,0,0,0,0,0,0,0,0,0,0,0,0,0,0,11.58,11.58,11.58,11.58,11.58,11.58,11.58,11.58,11.58,11.58,11.58,11.58,11.58,11.58,11.58,11.58,11.58,11.58,11.58,11.58,11.58,11.58,11.58,11.58,11.58,11.58,11.58,11.58,11.58,11.58,11.58,11.58,11.58,11.58,11.58,11.58,11.58,11.58,11.58,11.58,11.58,11.58,11.58,11.58,11.58,11.58,11.58,11.58,11.58,11.58,11.58,11.58,11.58,11.58,11.58,11.58,11.58,11.58,11.58,11.58,11.58,11.58,11.58,11.58,11.58,11.58,0,0,0,0,0,0,0,0,0,0,0,0,0,0,0,0,0,0,0,0,0,0,0,0,0,0,0,0,0,0,0,0,0,0,0,0,0,0,0,0,0,0,0,0,0,0,0],
[0,0,0,0,0,0,0,0,0,0,0,0,0,0,0,0,11.58,11.58,11.58,11.58,11.58,11.58,11.58,11.58,11.58,11.58,11.58,11.58,11.58,11.58,11.58,11.58,11.58,11.58,11.58,11.58,11.58,11.58,11.58,11.58,11.58,11.58,11.58,11.58,11.58,11.58,11.58,11.58,11.58,11.58,11.58,11.58,11.58,11.58,11.58,11.58,11.58,11.58,11.58,11.58,11.58,11.58,11.58,11.58,11.58,11.58,11.58,11.58,11.58,11.58,11.58,11.58,11.58,11.58,11.58,11.58,11.58,11.58,11.58,11.58,11.58,11.58,11.58,0,0,0,0,0,0,0,0,0,0,0,0,0,0,0,0,0,0,0,0,0,0,0,0,0,0,0,0,0,0,0,0,0,0,0,0,0,0,0,0,0,0,0,0,0,0,0],
[0,0,0,0,0,0,0,0,0,0,0,0,0,0,0,0,11.58,11.58,11.58,11.58,11.58,11.58,11.58,11.58,11.58,11.58,11.58,11.58,11.58,11.58,11.58,11.58,11.58,11.58,11.58,11.58,11.58,11.58,11.58,11.58,11.58,11.58,11.58,11.58,11.58,11.58,11.58,11.58,11.58,11.58,11.58,11.58,11.58,0,0,0,11.58,0,0,11.58,11.58,11.58,11.58,11.58,11.58,11.58,11.58,11.58,11.58,11.58,11.58,11.58,11.58,11.58,11.58,11.58,11.58,11.58,11.58,11.58,11.58,11.58,11.58,0,0,0,0,0,0,0,0,0,0,0,0,0,0,0,0,0,0,0,0,0,0,0,0,0,0,0,0,0,0,0,0,0,0,0,0,0,0,0,0,0,0,0,0,0,0,0],
[0,0,0,0,0,0,0,0,0,0,0,0,0,0,0,0,0,11.58,11.58,11.58,11.58,11.58,11.58,11.58,11.58,11.58,11.58,11.58,11.58,11.58,11.58,11.58,11.58,11.58,11.58,11.58,11.58,11.58,11.58,11.58,11.58,11.58,11.58,11.58,11.58,11.58,11.58,11.58,11.58,11.58,11.58,11.58,11.58,0,0,0,0,0,0,0,0,11.58,11.58,11.58,11.58,11.58,11.58,11.58,11.58,11.58,11.58,11.58,11.58,11.58,11.58,11.58,11.58,11.58,11.58,11.58,11.58,11.58,11.58,0,0,0,0,0,0,0,0,0,0,0,0,0,0,0,0,0,0,0,0,0,0,0,0,0,0,0,0,0,0,0,0,0,0,0,0,0,0,0,0,0,0,0,0,0,0,0],
[0,0,0,0,0,0,0,0,0,0,0,0,0,0,0,0,0,0,0,11.58,11.58,11.58,11.58,11.58,11.58,11.58,11.58,11.58,11.58,11.58,11.58,11.58,11.58,11.58,11.58,11.58,11.58,11.58,11.58,11.58,11.58,11.58,11.58,11.58,11.58,11.58,11.58,11.58,11.58,11.58,11.58,11.58,11.58,0,0,0,0,0,0,0,0,0,11.58,11.58,11.58,11.58,11.58,11.58,11.58,11.58,11.58,11.58,11.58,11.58,11.58,11.58,11.58,11.58,11.58,11.58,11.58,11.58,11.58,0,0,0,0,0,0,0,0,0,0,0,0,0,0,0,0,0,0,0,0,0,0,0,0,0,0,0,0,0,0,0,0,0,0,0,0,0,0,0,0,0,0,0,0,0,0,0],
[0,0,0,0,0,0,0,0,0,0,0,0,0,0,0,0,0,0,0,11.58,11.58,11.58,11.58,11.58,11.58,11.58,11.58,11.58,11.58,11.58,11.58,11.58,11.58,11.58,11.58,11.58,11.58,11.58,11.58,11.58,11.58,11.58,11.58,11.58,11.58,11.58,11.58,11.58,11.58,11.58,11.58,11.58,0,0,0,0,0,0,0,0,0,0,0,11.58,11.58,11.58,11.58,11.58,11.58,11.58,11.58,11.58,11.58,11.58,11.58,11.58,11.58,11.58,11.58,11.58,11.58,11.58,11.58,0,0,0,0,0,0,0,0,0,0,0,0,0,0,0,0,0,0,0,0,0,0,0,0,0,0,0,0,0,0,0,0,0,0,0,0,0,0,0,0,0,0,0,0,0,0,0],
[0,0,0,0,0,0,0,0,0,0,0,0,0,0,0,0,0,0,0,11.58,11.58,11.58,11.58,11.58,11.58,11.58,11.58,11.58,11.58,11.58,11.58,11.58,11.58,11.58,11.58,11.58,11.58,11.58,11.58,11.58,11.58,11.58,11.58,11.58,11.58,11.58,11.58,11.58,11.58,11.58,11.58,0,0,0,0,0,0,0,0,0,0,0,0,11.58,11.58,11.58,11.58,11.58,11.58,11.58,11.58,11.58,11.58,11.58,11.58,11.58,11.58,11.58,11.58,11.58,11.58,11.58,11.58,0,0,0,0,0,0,0,0,0,0,0,0,0,0,0,0,0,0,0,0,0,0,0,0,0,0,0,0,0,0,0,0,0,0,0,0,0,0,0,0,0,0,0,0,0,0,0],
[0,0,0,0,0,0,0,0,0,0,0,0,0,0,0,0,0,0,0,11.58,11.58,11.58,11.58,11.58,11.58,11.58,11.58,11.58,11.58,11.58,11.58,11.58,11.58,11.58,11.58,11.58,11.58,11.58,11.58,11.58,11.58,11.58,11.58,11.58,11.58,11.58,11.58,11.58,11.58,11.58,11.58,0,0,0,0,0,0,0,0,0,0,0,0,0,11.58,11.58,11.58,11.58,11.58,11.58,11.58,11.58,11.58,11.58,11.58,11.58,11.58,11.58,11.58,11.58,11.58,11.58,11.58,0,0,0,0,0,0,0,0,0,0,0,0,0,0,0,0,0,0,0,0,0,0,0,0,0,0,0,0,0,0,0,0,0,0,0,0,0,0,0,0,0,0,0,0,0,0,0],
[0,0,0,0,0,0,0,0,0,0,0,0,0,0,0,0,0,0,0,0,11.58,11.58,11.58,11.58,11.58,11.58,11.58,11.58,11.58,11.58,11.58,11.58,11.58,11.58,11.58,11.58,11.58,11.58,11.58,11.58,11.58,11.58,11.58,11.58,11.58,11.58,11.58,11.58,11.58,11.58,0,0,0,0,0,0,0,0,0,0,0,0,0,0,0,11.58,11.58,11.58,11.58,11.58,11.58,11.58,11.58,11.58,11.58,11.58,11.58,11.58,11.58,11.58,11.58,11.58,11.58,0,0,0,0,0,0,0,0,0,0,0,0,0,0,0,0,0,0,0,0,0,0,0,0,0,0,0,0,0,0,0,0,0,0,0,0,0,0,0,0,0,0,0,0,0,0,0],
[0,0,0,0,0,0,0,0,0,0,0,0,0,0,0,0,0,0,0,0,0,0,0,0,11.58,11.58,11.58,11.58,11.58,11.58,11.58,11.58,11.58,11.58,11.58,11.58,11.58,11.58,11.58,11.58,11.58,11.58,11.58,11.58,11.58,11.58,11.58,11.58,11.58,11.58,0,0,0,0,0,0,0,0,0,0,0,0,0,0,0,11.58,11.58,11.58,11.58,11.58,11.58,11.58,11.58,11.58,11.58,11.58,11.58,11.58,11.58,11.58,11.58,11.58,11.58,0,0,0,0,0,0,0,0,0,0,0,0,0,0,0,0,0,0,0,0,0,0,0,0,0,0,0,0,0,0,0,0,0,0,0,0,0,0,0,0,0,0,0,0,0,0,0],
[0,0,0,0,0,0,0,0,0,0,0,0,0,0,0,0,0,0,0,0,0,0,0,0,0,0,11.58,11.58,11.58,11.58,11.58,11.58,11.58,11.58,11.58,11.58,11.58,11.58,11.58,11.58,11.58,11.58,11.58,11.58,11.58,11.58,11.58,11.58,11.58,11.58,11.58,0,0,0,0,0,0,0,0,0,0,0,0,0,0,11.58,11.58,11.58,11.58,11.58,11.58,11.58,11.58,11.58,11.58,11.58,11.58,11.58,11.58,11.58,11.58,11.58,11.58,11.58,11.58,0,0,0,0,0,0,0,0,0,0,0,0,0,0,0,0,0,0,0,0,0,0,0,0,0,0,0,0,0,0,0,0,0,0,0,0,0,0,0,0,0,0,0,0,0],
[0,0,0,0,0,0,0,0,0,0,0,0,0,0,0,0,0,0,0,0,0,0,0,0,0,0,0,11.58,11.58,11.58,11.58,11.58,11.58,11.58,11.58,11.58,11.58,11.58,11.58,11.58,11.58,11.58,11.58,11.58,11.58,11.58,11.58,11.58,11.58,11.58,11.58,0,0,0,0,0,0,0,0,0,0,0,0,0,0,11.58,11.58,11.58,11.58,11.58,11.58,11.58,11.58,11.58,11.58,11.58,11.58,11.58,11.58,11.58,11.58,11.58,11.58,11.58,11.58,0,0,0,0,0,0,0,0,0,0,0,0,0,0,0,0,0,0,0,0,0,0,0,0,0,0,0,0,0,0,0,0,0,0,0,0,0,0,0,0,0,0,0,0,0],
[0,0,0,0,0,0,0,0,0,0,0,0,0,0,0,0,0,0,0,0,0,0,0,0,0,0,0,0,11.58,11.58,11.58,11.58,11.58,11.58,11.58,11.58,11.58,11.58,11.58,11.58,11.58,11.58,11.58,11.58,11.58,11.58,11.58,11.58,11.58,11.58,11.58,11.58,0,0,0,0,0,0,0,0,0,0,0,0,0,11.58,11.58,11.58,11.58,11.58,11.58,11.58,11.58,11.58,11.58,11.58,11.58,11.58,11.58,11.58,11.58,11.58,11.58,11.58,0,0,0,0,0,0,0,0,0,0,0,0,0,0,0,0,0,0,0,0,0,0,0,0,0,0,0,0,0,0,0,0,0,0,0,0,0,0,0,0,0,0,0,0,0,0],
[0,0,0,0,0,0,0,0,0,0,0,0,0,0,0,0,0,0,0,0,0,0,0,0,0,0,0,0,0,11.58,11.58,11.58,11.58,11.58,11.58,11.58,11.58,11.58,11.58,11.58,11.58,11.58,11.58,11.58,11.58,11.58,11.58,11.58,11.58,11.58,11.58,11.58,0,0,0,0,0,0,0,0,0,0,0,0,0,11.58,11.58,11.58,11.58,11.58,11.58,11.58,11.58,11.58,11.58,11.58,11.58,11.58,11.58,11.58,11.58,11.58,11.58,11.58,0,0,0,0,0,0,0,0,0,0,0,0,0,0,0,0,0,0,0,0,0,0,0,0,0,0,0,0,0,0,0,0,0,0,0,0,0,0,0,0,0,0,0,0,0,0],
[0,0,0,0,0,0,0,0,0,0,0,0,0,0,0,0,0,0,0,0,0,0,0,0,0,0,0,0,0,0,11.58,11.58,11.58,11.58,11.58,11.58,11.58,11.58,11.58,11.58,11.58,11.58,11.58,11.58,11.58,11.58,11.58,11.58,11.58,11.58,11.58,11.58,0,0,0,0,0,0,0,0,0,0,0,0,0,11.58,11.58,11.58,11.58,11.58,11.58,11.58,11.58,11.58,11.58,11.58,11.58,11.58,11.58,11.58,11.58,11.58,11.58,11.58,0,0,0,0,0,0,0,0,0,0,0,0,0,0,0,0,0,0,0,0,0,0,0,0,0,0,0,0,0,0,0,0,0,0,0,0,0,0,0,0,0,0,0,0,0,0],
[0,0,0,0,0,0,0,0,0,0,0,0,0,0,0,0,0,0,0,0,0,0,0,0,0,0,0,0,0,0,11.58,11.58,11.58,11.58,11.58,11.58,11.58,11.58,11.58,11.58,11.58,11.58,11.58,11.58,11.58,11.58,11.58,11.58,11.58,11.58,11.58,11.58,0,0,0,0,0,0,0,0,0,0,0,0,11.58,11.58,11.58,11.58,11.58,11.58,11.58,11.58,11.58,11.58,11.58,11.58,11.58,11.58,11.58,11.58,11.58,11.58,11.58,11.58,0,0,0,0,0,0,0,0,0,0,0,0,0,0,0,0,0,0,0,0,0,0,0,0,0,0,0,0,0,0,0,0,0,0,0,0,0,0,0,0,0,0,0,0,0,0],
[0,0,0,0,0,0,0,0,0,0,0,0,0,0,0,0,0,0,0,0,0,0,0,0,0,0,0,0,0,0,11.58,11.58,11.58,11.58,11.58,11.58,11.58,11.58,11.58,11.58,11.58,11.58,11.58,11.58,11.58,11.58,11.58,11.58,11.58,11.58,11.58,11.58,0,0,0,0,0,0,0,0,0,0,0,0,11.58,11.58,11.58,11.58,11.58,11.58,11.58,11.58,11.58,11.58,11.58,11.58,11.58,11.58,11.58,11.58,11.58,11.58,11.58,11.58,0,0,0,0,0,0,0,0,0,0,0,0,0,0,0,0,0,0,0,0,0,0,0,0,0,0,0,0,0,0,0,0,0,0,0,0,0,0,0,0,0,0,0,0,0,0],
[0,0,0,0,0,0,0,0,0,0,0,0,0,0,0,0,0,0,0,0,0,0,0,0,0,0,0,0,0,0,11.58,11.58,11.58,11.58,11.58,11.58,11.58,11.58,11.58,11.58,11.58,11.58,11.58,11.58,11.58,11.58,11.58,11.58,11.58,11.58,11.58,0,0,0,0,0,0,0,0,0,0,0,0,11.58,11.58,11.58,11.58,11.58,11.58,11.58,11.58,11.58,11.58,11.58,11.58,11.58,11.58,11.58,11.58,11.58,11.58,11.58,11.58,11.58,0,0,0,0,0,0,0,0,0,0,0,0,0,0,0,0,0,0,0,0,0,0,0,0,0,0,0,0,0,0,0,0,0,0,0,0,0,0,0,0,0,0,0,0,0,0],
[0,0,0,0,0,0,0,0,0,0,0,0,0,0,0,0,0,0,0,0,0,0,0,0,0,0,0,0,0,0,11.58,11.58,11.58,11.58,11.58,11.58,11.58,11.58,11.58,11.58,11.58,11.58,11.58,11.58,11.58,11.58,11.58,11.58,11.58,11.58,0,0,0,0,0,0,0,0,0,0,0,0,0,11.58,11.58,11.58,11.58,11.58,11.58,11.58,11.58,11.58,11.58,11.58,11.58,11.58,11.58,11.58,11.58,11.58,11.58,11.58,11.58,11.58,0,0,0,0,0,0,0,0,0,0,0,0,0,0,0,0,0,0,0,0,0,0,0,0,0,0,0,0,0,0,0,0,0,0,0,0,0,0,0,0,0,0,0,0,0,0],
[0,0,0,0,0,0,0,0,0,0,0,0,0,0,0,0,0,0,0,0,0,0,0,0,0,0,0,0,0,0,11.58,11.58,11.58,11.58,11.58,11.58,11.58,11.58,11.58,11.58,11.58,11.58,11.58,11.58,11.58,11.58,11.58,11.58,11.58,0,0,0,0,0,0,0,0,0,0,0,0,0,0,11.58,11.58,11.58,11.58,11.58,11.58,11.58,11.58,11.58,11.58,11.58,11.58,11.58,11.58,11.58,11.58,11.58,11.58,11.58,11.58,0,0,0,0,0,0,0,0,0,0,0,0,0,0,0,0,0,0,0,0,0,0,0,0,0,0,0,0,0,0,0,0,0,0,0,0,0,0,0,0,0,0,0,0,0,0,0],
[0,0,0,0,0,0,0,0,0,0,0,0,0,0,0,0,0,0,0,0,0,0,0,0,0,0,0,0,0,0,11.58,11.58,11.58,11.58,11.58,11.58,11.58,11.58,11.58,11.58,11.58,11.58,11.58,11.58,11.58,11.58,11.58,11.58,0,0,0,0,0,0,0,0,0,0,0,0,0,0,0,11.58,11.58,11.58,11.58,11.58,11.58,11.58,11.58,11.58,11.58,11.58,11.58,11.58,11.58,11.58,11.58,11.58,11.58,11.58,0,0,0,0,0,0,0,0,0,0,0,0,0,0,0,0,0,0,0,0,0,0,0,0,0,0,0,0,0,0,0,0,0,0,0,0,0,0,0,0,0,0,0,0,0,0,0,0],
[0,0,0,0,0,0,0,0,0,0,0,0,0,0,0,0,0,0,0,0,0,0,0,0,0,0,0,0,0,11.58,11.58,11.58,11.58,11.58,11.58,11.58,11.58,11.58,11.58,11.58,11.58,11.58,11.58,11.58,11.58,11.58,11.58,11.58,0,0,0,0,0,0,0,0,0,0,0,0,0,0,0,11.58,11.58,11.58,11.58,11.58,11.58,11.58,11.58,11.58,11.58,11.58,11.58,11.58,11.58,11.58,11.58,11.58,11.58,11.58,0,0,0,0,0,0,0,0,0,0,0,0,0,0,0,0,0,0,0,0,0,0,0,0,0,0,0,0,0,0,0,0,0,0,0,0,0,0,0,0,0,0,0,0,0,0,0,0],
[0,0,0,0,0,0,0,0,0,0,0,0,0,0,0,0,0,0,0,0,0,0,0,0,0,0,0,0,0,11.58,11.58,11.58,11.58,11.58,11.58,11.58,11.58,11.58,11.58,11.58,11.58,11.58,11.58,11.58,11.58,11.58,11.58,11.58,0,0,0,0,0,0,0,0,0,0,0,0,0,0,0,11.58,11.58,11.58,11.58,11.58,11.58,11.58,11.58,11.58,11.58,11.58,11.58,11.58,11.58,11.58,11.58,11.58,11.58,11.58,0,0,0,0,0,0,0,0,0,0,0,0,0,0,0,0,0,0,0,0,0,0,0,0,0,0,0,0,0,0,0,0,0,0,0,0,0,0,0,0,0,0,0,0,0,0,0,0],
[0,0,0,0,0,0,0,0,0,0,0,0,0,0,0,0,0,0,0,0,0,0,0,0,0,0,0,0,11.58,11.58,11.58,11.58,11.58,11.58,11.58,11.58,11.58,11.58,11.58,11.58,11.58,11.58,11.58,11.58,11.58,11.58,11.58,11.58,0,0,0,0,0,0,0,0,0,0,0,0,0,0,11.58,11.58,11.58,11.58,11.58,11.58,11.58,11.58,11.58,11.58,11.58,11.58,11.58,11.58,11.58,11.58,11.58,11.58,11.58,0,0,0,0,0,0,0,0,0,0,0,0,0,0,0,0,0,0,0,0,0,0,0,0,0,0,0,0,0,0,0,0,0,0,0,0,0,0,0,0,0,0,0,0,0,0,0,0,0],
[0,0,0,0,0,0,0,0,0,0,0,0,0,0,0,0,0,0,0,0,0,0,0,0,0,0,0,0,11.58,11.58,11.58,11.58,11.58,11.58,11.58,11.58,11.58,11.58,11.58,11.58,11.58,11.58,11.58,11.58,11.58,11.58,11.58,11.58,0,0,0,0,0,0,0,0,0,0,0,0,0,0,11.58,11.58,11.58,11.58,11.58,11.58,11.58,11.58,11.58,11.58,11.58,11.58,11.58,11.58,11.58,11.58,11.58,11.58,11.58,0,0,0,0,0,0,0,0,0,0,0,0,0,0,0,0,0,0,0,0,0,0,0,0,0,0,0,0,0,0,0,0,0,0,0,0,0,0,0,0,0,0,0,0,0,0,0,0,0],
[0,0,0,0,0,0,0,0,0,0,0,0,0,0,0,0,0,0,0,0,0,0,0,0,0,0,0,0,11.58,11.58,11.58,11.58,11.58,11.58,11.58,11.58,11.58,11.58,11.58,11.58,11.58,11.58,11.58,11.58,11.58,11.58,11.58,11.58,0,0,0,0,0,0,0,0,0,0,0,0,0,0,11.58,11.58,11.58,11.58,11.58,11.58,11.58,11.58,11.58,11.58,11.58,11.58,11.58,11.58,11.58,11.58,11.58,11.58,11.58,0,0,0,0,0,0,0,0,0,0,0,0,0,0,0,0,0,0,0,0,0,0,0,0,0,0,0,0,0,0,0,0,0,0,0,0,0,0,0,0,0,0,0,0,0,0,0,0,0],
[0,0,0,0,0,0,0,0,0,0,0,0,0,0,0,0,0,0,0,0,0,0,0,0,0,0,0,0,11.58,11.58,11.58,11.58,11.58,11.58,11.58,11.58,11.58,11.58,11.58,11.58,11.58,11.58,11.58,11.58,11.58,11.58,0,0,0,0,0,0,0,0,0,0,0,0,0,0,0,0,11.58,11.58,11.58,11.58,11.58,11.58,11.58,11.58,11.58,11.58,11.58,11.58,11.58,11.58,11.58,11.58,11.58,11.58,11.58,0,0,0,0,0,0,0,0,0,0,0,0,0,0,0,0,0,0,0,0,0,0,0,0,0,0,0,0,0,0,0,0,0,0,0,0,0,0,0,0,0,0,0,0,0,0,0,0,0],
[0,0,0,0,0,0,0,0,0,0,0,0,0,0,0,0,0,0,0,0,0,0,0,0,0,0,0,0,11.58,11.58,11.58,11.58,11.58,11.58,11.58,11.58,11.58,11.58,11.58,11.58,11.58,11.58,11.58,11.58,11.58,11.58,0,0,0,0,0,0,0,0,0,0,0,0,0,0,0,0,0,11.58,11.58,11.58,11.58,11.58,11.58,11.58,11.58,11.58,11.58,11.58,11.58,11.58,11.58,11.58,11.58,11.58,11.58,0,0,0,0,0,0,0,0,0,0,0,0,0,0,0,0,0,0,0,0,0,0,0,0,0,0,0,0,0,0,0,0,0,0,0,0,0,0,0,0,0,0,0,0,0,0,0,0,0],
[0,0,0,0,0,0,0,0,0,0,0,0,0,0,0,0,0,0,0,0,0,0,0,0,0,0,0,0,11.58,11.58,11.58,11.58,11.58,11.58,11.58,11.58,11.58,11.58,11.58,11.58,11.58,11.58,11.58,11.58,11.58,11.58,0,0,0,0,0,0,0,0,0,0,0,0,0,0,0,0,0,0,11.58,11.58,11.58,11.58,11.58,11.58,11.58,11.58,11.58,11.58,11.58,11.58,11.58,11.58,11.58,11.58,0,0,0,0,0,0,0,0,0,0,0,0,0,0,0,0,0,0,0,0,0,0,0,0,0,0,0,0,0,0,0,0,0,0,0,0,0,0,0,0,0,0,0,0,0,0,0,0,0,0],
[0,0,0,0,0,0,0,0,0,0,0,0,0,0,0,0,0,0,0,0,0,0,0,0,0,0,0,0,11.58,11.58,11.58,11.58,11.58,11.58,11.58,11.58,11.58,11.58,11.58,11.58,11.58,11.58,11.58,11.58,11.58,11.58,0,0,0,0,0,0,0,0,0,0,0,0,0,0,0,0,0,0,11.58,11.58,11.58,11.58,11.58,11.58,11.58,11.58,11.58,11.58,11.58,11.58,11.58,11.58,11.58,11.58,0,0,0,0,0,0,0,0,0,0,0,0,0,0,0,0,0,0,0,0,0,0,0,0,0,0,0,0,0,0,0,0,0,0,0,0,0,0,0,0,0,0,0,0,0,0,0,0,0,0],
[0,0,0,0,0,0,0,0,0,0,0,0,0,0,0,0,0,0,0,0,0,0,0,0,0,0,0,0,11.58,11.58,11.58,11.58,11.58,11.58,11.58,11.58,11.58,11.58,11.58,11.58,11.58,11.58,11.58,11.58,11.58,11.58,0,0,0,0,0,0,0,0,0,0,0,0,0,0,0,0,0,0,0,11.58,11.58,11.58,11.58,11.58,11.58,11.58,11.58,11.58,11.58,11.58,11.58,11.58,11.58,11.58,0,0,0,0,0,0,0,0,0,0,0,0,0,0,0,0,0,0,0,0,0,0,0,0,0,0,0,0,0,0,0,0,0,0,0,0,0,0,0,0,0,0,0,0,0,0,0,0,0,0],
[0,0,0,0,0,0,0,0,0,0,0,0,0,0,0,0,0,0,0,0,0,0,0,0,0,0,0,11.58,11.58,11.58,11.58,11.58,11.58,11.58,11.58,11.58,11.58,11.58,11.58,11.58,11.58,11.58,11.58,11.58,11.58,0,0,0,0,0,0,0,0,0,0,0,0,0,0,0,0,0,0,0,0,11.58,0,0,0,11.58,11.58,11.58,11.58,11.58,11.58,11.58,11.58,11.58,0,0,0,0,0,0,0,0,0,0,0,0,0,0,0,0,0,0,0,0,0,0,0,0,0,0,0,0,0,0,0,0,0,0,0,0,0,0,0,0,0,0,0,0,0,0,0,0,0,0,0,0],
[0,0,0,0,0,0,0,0,0,0,0,0,0,0,0,0,0,0,0,0,0,0,0,0,0,0,0,0,11.58,11.58,11.58,11.58,11.58,11.58,11.58,11.58,11.58,11.58,11.58,11.58,11.58,11.58,11.58,11.58,0,0,0,0,0,0,0,0,0,0,0,0,0,0,0,0,0,0,0,0,0,0,0,0,0,0,11.58,11.58,11.58,11.58,11.58,11.58,11.58,0,0,0,0,0,0,0,0,0,0,0,0,0,0,0,0,0,0,0,0,0,0,0,0,0,0,0,0,0,0,0,0,0,0,0,0,0,0,0,0,0,0,0,0,0,0,0,0,0,0,0,0,0],
[0,0,0,0,0,0,0,0,0,0,0,0,0,0,0,0,0,0,0,0,0,0,0,0,0,0,0,0,11.58,11.58,11.58,11.58,11.58,11.58,11.58,11.58,11.58,11.58,11.58,11.58,11.58,11.58,11.58,11.58,0,0,0,0,0,0,0,0,0,0,0,0,0,0,0,0,0,0,0,0,0,0,0,0,0,0,11.58,11.58,11.58,11.58,11.58,11.58,11.58,0,0,0,0,0,0,0,0,0,0,0,0,0,0,0,0,0,0,0,0,0,0,0,0,0,0,0,0,0,0,0,0,0,0,0,0,0,0,0,0,0,0,0,0,0,0,0,0,0,0,0,0,0],
[0,0,0,0,0,0,0,0,0,0,0,0,0,0,0,0,0,0,0,0,0,0,0,0,0,0,0,0,0,11.58,11.58,11.58,11.58,11.58,11.58,11.58,11.58,11.58,11.58,11.58,11.58,11.58,11.58,11.58,0,0,0,0,0,0,0,0,0,0,0,0,0,0,0,0,0,0,0,0,0,0,0,0,0,0,0,0,11.58,11.58,11.58,11.58,11.58,0,0,0,0,0,0,0,0,0,0,0,0,0,0,0,0,0,0,0,0,0,0,0,0,0,0,0,0,0,0,0,0,0,0,0,0,0,0,0,0,0,0,0,0,0,0,0,0,0,0,0,0,0],
[0,0,0,0,0,0,0,0,0,0,0,0,0,0,0,0,0,0,0,0,0,0,0,0,0,0,0,0,0,11.58,11.58,11.58,11.58,11.58,11.58,11.58,11.58,11.58,11.58,11.58,11.58,11.58,11.58,11.58,0,0,0,0,0,0,0,0,0,0,0,0,0,0,0,0,0,0,0,0,0,0,0,0,0,0,0,0,11.58,11.58,11.58,11.58,11.58,0,0,0,0,0,0,0,0,0,0,0,0,0,0,0,0,0,0,0,0,0,0,0,0,0,0,0,0,0,0,0,0,0,0,0,0,0,0,0,0,0,0,0,0,0,0,0,0,0,0,0,0,0],
[0,0,0,0,0,0,0,0,0,0,0,0,0,0,0,0,0,0,0,0,0,0,0,0,0,0,0,0,0,0,11.58,11.58,11.58,11.58,11.58,11.58,11.58,11.58,11.58,11.58,11.58,11.58,11.58,11.58,11.58,0,0,0,0,0,0,0,0,0,0,0,0,0,0,0,0,0,0,0,0,0,0,0,0,0,0,0,11.58,11.58,11.58,11.58,11.58,11.58,0,0,0,0,0,0,0,0,0,0,0,0,0,0,0,0,0,0,0,0,0,0,0,0,0,0,0,0,0,0,0,0,0,0,0,0,0,0,0,0,0,0,0,0,0,0,0,0,0,0,0,0],
[0,0,0,0,0,0,0,0,0,0,0,0,0,0,0,0,0,0,0,0,0,0,0,0,0,0,0,0,0,0,11.58,11.58,11.58,11.58,11.58,11.58,11.58,11.58,11.58,11.58,11.58,11.58,11.58,11.58,11.58,11.58,11.58,0,0,0,0,0,0,0,0,0,0,0,0,0,0,0,0,0,0,0,0,0,0,0,0,0,0,11.58,11.58,11.58,0,0,0,0,0,0,0,0,0,0,0,0,0,0,0,0,0,0,0,0,0,0,0,0,0,0,0,0,0,0,0,0,0,0,0,0,0,0,0,0,0,0,0,0,0,0,0,0,0,0,0,0,0,0],
[0,0,0,0,0,0,0,0,0,0,0,0,0,0,0,0,0,0,0,0,0,0,0,0,0,0,0,0,0,0,0,0,11.58,11.58,11.58,11.58,11.58,11.58,11.58,11.58,11.58,11.58,11.58,11.58,11.58,11.58,11.58,11.58,0,0,0,0,0,0,0,0,0,0,0,0,0,0,0,0,0,0,0,0,0,0,0,0,0,0,0,0,0,0,0,0,0,0,0,0,0,0,0,0,0,0,0,0,0,0,0,0,0,0,0,0,0,0,0,0,0,0,0,0,0,0,0,0,0,0,0,0,0,0,0,0,0,0,0,0,0,0,0,0,0,0],
[0,0,0,0,0,0,0,0,0,0,0,0,0,0,0,0,0,0,0,0,0,0,0,0,0,0,0,0,0,0,0,0,0,0,11.58,11.58,11.58,11.58,0,11.58,11.58,11.58,11.58,11.58,11.58,11.58,11.58,11.58,0,0,0,0,0,0,0,0,0,0,0,0,0,0,0,0,0,0,0,0,0,0,0,0,0,0,0,0,0,0,0,0,0,0,0,0,0,0,0,0,0,0,0,0,0,0,0,0,0,0,0,0,0,0,0,0,0,0,0,0,0,0,0,0,0,0,0,0,0,0,0,0,0,0,0,0,0,0,0,0,0,0],
[0,0,0,0,0,0,0,0,0,0,0,0,0,0,0,0,0,0,0,0,0,0,0,0,0,0,0,0,0,0,0,0,0,0,0,11.58,0,0,0,0,0,0,11.58,11.58,11.58,11.58,11.58,11.58,0,0,0,0,0,0,0,0,0,0,0,0,0,0,0,0,0,0,0,0,0,0,0,0,0,0,0,0,0,0,0,0,0,0,0,0,0,0,0,0,0,0,0,0,0,0,0,0,0,0,0,0,0,0,0,0,0,0,0,0,0,0,0,0,0,0,0,0,0,0,0,0,0,0,0,0,0,0,0,0,0,0],
[0,0,0,0,0,0,0,0,0,0,0,0,0,0,0,0,0,0,0,0,0,0,0,0,0,0,0,0,0,0,0,0,0,0,0,0,0,0,0,0,0,0,0,11.58,11.58,11.58,11.58,0,0,0,0,0,0,0,0,0,0,0,0,0,0,0,0,0,0,0,0,0,0,0,0,0,0,0,0,0,0,0,0,0,0,0,0,0,0,0,0,0,0,0,0,0,0,0,0,0,0,0,0,0,0,0,0,0,0,0,0,0,0,0,0,0,0,0,0,0,0,0,0,0,0,0,0,0,0,0,0,0,0,0],
[0,0,0,0,0,0,0,0,0,0,0,0,0,0,0,0,0,0,0,0,0,0,0,0,0,0,0,0,0,0,0,0,0,0,0,0,0,0,0,0,0,0,0,0,11.58,11.58,0,0,0,0,0,0,0,0,0,0,0,0,0,0,0,0,0,0,0,0,0,0,0,0,0,0,0,0,0,0,0,0,0,0,0,0,0,0,0,0,0,0,0,0,0,0,0,0,0,0,0,0,0,0,0,0,0,0,0,0,0,0,0,0,0,0,0,0,0,0,0,0,0,0,0,0,0,0,0,0,0,0,0,0],
[0,0,0,0,0,0,0,0,0,0,0,0,0,0,0,0,0,0,0,0,0,0,0,0,0,0,0,0,0,0,0,0,0,0,0,0,0,0,0,0,0,0,0,0,0,0,0,0,0,0,0,0,0,0,0,0,0,0,0,0,0,0,0,0,0,0,0,0,0,0,0,0,0,0,0,0,0,0,0,0,0,0,0,0,0,0,0,0,0,0,0,0,0,0,0,0,0,0,0,0,0,0,0,0,0,0,0,0,0,0,0,0,0,0,0,0,0,0,0,0,0,0,0,0,0,0,0,0,0,0]]